200 147 274
147 200 274
274 147 200
173 148 263
148 173 263
263 148 173
267 208 286
208 267 286
286 208 267
10 37 256
256 10 37
37 10 256
135 64 175
64 135 175
175 64 135
250 171 291
171 250 291
291 171 250
117 126 243
126 117 243
243 117 126
254 86 245
86 245 254
245 86 254
109 35 170
35 109 170
170 35 109
225 88 230
88 225 230
230 88 225
38 137 165
165 38 137
137 38 165
300 27 72
27 72 300
72 27 300
236 17 18
17 18 236
18 17 236
163 95 191
191 95 163
95 163 191
61 40 79
79 40 61
40 61 79
150 188 189
189 150 188
188 150 189
162 2 13
2 13 162
13 2 162
248 235 252
252 235 248
235 248 252
15 257 289
289 15 257
257 15 289
114 239 283
283 114 239
239 114 283
238 164 261
261 164 238
164 238 261
44 56 140
56 44 140
140 44 56
255 16 277
277 16 255
16 255 277
264 9 282
9 264 282
282 9 264
280 82 218
82 218 280
218 82 280
63 136 249
136 63 249
249 63 136
223 127 153
153 127 223
127 153 223
129 4 205
4 129 205
205 4 129
20 31 59
31 20 59
59 20 31
25 73 201
73 25 201
201 25 73
47 160 204
160 47 204
204 47 160
60 67 228
67 60 228
228 60 67
152 58 139
58 139 152
139 58 152
81 49 215
215 49 81
49 81 215
21 22 273
22 21 273
273 21 22
295 123 155
155 123 295
123 155 295
112 118 196
118 112 196
196 112 118
55 91 272
272 55 91
91 55 272
26 41 92
92 26 41
41 26 92
178 146 216
146 178 216
216 146 178
224 159 284
284 159 224
159 224 284
187 65 78
78 65 187
65 78 187
119 154 233
154 119 233
233 119 154
36 197 288
197 36 288
288 36 197
199 99 143
99 143 199
143 99 199
231 14 104
104 14 231
14 104 231
151 186 292
186 151 292
292 151 186
23 190 279
190 23 279
279 23 190
210 125 193
125 193 210
193 125 210
203 102 134
134 102 203
102 134 203
142 105 271
105 142 271
271 105 142
96 176 237
237 96 176
176 96 237
198 207 296
207 198 296
296 198 207
234 130 253
253 130 234
130 234 253
45 34 168
168 34 45
34 45 168
85 211 294
294 85 211
211 85 294
232 1 179
179 1 232
1 179 232
240 43 100
100 43 240
43 100 240
121 111 259
259 111 121
111 121 259
145 54 156
156 54 145
54 145 156
251 69 128
128 69 251
69 128 251
192 149 244
149 192 244
244 149 192
110 183 212
212 110 183
183 110 212
298 57 107
57 107 298
107 57 298
202 51 227
51 202 227
227 51 202
242 32 265
32 242 265
265 32 242
226 53 181
181 53 226
53 181 226
281 106 241
241 106 281
106 241 281
269 39 195
39 195 269
195 39 269
28 74 247
247 28 74
74 28 247
122 68 172
172 68 122
68 122 172
158 70 116
116 70 158
70 116 158
206 101 229
101 206 229
229 101 206
246 19 77
19 77 246
77 19 246
11 75 89
89 11 75
75 11 89
93 30 260
260 30 93
30 93 260
285 98 108
108 98 285
98 108 285
297 5 84
84 5 297
5 84 297
276 50 221
221 50 276
50 221 276
7 76 290
290 7 76
76 7 290
90 133 161
133 90 161
161 90 133
103 12 222
222 12 103
12 103 222
213 169 266
169 213 266
266 169 213
275 62 177
62 177 275
177 62 275
48 80 144
80 48 144
144 48 80
262 97 180
180 97 262
97 180 262
157 87 287
87 157 287
287 87 157
132 8 42
8 42 132
42 8 132
113 6 83
83 6 113
6 83 113
3 29 94
94 3 29
29 3 94
71 124 182
124 71 182
182 71 124
209 120 299
120 209 299
299 120 209
174 66 219
66 174 219
219 66 174
278 214 217
214 217 278
217 214 278
185 46 184
184 46 185
46 184 185
293 24 258
24 258 293
258 24 293
115 138 166
138 115 166
166 115 138
52 33 141
141 33 52
33 52 141
220 167 194
194 167 220
167 194 220
268 131 270
270 131 268
131 268 270
