209 72 290
290 72 209
72 209 290
104 4 161
161 4 104
4 104 161
246 30 66
66 30 246
30 66 246
47 87 193
87 47 193
193 47 87
154 64 120
120 64 154
64 120 154
7 50 239
50 7 239
239 7 50
172 90 174
90 172 174
174 90 172
121 75 100
100 75 121
75 100 121
298 96 264
264 96 298
96 264 298
229 33 89
33 89 229
89 33 229
162 78 270
270 78 162
78 162 270
206 19 52
19 52 206
52 19 206
212 146 294
146 212 294
294 146 212
20 49 201
49 20 201
201 20 49
24 194 210
194 24 210
210 24 194
205 261 272
272 205 261
261 205 272
60 118 168
168 60 118
118 60 168
157 214 267
267 157 214
214 157 267
99 22 299
299 22 99
22 99 299
109 73 186
186 73 109
73 109 186
131 160 230
160 131 230
230 131 160
204 14 68
68 14 204
14 68 204
63 15 231
15 63 231
231 15 63
41 116 132
116 41 132
132 41 116
255 150 220
150 220 255
220 150 255
85 21 279
21 85 279
279 21 85
71 95 117
117 71 95
95 71 117
175 165 289
165 175 289
289 165 175
166 182 292
292 166 182
182 166 292
281 180 257
257 180 281
180 257 281
158 203 251
203 158 251
251 158 203
31 129 181
129 31 181
181 31 129
16 35 163
35 16 163
163 16 35
127 268 300
300 127 268
268 127 300
125 12 216
216 12 125
12 125 216
114 61 295
61 114 295
295 61 114
43 145 169
145 43 169
169 43 145
76 221 233
233 76 221
221 76 233
276 133 141
141 133 276
133 141 276
198 58 159
58 159 198
159 58 198
269 92 134
134 92 269
92 134 269
122 196 226
196 122 226
226 122 196
101 126 183
183 101 126
126 101 183
36 149 191
149 36 191
191 36 149
83 44 215
215 44 83
44 83 215
142 152 223
223 142 152
152 142 223
37 111 287
287 37 111
111 37 287
128 136 235
235 128 136
136 128 235
232 144 153
144 153 232
153 144 232
218 91 213
91 213 218
213 91 218
288 25 67
25 67 288
67 25 288
253 119 293
119 253 293
293 119 253
55 8 10
10 8 55
8 10 55
207 34 140
34 140 207
140 34 207
263 190 225
225 190 263
190 225 263
137 135 242
242 135 137
135 137 242
98 237 282
282 98 237
237 98 282
138 82 184
184 82 138
82 138 184
275 234 262
262 234 275
234 262 275
3 1 164
164 1 3
1 3 164
177 6 40
6 40 177
40 6 177
297 243 260
260 243 297
243 260 297
283 106 222
106 222 283
222 106 283
258 151 284
284 151 258
151 258 284
179 241 247
247 179 241
241 179 247
102 81 185
185 81 102
81 102 185
84 187 296
296 84 187
187 84 296
93 108 219
108 93 219
219 93 108
18 27 248
27 18 248
248 18 27
11 105 123
105 11 123
123 11 105
178 197 199
199 178 197
197 178 199
211 80 208
208 80 211
80 208 211
189 65 217
217 65 189
65 189 217
173 53 277
277 53 173
53 173 277
250 115 285
115 250 285
285 115 250
224 26 88
26 88 224
88 26 224
167 46 244
46 167 244
244 46 167
139 42 170
170 42 139
42 139 170
112 45 143
45 112 143
143 45 112
57 17 202
202 17 57
17 57 202
200 59 195
195 59 200
59 195 200
266 124 254
254 124 266
124 254 266
278 32 48
32 48 278
48 32 278
54 259 265
265 54 259
259 54 265
245 29 273
273 29 245
29 245 273
94 130 256
256 94 130
130 94 256
274 62 86
86 62 274
62 86 274
227 9 69
69 9 227
9 69 227
39 228 291
291 39 228
228 39 291
252 38 79
79 38 252
38 79 252
5 70 103
103 5 70
70 5 103
271 13 280
280 13 271
13 271 280
110 155 192
155 110 192
192 110 155
77 2 236
236 2 77
2 77 236
107 51 148
148 51 107
51 107 148
238 28 156
28 156 238
156 28 238
113 23 176
23 113 176
176 23 113
188 97 249
97 188 249
249 97 188
74 56 286
286 56 74
56 74 286
240 147 171
147 171 240
171 147 240
