25156 20971 21340
21340 20971 25156
20971 21340 25156
23708 27412 28294
27412 23708 28294
28294 23708 27412
19672 2695 16676
16676 2695 19672
2695 16676 19672
23092 7819 12059
7819 12059 23092
12059 7819 23092
21246 18797 25126
18797 21246 25126
25126 18797 21246
16069 3068 3682
3068 3682 16069
3682 3068 16069
7075 8607 20106
20106 7075 8607
8607 7075 20106
29500 23005 27344
27344 23005 29500
23005 27344 29500
9198 2969 20770
20770 2969 9198
2969 9198 20770
17485 6614 19495
6614 17485 19495
19495 6614 17485
8332 1038 13568
1038 8332 13568
13568 1038 8332
22555 19012 23224
23224 19012 22555
19012 22555 23224
21713 8473 28698
8473 21713 28698
28698 8473 21713
14028 1364 13982
1364 13982 14028
13982 1364 14028
24281 7257 7703
7257 7703 24281
7703 7257 24281
17433 24343 29158
24343 17433 29158
29158 17433 24343
11978 7448 21549
7448 11978 21549
21549 7448 11978
780 16534 19740
19740 780 16534
16534 780 19740
14929 10214 24607
24607 10214 14929
10214 14929 24607
4612 24552 29003
24552 4612 29003
29003 4612 24552
28062 6666 19466
6666 19466 28062
19466 6666 28062
11961 18215 26687
26687 11961 18215
18215 11961 26687
25052 5441 11207
11207 5441 25052
5441 11207 25052
15446 6718 27061
6718 15446 27061
27061 6718 15446
15628 711 7932
7932 711 15628
711 7932 15628
4188 240 5761
5761 240 4188
240 4188 5761
16117 173 3025
173 3025 16117
3025 173 16117
9650 2529 8658
8658 2529 9650
2529 8658 9650
25275 6397 15878
6397 15878 25275
15878 6397 25275
4375 121 10766
121 4375 10766
10766 121 4375
7724 19753 25568
19753 7724 25568
25568 7724 19753
16648 6307 14062
6307 14062 16648
14062 6307 16648
3211 2806 14845
14845 2806 3211
2806 3211 14845
27369 798 22786
22786 798 27369
798 22786 27369
1854 16226 19950
19950 1854 16226
16226 1854 19950
364 13396 17221
13396 364 17221
17221 364 13396
12996 11026 19007
19007 11026 12996
11026 12996 19007
3199 11474 22656
22656 3199 11474
11474 3199 22656
2425 2533 17163
17163 2425 2533
2533 2425 17163
7265 3259 29806
29806 3259 7265
3259 7265 29806
9665 16955 22146
22146 9665 16955
16955 9665 22146
19276 23856 24568
24568 19276 23856
23856 19276 24568
24567 5732 9217
5732 9217 24567
9217 5732 24567
12462 2263 20025
2263 12462 20025
20025 2263 12462
25355 13628 28416
13628 25355 28416
28416 13628 25355
12974 17301 27041
17301 12974 27041
27041 12974 17301
2712 2914 16921
16921 2712 2914
2914 2712 16921
8329 18119 19798
19798 8329 18119
18119 8329 19798
15487 848 14748
14748 848 15487
848 14748 15487
21894 10088 12509
10088 12509 21894
12509 10088 21894
2010 20381 26328
20381 2010 26328
26328 2010 20381
929 8951 16208
16208 929 8951
8951 929 16208
22560 8460 21705
8460 21705 22560
21705 8460 22560
21349 15809 16605
15809 16605 21349
16605 15809 21349
7569 11834 19517
11834 7569 19517
19517 7569 11834
28616 10941 18989
10941 18989 28616
18989 10941 28616
29448 7899 26313
26313 7899 29448
7899 26313 29448
26073 16039 23832
16039 23832 26073
23832 16039 26073
20715 9297 22844
9297 20715 22844
22844 9297 20715
21297 876 17438
17438 876 21297
876 17438 21297
7658 14179 17360
17360 7658 14179
14179 7658 17360
20919 16108 25089
25089 16108 20919
16108 20919 25089
21674 6843 14193
14193 6843 21674
6843 14193 21674
12332 8774 12253
12253 8774 12332
8774 12253 12332
15949 2230 29496
29496 2230 15949
2230 15949 29496
27072 8544 9086
9086 8544 27072
8544 9086 27072
19081 17251 29870
29870 17251 19081
17251 19081 29870
12682 26683 26956
26956 12682 26683
26683 12682 26956
20533 17841 20585
17841 20533 20585
20585 17841 20533
24686 12038 12840
12038 12840 24686
12840 12038 24686
15565 9768 11768
11768 9768 15565
9768 11768 15565
16153 5041 9331
9331 5041 16153
5041 9331 16153
8424 2029 27406
27406 2029 8424
2029 8424 27406
28563 11866 26281
26281 11866 28563
11866 26281 28563
8722 20129 28451
28451 8722 20129
20129 8722 28451
9133 3301 13952
3301 9133 13952
13952 3301 9133
22279 6959 29306
6959 22279 29306
29306 6959 22279
26475 11229 28969
28969 11229 26475
11229 26475 28969
404 10995 14644
10995 404 14644
14644 404 10995
22980 1655 15173
15173 1655 22980
1655 15173 22980
7929 13623 23211
13623 7929 23211
23211 7929 13623
17474 6913 18216
6913 17474 18216
18216 6913 17474
11475 2721 11329
2721 11329 11475
11329 2721 11475
21097 16165 17601
16165 17601 21097
17601 16165 21097
31 7537 10268
10268 31 7537
7537 31 10268
26978 19072 23260
23260 19072 26978
19072 23260 26978
2016 4249 7359
7359 2016 4249
4249 2016 7359
23714 20302 23502
20302 23502 23714
23502 20302 23714
2182 4082 5568
4082 2182 5568
5568 2182 4082
3255 5565 26418
26418 3255 5565
5565 3255 26418
19478 14239 24959
14239 19478 24959
24959 14239 19478
13414 6018 10103
6018 10103 13414
10103 6018 13414
27020 670 5755
670 5755 27020
5755 670 27020
1843 2926 15121
15121 1843 2926
2926 1843 15121
3539 10951 13016
13016 3539 10951
10951 3539 13016
22447 2991 9747
2991 9747 22447
9747 2991 22447
13631 18938 24011
24011 13631 18938
18938 13631 24011
1934 2428 12822
12822 1934 2428
2428 1934 12822
18222 1208 3928
3928 1208 18222
1208 3928 18222
4948 8922 23749
8922 4948 23749
23749 4948 8922
1073 8458 18268
8458 1073 18268
18268 1073 8458
6676 9512 12745
12745 6676 9512
9512 6676 12745
10638 4919 7469
4919 7469 10638
7469 4919 10638
11213 15195 22528
22528 11213 15195
15195 11213 22528
29056 7942 23290
23290 7942 29056
7942 23290 29056
16254 6363 21307
21307 6363 16254
6363 16254 21307
9381 8831 14464
14464 8831 9381
8831 9381 14464
16515 14832 22894
22894 14832 16515
14832 16515 22894
1724 9158 17699
17699 1724 9158
9158 1724 17699
15456 3581 28942
28942 3581 15456
3581 15456 28942
24766 13445 27313
27313 13445 24766
13445 24766 27313
11750 7473 12899
7473 11750 12899
12899 7473 11750
23809 10063 28902
28902 10063 23809
10063 23809 28902
15953 4413 14151
14151 4413 15953
4413 14151 15953
22118 5784 10615
10615 5784 22118
5784 10615 22118
24826 6083 12215
12215 6083 24826
6083 12215 24826
15369 9925 21544
9925 15369 21544
21544 9925 15369
550 3634 21638
21638 550 3634
3634 550 21638
27736 2245 24625
24625 2245 27736
2245 24625 27736
25265 10110 25372
25372 10110 25265
10110 25265 25372
3646 2463 9612
9612 2463 3646
2463 3646 9612
4783 3456 28387
3456 4783 28387
28387 3456 4783
8253 8037 23890
23890 8037 8253
8037 8253 23890
15528 3601 24620
3601 15528 24620
24620 3601 15528
28101 1875 8702
8702 1875 28101
1875 8702 28101
24669 16853 20045
20045 16853 24669
16853 20045 24669
4697 21785 23773
23773 4697 21785
21785 4697 23773
7895 18400 27390
18400 7895 27390
27390 7895 18400
27807 4278 20149
20149 4278 27807
4278 20149 27807
2308 93 28997
93 2308 28997
28997 93 2308
2753 1170 27307
27307 1170 2753
1170 2753 27307
27218 148 6801
148 6801 27218
6801 148 27218
15445 10614 28614
10614 15445 28614
28614 10614 15445
8045 16284 18156
18156 8045 16284
16284 8045 18156
20058 5928 12350
5928 12350 20058
12350 5928 20058
11519 12472 18221
12472 11519 18221
18221 11519 12472
15481 8987 25472
8987 15481 25472
25472 8987 15481
11456 6982 25373
25373 6982 11456
6982 11456 25373
12838 9193 22489
22489 9193 12838
9193 12838 22489
1992 867 20959
867 1992 20959
20959 867 1992
2472 17386 22797
22797 2472 17386
17386 2472 22797
735 19918 20227
20227 735 19918
19918 735 20227
18674 6029 23656
23656 6029 18674
6029 18674 23656
19881 1937 16880
16880 1937 19881
1937 16880 19881
5421 3291 22490
22490 3291 5421
3291 5421 22490
22716 7906 29789
7906 22716 29789
29789 7906 22716
22330 7152 22620
7152 22330 22620
22620 7152 22330
14676 15419 19801
19801 14676 15419
15419 14676 19801
12489 12742 26396
26396 12489 12742
12742 12489 26396
6338 17934 27645
17934 6338 27645
27645 6338 17934
1233 5320 28396
5320 1233 28396
28396 1233 5320
18766 6506 26833
26833 6506 18766
6506 18766 26833
14015 16554 27019
27019 14015 16554
16554 14015 27019
5130 9211 14692
14692 5130 9211
9211 5130 14692
1272 19558 19685
19685 1272 19558
19558 1272 19685
18349 9830 15741
15741 9830 18349
9830 15741 18349
24411 3027 12333
3027 12333 24411
12333 3027 24411
27585 12551 18021
18021 12551 27585
12551 18021 27585
33 6564 25885
25885 33 6564
6564 33 25885
16734 5607 5988
5607 5988 16734
5988 5607 16734
28137 23725 29905
23725 28137 29905
29905 23725 28137
3647 5037 12187
5037 3647 12187
12187 3647 5037
3840 10659 19759
10659 3840 19759
19759 3840 10659
5073 17317 18060
17317 5073 18060
18060 5073 17317
16895 5972 11371
11371 5972 16895
5972 11371 16895
20401 4894 15221
15221 4894 20401
4894 15221 20401
4881 4498 15031
4498 4881 15031
15031 4498 4881
25730 7087 15599
15599 7087 25730
7087 15599 25730
25377 24368 28946
28946 24368 25377
24368 25377 28946
253 24996 25755
25755 253 24996
24996 253 25755
9117 9519 22774
22774 9117 9519
9519 9117 22774
8201 1951 5863
5863 1951 8201
1951 5863 8201
10666 13328 14649
14649 10666 13328
13328 10666 14649
16159 1616 19209
19209 1616 16159
1616 16159 19209
14418 8156 10023
8156 10023 14418
10023 8156 14418
21299 4532 18457
18457 4532 21299
4532 18457 21299
27192 17455 27085
27085 17455 27192
17455 27085 27192
18394 677 4488
677 4488 18394
4488 677 18394
18002 21007 29360
21007 18002 29360
29360 18002 21007
4538 21737 25603
25603 4538 21737
21737 4538 25603
26373 5214 24859
24859 5214 26373
5214 24859 26373
15069 19338 22759
19338 15069 22759
22759 15069 19338
16936 274 27310
274 16936 27310
27310 274 16936
1801 3837 14396
3837 1801 14396
14396 1801 3837
7952 3216 27131
3216 7952 27131
27131 3216 7952
17571 4606 28666
4606 17571 28666
28666 4606 17571
18256 5982 28265
5982 18256 28265
28265 5982 18256
28477 17336 28115
17336 28115 28477
28115 17336 28477
19609 765 25345
25345 765 19609
765 19609 25345
16640 5033 17294
5033 16640 17294
17294 5033 16640
8174 12303 26380
12303 8174 26380
26380 8174 12303
21367 1145 7678
1145 7678 21367
7678 1145 21367
11774 13455 25853
13455 11774 25853
25853 11774 13455
29629 6269 23731
23731 6269 29629
6269 23731 29629
3196 8438 21703
8438 3196 21703
21703 3196 8438
1243 21817 24727
21817 1243 24727
24727 1243 21817
498 8963 28308
28308 498 8963
8963 498 28308
1189 5291 27015
27015 1189 5291
5291 1189 27015
26121 2417 11302
2417 11302 26121
11302 2417 26121
14933 16766 16975
16766 14933 16975
16975 14933 16766
24096 6696 8430
6696 8430 24096
8430 6696 24096
20749 17978 23302
17978 20749 23302
23302 17978 20749
8862 8600 18890
18890 8600 8862
8600 8862 18890
13738 16851 25131
25131 13738 16851
16851 13738 25131
19721 4935 13999
4935 13999 19721
13999 4935 19721
5593 11807 18496
11807 5593 18496
18496 5593 11807
3563 18878 29331
18878 3563 29331
29331 3563 18878
18310 11028 22381
11028 18310 22381
22381 11028 18310
8870 21072 25806
25806 8870 21072
21072 8870 25806
11365 6964 21100
6964 11365 21100
21100 6964 11365
12606 18618 22622
18618 12606 22622
22622 12606 18618
29721 1831 25573
25573 1831 29721
1831 25573 29721
5748 13794 27581
13794 5748 27581
27581 5748 13794
8136 13575 25680
13575 8136 25680
25680 8136 13575
27204 10716 11843
10716 11843 27204
11843 10716 27204
18883 14963 17523
14963 17523 18883
17523 14963 18883
11633 3210 18263
18263 3210 11633
3210 11633 18263
18597 17407 25512
25512 17407 18597
17407 18597 25512
13436 15077 26856
26856 13436 15077
15077 13436 26856
4782 5044 19550
19550 4782 5044
5044 4782 19550
19026 22438 26751
26751 19026 22438
22438 19026 26751
4903 7815 24363
7815 4903 24363
24363 4903 7815
6131 11753 15055
11753 6131 15055
15055 6131 11753
10990 13121 19251
19251 10990 13121
13121 10990 19251
21152 11868 19824
19824 11868 21152
11868 19824 21152
9469 7803 23649
23649 7803 9469
7803 9469 23649
19589 2813 20623
2813 19589 20623
20623 2813 19589
5839 6358 25047
6358 5839 25047
25047 5839 6358
15048 8887 19869
8887 15048 19869
19869 8887 15048
23712 12933 27664
12933 23712 27664
27664 12933 23712
297 12932 18273
12932 297 18273
18273 297 12932
23702 11175 22682
11175 22682 23702
22682 11175 23702
23822 23359 28264
23359 23822 28264
28264 23359 23822
12021 14688 29408
14688 12021 29408
29408 12021 14688
26202 15743 28863
28863 15743 26202
15743 26202 28863
1553 6629 18918
18918 1553 6629
6629 1553 18918
14098 14630 23223
23223 14098 14630
14630 14098 23223
23877 12848 22854
22854 12848 23877
12848 22854 23877
484 4721 24161
4721 484 24161
24161 484 4721
435 4010 21002
21002 435 4010
4010 435 21002
21566 13250 29195
13250 21566 29195
29195 13250 21566
21558 7601 24981
7601 21558 24981
24981 7601 21558
16072 6536 20834
6536 16072 20834
20834 6536 16072
3267 5719 20143
20143 3267 5719
5719 3267 20143
28652 11066 18379
18379 11066 28652
11066 18379 28652
19711 20604 29353
29353 19711 20604
20604 19711 29353
4 4923 5733
4923 4 5733
5733 4 4923
7353 10620 25772
25772 7353 10620
10620 7353 25772
23793 13814 22413
22413 13814 23793
13814 22413 23793
26731 16784 17298
16784 17298 26731
17298 16784 26731
21375 12891 26384
26384 12891 21375
12891 21375 26384
11599 360 19199
19199 360 11599
360 11599 19199
4451 9655 12521
12521 4451 9655
9655 4451 12521
17465 11283 11966
11966 11283 17465
11283 11966 17465
16538 3328 20326
20326 3328 16538
3328 16538 20326
15820 19841 28771
28771 15820 19841
19841 15820 28771
4207 10935 26744
26744 4207 10935
10935 4207 26744
20020 3213 14815
3213 14815 20020
14815 3213 20020
14844 16829 23667
16829 14844 23667
23667 14844 16829
635 6962 10845
6962 635 10845
10845 635 6962
29685 6705 23247
23247 6705 29685
6705 23247 29685
26882 4400 27167
4400 26882 27167
27167 4400 26882
24488 2830 25194
25194 2830 24488
2830 24488 25194
12877 6637 29937
6637 12877 29937
29937 6637 12877
1041 18365 27690
27690 1041 18365
18365 1041 27690
15760 9464 10353
9464 10353 15760
10353 9464 15760
11007 25001 25426
25001 11007 25426
25426 11007 25001
27193 5490 29222
5490 27193 29222
29222 5490 27193
6412 23014 26330
26330 6412 23014
23014 6412 26330
28775 4968 14711
14711 4968 28775
4968 14711 28775
22398 24597 25590
25590 22398 24597
24597 22398 25590
19219 17371 29377
29377 17371 19219
17371 19219 29377
10112 16376 28409
16376 10112 28409
28409 10112 16376
21046 7688 21001
21001 7688 21046
7688 21001 21046
6428 22109 22874
22109 6428 22874
22874 6428 22109
10940 8442 9327
9327 8442 10940
8442 9327 10940
6178 13491 17848
17848 6178 13491
13491 6178 17848
19803 16760 24535
24535 16760 19803
16760 19803 24535
1287 10322 26144
26144 1287 10322
10322 1287 26144
11308 2985 10893
10893 2985 11308
2985 10893 11308
16706 17086 28388
28388 16706 17086
17086 16706 28388
27817 4328 8225
8225 4328 27817
4328 8225 27817
23206 7735 13708
13708 7735 23206
7735 13708 23206
101 136 7254
7254 101 136
136 101 7254
9149 1960 3975
3975 1960 9149
1960 3975 9149
22640 993 13886
13886 993 22640
993 13886 22640
16839 22351 24320
22351 16839 24320
24320 16839 22351
18106 16826 18982
18982 16826 18106
16826 18106 18982
24322 1532 3499
1532 3499 24322
3499 1532 24322
2104 6991 16162
16162 2104 6991
6991 2104 16162
2064 25611 26333
26333 2064 25611
25611 2064 26333
24828 13586 27354
13586 24828 27354
27354 13586 24828
9892 3215 17887
3215 9892 17887
17887 3215 9892
2583 460 11561
11561 460 2583
460 2583 11561
17034 5167 15771
15771 5167 17034
5167 15771 17034
29047 169 18710
169 18710 29047
18710 169 29047
16740 7238 27655
27655 7238 16740
7238 16740 27655
23660 16724 20137
16724 20137 23660
20137 16724 23660
11082 4221 28995
28995 4221 11082
4221 11082 28995
7552 16951 19695
16951 7552 19695
19695 7552 16951
27213 891 8610
8610 891 27213
891 8610 27213
26534 16465 21793
21793 16465 26534
16465 21793 26534
21165 623 5031
623 5031 21165
5031 623 21165
20805 5990 8591
5990 8591 20805
8591 5990 20805
4215 14170 28752
28752 4215 14170
14170 4215 28752
682 18817 29333
29333 682 18817
18817 682 29333
78 19678 23662
19678 78 23662
23662 78 19678
13740 6161 8994
6161 8994 13740
8994 6161 13740
19526 8865 23763
23763 8865 19526
8865 19526 23763
27120 17128 25228
25228 17128 27120
17128 25228 27120
16443 14243 27999
14243 16443 27999
27999 14243 16443
5276 9944 14658
9944 5276 14658
14658 5276 9944
12863 3916 24833
3916 12863 24833
24833 3916 12863
4238 20481 20589
20481 4238 20589
20589 4238 20481
8728 1495 8536
8536 1495 8728
1495 8536 8728
1142 2925 16894
16894 1142 2925
2925 1142 16894
15656 28079 28313
28079 15656 28313
28313 15656 28079
27600 26655 27180
26655 27180 27600
27180 26655 27600
6209 544 20603
544 6209 20603
20603 544 6209
21698 26636 29939
29939 21698 26636
26636 21698 29939
29142 8644 11893
8644 11893 29142
11893 8644 29142
8650 16277 16391
16277 8650 16391
16391 8650 16277
14271 384 9814
9814 384 14271
384 9814 14271
10736 15702 28092
15702 10736 28092
28092 10736 15702
23327 15833 15984
15833 15984 23327
15984 15833 23327
6948 5816 19590
19590 5816 6948
5816 6948 19590
29744 15834 24990
15834 24990 29744
24990 15834 29744
28537 9573 13348
13348 9573 28537
9573 13348 28537
8143 4701 12549
12549 4701 8143
4701 8143 12549
24380 2114 18372
2114 18372 24380
18372 2114 24380
25635 5870 27904
27904 5870 25635
5870 25635 27904
10187 16463 21975
21975 10187 16463
16463 10187 21975
28043 6127 17415
17415 6127 28043
6127 17415 28043
10335 5588 8474
8474 5588 10335
5588 8474 10335
18314 695 4315
4315 695 18314
695 4315 18314
25215 11412 12572
12572 11412 25215
11412 12572 25215
6557 8647 17001
8647 6557 17001
17001 6557 8647
10242 10435 27047
27047 10242 10435
10435 10242 27047
14813 17602 26482
17602 14813 26482
26482 14813 17602
6352 10079 13309
13309 6352 10079
10079 6352 13309
21432 3688 6315
3688 6315 21432
6315 3688 21432
9522 13119 17105
13119 9522 17105
17105 9522 13119
29002 758 5084
758 5084 29002
5084 758 29002
10354 1348 1862
1862 1348 10354
1348 1862 10354
27418 58 11270
58 11270 27418
11270 58 27418
26370 12133 24301
24301 12133 26370
12133 24301 26370
11217 5203 27159
5203 11217 27159
27159 5203 11217
20434 1983 3292
1983 3292 20434
3292 1983 20434
2102 10129 23299
10129 2102 23299
23299 2102 10129
21283 12057 13325
12057 13325 21283
13325 12057 21283
22778 6462 12011
6462 12011 22778
12011 6462 22778
25400 2759 26769
2759 25400 26769
26769 2759 25400
17508 8267 21662
8267 17508 21662
21662 8267 17508
28632 16986 22382
16986 22382 28632
22382 16986 28632
14344 21608 29848
29848 14344 21608
21608 14344 29848
3807 5288 7472
7472 3807 5288
5288 3807 7472
1828 13906 28129
13906 1828 28129
28129 1828 13906
12683 5090 15112
5090 12683 15112
15112 5090 12683
8058 22550 27770
22550 8058 27770
27770 8058 22550
7453 21846 26706
21846 7453 26706
26706 7453 21846
9876 7046 8986
8986 7046 9876
7046 8986 9876
23698 2214 6448
6448 2214 23698
2214 6448 23698
28840 857 1651
857 1651 28840
1651 857 28840
17226 118 20427
118 17226 20427
20427 118 17226
2587 16401 21181
16401 2587 21181
21181 2587 16401
20669 6988 13700
13700 6988 20669
6988 13700 20669
18122 1395 10883
1395 10883 18122
10883 1395 18122
2679 7006 18082
18082 2679 7006
7006 2679 18082
1600 24185 25288
25288 1600 24185
24185 1600 25288
24955 1319 15142
15142 1319 24955
1319 15142 24955
29984 2785 4802
4802 2785 29984
2785 4802 29984
4661 16547 18109
18109 4661 16547
16547 4661 18109
29827 10569 20990
20990 10569 29827
10569 20990 29827
11741 7512 7535
7512 7535 11741
7535 7512 11741
3640 14721 20598
20598 3640 14721
14721 3640 20598
284 10724 28843
10724 284 28843
28843 284 10724
24545 260 12535
12535 260 24545
260 12535 24545
14740 15265 26403
15265 14740 26403
26403 14740 15265
5065 17390 23645
17390 5065 23645
23645 5065 17390
1052 14164 23393
23393 1052 14164
14164 1052 23393
19799 3750 20076
3750 19799 20076
20076 3750 19799
20305 1709 23259
23259 1709 20305
1709 20305 23259
5751 10611 29042
10611 5751 29042
29042 5751 10611
17758 1610 22312
22312 1610 17758
1610 17758 22312
25564 9244 28179
28179 9244 25564
9244 25564 28179
16849 1276 17806
17806 1276 16849
1276 16849 17806
25301 2484 27267
27267 2484 25301
2484 25301 27267
21372 2607 15930
15930 2607 21372
2607 15930 21372
1974 10464 26429
10464 1974 26429
26429 1974 10464
17296 7063 25610
7063 17296 25610
25610 7063 17296
13948 19927 20283
19927 13948 20283
20283 13948 19927
11680 4003 29990
4003 11680 29990
29990 4003 11680
28268 23334 24404
23334 24404 28268
24404 23334 28268
9727 4598 14238
4598 9727 14238
14238 4598 9727
15423 2399 26614
26614 2399 15423
2399 15423 26614
4665 22229 25888
25888 4665 22229
22229 4665 25888
28467 3792 27782
3792 27782 28467
27782 3792 28467
13184 10680 26665
26665 10680 13184
10680 13184 26665
4908 13709 14253
13709 4908 14253
14253 4908 13709
10994 23305 23330
23330 10994 23305
23305 10994 23330
23684 8689 28894
8689 23684 28894
28894 8689 23684
2741 2202 23838
2202 2741 23838
23838 2202 2741
9241 20819 28987
20819 9241 28987
28987 9241 20819
20698 7447 23745
23745 7447 20698
7447 20698 23745
21684 7059 29818
7059 21684 29818
29818 7059 21684
17024 357 15259
15259 357 17024
357 15259 17024
6595 4459 29569
4459 6595 29569
29569 4459 6595
26817 1797 25368
25368 1797 26817
1797 25368 26817
15328 10604 18405
18405 10604 15328
10604 15328 18405
9694 17035 20148
20148 9694 17035
17035 9694 20148
25901 7285 11747
7285 11747 25901
11747 7285 25901
27879 9632 20415
20415 9632 27879
9632 20415 27879
7820 2667 24351
24351 2667 7820
2667 7820 24351
25164 3684 10693
10693 3684 25164
3684 10693 25164
7362 106 1703
106 1703 7362
1703 106 7362
16535 6267 17102
6267 16535 17102
17102 6267 16535
6461 24246 26782
26782 6461 24246
24246 6461 26782
2068 4089 22848
4089 2068 22848
22848 2068 4089
650 3007 17857
17857 650 3007
3007 650 17857
28139 10255 22005
10255 22005 28139
22005 10255 28139
29147 6864 22079
6864 22079 29147
22079 6864 29147
5650 5562 15483
15483 5562 5650
5562 5650 15483
5619 8602 21450
8602 5619 21450
21450 5619 8602
26974 9425 26527
9425 26527 26974
26527 9425 26974
432 29464 29852
29852 432 29464
29464 432 29852
22253 21937 28515
28515 21937 22253
21937 22253 28515
23519 11052 23153
11052 23153 23519
23153 11052 23519
17241 17177 28012
17177 17241 28012
28012 17177 17241
774 1570 21464
21464 774 1570
1570 774 21464
22292 2031 7714
7714 2031 22292
2031 7714 22292
15564 3579 9624
3579 9624 15564
9624 3579 15564
18971 18694 19262
18694 18971 19262
19262 18694 18971
7129 9735 16741
9735 7129 16741
16741 7129 9735
19971 7518 12846
7518 12846 19971
12846 7518 19971
11459 1001 15966
15966 1001 11459
1001 11459 15966
17576 6060 25936
25936 6060 17576
6060 17576 25936
22951 11951 28905
28905 11951 22951
11951 22951 28905
28802 3966 29026
3966 28802 29026
29026 3966 28802
22781 1489 21712
21712 1489 22781
1489 21712 22781
23775 18775 21149
21149 18775 23775
18775 21149 23775
29528 17818 25184
17818 25184 29528
25184 17818 29528
21707 5886 18344
18344 5886 21707
5886 18344 21707
3830 6446 19300
6446 3830 19300
19300 3830 6446
8796 14221 14385
14221 8796 14385
14385 8796 14221
19817 3985 23905
3985 19817 23905
23905 3985 19817
21589 3670 16003
16003 3670 21589
3670 16003 21589
2275 9160 25223
25223 2275 9160
9160 2275 25223
28610 6124 17670
17670 6124 28610
6124 17670 28610
17003 7137 21844
21844 7137 17003
7137 17003 21844
16905 8454 16561
8454 16561 16905
16561 8454 16905
29749 16757 24716
24716 16757 29749
16757 24716 29749
19362 10351 15960
15960 10351 19362
10351 15960 19362
16487 12027 24332
12027 16487 24332
24332 12027 16487
25783 15936 19474
15936 19474 25783
19474 15936 25783
6403 18504 23148
23148 6403 18504
18504 6403 23148
11326 7428 12819
7428 11326 12819
12819 7428 11326
12761 19114 25413
25413 12761 19114
19114 12761 25413
16033 501 16997
501 16033 16997
16997 501 16033
26400 7168 11600
11600 7168 26400
7168 11600 26400
4797 13275 19994
13275 4797 19994
19994 4797 13275
8041 13258 26342
26342 8041 13258
13258 8041 26342
11218 16769 19371
16769 11218 19371
19371 11218 16769
14956 6591 26539
26539 6591 14956
6591 14956 26539
15120 26627 26873
26627 15120 26873
26873 15120 26627
8549 6966 11195
6966 8549 11195
11195 6966 8549
21350 10159 27603
27603 10159 21350
10159 21350 27603
15274 27044 27572
27044 15274 27572
27572 15274 27044
18909 1574 18395
1574 18395 18909
18395 1574 18909
18143 24284 28088
28088 18143 24284
24284 18143 28088
22250 5327 7375
5327 7375 22250
7375 5327 22250
2942 3794 21813
3794 2942 21813
21813 2942 3794
20391 2374 5217
5217 2374 20391
2374 5217 20391
12543 27947 29440
29440 12543 27947
27947 12543 29440
416 13831 17553
17553 416 13831
13831 416 17553
25141 3961 17184
17184 3961 25141
3961 17184 25141
22367 888 3537
3537 888 22367
888 3537 22367
22207 2074 7894
7894 2074 22207
2074 7894 22207
1818 6588 6856
6588 1818 6856
6856 1818 6588
3804 1746 2330
2330 1746 3804
1746 2330 3804
29392 6157 13945
6157 13945 29392
13945 6157 29392
7690 4335 11795
4335 7690 11795
11795 4335 7690
3808 795 3621
3621 795 3808
795 3621 3808
17704 16780 22634
22634 16780 17704
16780 17704 22634
7401 10160 24647
24647 7401 10160
10160 7401 24647
9987 3329 28315
3329 9987 28315
28315 3329 9987
16937 10858 24371
24371 10858 16937
10858 16937 24371
4688 20687 21082
20687 4688 21082
21082 4688 20687
644 19190 23220
23220 644 19190
19190 644 23220
24303 6700 27898
6700 24303 27898
27898 6700 24303
20702 10636 24422
24422 10636 20702
10636 20702 24422
5743 21929 21959
21959 5743 21929
21929 5743 21959
8287 12240 17557
12240 8287 17557
17557 8287 12240
8290 1858 6519
6519 1858 8290
1858 6519 8290
22631 22105 25494
22105 22631 25494
25494 22105 22631
6476 10895 22329
22329 6476 10895
10895 6476 22329
29109 14308 25546
25546 14308 29109
14308 25546 29109
22832 14117 15384
15384 14117 22832
14117 15384 22832
6007 18026 28849
18026 6007 28849
28849 6007 18026
16102 6600 9580
9580 6600 16102
6600 9580 16102
14210 5171 15207
5171 14210 15207
15207 5171 14210
8416 9809 24783
9809 8416 24783
24783 8416 9809
18861 6820 16147
6820 16147 18861
16147 6820 18861
6135 6489 22496
22496 6135 6489
6489 6135 22496
26198 1044 12300
1044 12300 26198
12300 1044 26198
11797 4036 5637
5637 4036 11797
4036 5637 11797
8490 18546 19043
18546 8490 19043
19043 8490 18546
28365 18773 25860
18773 25860 28365
25860 18773 28365
17253 6559 17152
17152 6559 17253
6559 17152 17253
16928 7603 27430
27430 7603 16928
7603 16928 27430
11772 20778 25533
25533 11772 20778
20778 11772 25533
19098 216 1250
216 1250 19098
1250 216 19098
4724 18440 18860
18860 4724 18440
18440 4724 18860
11202 2860 17760
17760 2860 11202
2860 11202 17760
152 5025 5752
5752 152 5025
5025 152 5752
28024 7442 9826
9826 7442 28024
7442 9826 28024
16885 2706 23769
2706 16885 23769
23769 2706 16885
17450 14888 15491
15491 14888 17450
14888 15491 17450
25932 7807 28316
28316 7807 25932
7807 25932 28316
9287 8019 17051
8019 9287 17051
17051 8019 9287
771 15558 16218
15558 771 16218
16218 771 15558
13602 9038 27844
27844 9038 13602
9038 13602 27844
12062 29379 29512
29379 12062 29512
29512 12062 29379
6907 11808 22310
22310 6907 11808
11808 6907 22310
16230 1989 3586
1989 3586 16230
3586 1989 16230
11960 18613 24065
24065 11960 18613
18613 11960 24065
12523 11861 16279
11861 12523 16279
16279 11861 12523
3597 12431 25539
12431 3597 25539
25539 3597 12431
13425 10284 11477
10284 11477 13425
11477 10284 13425
18819 15362 29875
15362 18819 29875
29875 15362 18819
26488 4242 25474
25474 4242 26488
4242 25474 26488
3381 12953 22132
12953 3381 22132
22132 3381 12953
24733 5654 27598
5654 24733 27598
27598 5654 24733
27814 2503 2632
2632 2503 27814
2503 2632 27814
9132 20540 26962
26962 9132 20540
20540 9132 26962
24471 3927 20978
3927 20978 24471
20978 3927 24471
4800 9540 10417
9540 4800 10417
10417 4800 9540
14563 630 22217
22217 630 14563
630 14563 22217
7891 12486 13620
13620 7891 12486
12486 7891 13620
13432 3902 11986
11986 3902 13432
3902 11986 13432
2664 12954 28444
28444 2664 12954
12954 2664 28444
16529 3102 28395
28395 3102 16529
3102 16529 28395
22969 6774 20220
20220 6774 22969
6774 20220 22969
23135 9285 28510
9285 23135 28510
28510 9285 23135
25766 10151 21468
10151 21468 25766
21468 10151 25766
16005 3385 25418
3385 16005 25418
25418 3385 16005
5791 3240 20135
3240 5791 20135
20135 3240 5791
19949 587 4040
4040 587 19949
587 4040 19949
4024 6311 22648
6311 4024 22648
22648 4024 6311
10136 7289 17451
17451 7289 10136
7289 10136 17451
18276 14299 19137
19137 14299 18276
14299 18276 19137
23439 15898 17420
17420 15898 23439
15898 17420 23439
2234 17997 23044
23044 2234 17997
17997 2234 23044
24223 3164 8144
8144 3164 24223
3164 8144 24223
8310 4961 13549
13549 4961 8310
4961 8310 13549
15752 11984 25163
11984 15752 25163
25163 11984 15752
13642 26750 29424
29424 13642 26750
26750 13642 29424
14840 14826 20802
20802 14826 14840
14826 14840 20802
8933 12628 14565
12628 8933 14565
14565 8933 12628
14979 21235 27305
21235 14979 27305
27305 14979 21235
9717 19601 29345
29345 9717 19601
19601 9717 29345
13183 5686 12778
5686 12778 13183
12778 5686 13183
20940 23405 23658
23405 20940 23658
23658 20940 23405
19874 4726 20526
4726 19874 20526
20526 4726 19874
23633 11140 17915
11140 17915 23633
17915 11140 23633
15985 3524 22255
22255 3524 15985
3524 15985 22255
6987 1770 20166
20166 1770 6987
1770 6987 20166
6115 3155 20810
20810 3155 6115
3155 6115 20810
21388 25282 27365
27365 21388 25282
25282 21388 27365
548 597 11098
11098 548 597
597 548 11098
14358 5968 12975
12975 5968 14358
5968 12975 14358
3867 7524 19930
7524 3867 19930
19930 3867 7524
7981 19736 27702
19736 7981 27702
27702 7981 19736
25877 4213 29517
4213 25877 29517
29517 4213 25877
13181 3527 3550
3527 3550 13181
3550 3527 13181
4337 22247 29248
29248 4337 22247
22247 4337 29248
27669 20549 20763
20549 20763 27669
20763 20549 27669
9866 10570 23287
10570 9866 23287
23287 9866 10570
27576 9773 15537
9773 15537 27576
15537 9773 27576
7604 17332 24348
17332 7604 24348
24348 7604 17332
4067 6244 29128
6244 4067 29128
29128 4067 6244
20657 9980 21486
9980 20657 21486
21486 9980 20657
19230 655 1606
1606 655 19230
655 1606 19230
15115 21259 21816
21816 15115 21259
21259 15115 21816
12961 14633 26961
14633 12961 26961
26961 12961 14633
19865 13131 19279
19279 13131 19865
13131 19279 19865
2870 7717 15359
15359 2870 7717
7717 2870 15359
23347 2378 29840
29840 2378 23347
2378 23347 29840
12588 21887 22101
22101 12588 21887
21887 12588 22101
27528 5348 28198
5348 27528 28198
28198 5348 27528
12003 6470 18239
6470 12003 18239
18239 6470 12003
21603 1205 17876
1205 17876 21603
17876 1205 21603
29745 9554 22683
9554 22683 29745
22683 9554 29745
22448 17923 23644
17923 22448 23644
23644 17923 22448
13367 21751 25338
25338 13367 21751
21751 13367 25338
10947 5003 28240
5003 10947 28240
28240 5003 10947
7557 8975 26134
26134 7557 8975
8975 7557 26134
20021 8393 26701
8393 20021 26701
26701 8393 20021
13452 395 24511
24511 395 13452
395 13452 24511
25160 1091 11998
11998 1091 25160
1091 11998 25160
2770 5721 12844
12844 2770 5721
5721 2770 12844
19687 18868 28968
18868 19687 28968
28968 18868 19687
12306 15030 28647
15030 12306 28647
28647 12306 15030
23826 14579 25998
14579 23826 25998
25998 14579 23826
25206 3984 14143
14143 3984 25206
3984 14143 25206
20001 1561 21308
1561 20001 21308
21308 1561 20001
25559 2453 19662
19662 2453 25559
2453 19662 25559
15866 5452 26710
5452 15866 26710
26710 5452 15866
25616 24288 24907
24288 24907 25616
24907 24288 25616
18995 18212 26017
26017 18212 18995
18212 18995 26017
14507 3481 23730
3481 14507 23730
23730 3481 14507
18916 2605 7997
2605 7997 18916
7997 2605 18916
19494 6590 20678
20678 6590 19494
6590 19494 20678
20838 15006 24820
24820 15006 20838
15006 20838 24820
21011 786 21411
786 21011 21411
21411 786 21011
21069 27973 29626
29626 21069 27973
27973 21069 29626
3418 26741 28544
26741 3418 28544
28544 3418 26741
1056 4078 11231
4078 1056 11231
11231 1056 4078
27952 8965 23537
8965 23537 27952
23537 8965 27952
10566 13150 21772
21772 10566 13150
13150 10566 21772
26358 3728 11660
3728 11660 26358
11660 3728 26358
5523 401 6660
6660 401 5523
401 5523 6660
5426 2893 22602
22602 2893 5426
2893 5426 22602
19932 140 12629
140 12629 19932
12629 140 19932
2187 16918 20899
16918 2187 20899
20899 2187 16918
8771 12047 29898
12047 8771 29898
29898 8771 12047
28819 4497 20178
4497 20178 28819
20178 4497 28819
3239 2508 26689
2508 3239 26689
26689 2508 3239
1886 6773 26538
26538 1886 6773
6773 1886 26538
23480 2160 20015
2160 20015 23480
20015 2160 23480
784 22206 26552
22206 784 26552
26552 784 22206
3722 2281 7295
7295 2281 3722
2281 3722 7295
8279 8907 18476
8907 8279 18476
18476 8279 8907
24248 5803 7862
7862 5803 24248
5803 7862 24248
27278 845 14268
14268 845 27278
845 14268 27278
11141 12654 26185
26185 11141 12654
12654 11141 26185
29494 14561 29857
14561 29494 29857
29857 14561 29494
4508 2772 16932
2772 4508 16932
16932 2772 4508
6724 9445 19119
9445 6724 19119
19119 6724 9445
16184 15709 19377
15709 16184 19377
19377 15709 16184
12956 5410 16330
5410 12956 16330
16330 5410 12956
22025 1156 29796
1156 22025 29796
29796 1156 22025
19439 9137 13422
9137 13422 19439
13422 9137 19439
3543 7985 17685
17685 3543 7985
7985 3543 17685
24705 16813 16821
16821 16813 24705
16813 16821 24705
10460 1083 16356
16356 1083 10460
1083 10460 16356
3203 19790 27078
27078 3203 19790
19790 3203 27078
18537 18292 18431
18292 18431 18537
18431 18292 18537
21316 16656 21483
16656 21316 21483
21483 16656 21316
8759 8867 21146
21146 8759 8867
8867 8759 21146
7088 5876 11480
11480 5876 7088
5876 7088 11480
28256 18406 25851
18406 25851 28256
25851 18406 28256
16902 8304 25938
25938 8304 16902
8304 16902 25938
6034 2537 22414
2537 6034 22414
22414 2537 6034
4845 20050 27635
27635 4845 20050
20050 4845 27635
22590 20019 23289
20019 22590 23289
23289 20019 22590
12174 15488 26459
15488 12174 26459
26459 12174 15488
14643 2787 10878
2787 10878 14643
10878 2787 14643
25027 8309 10727
10727 8309 25027
8309 10727 25027
6617 19600 28709
28709 6617 19600
19600 6617 28709
4202 7624 22850
22850 4202 7624
7624 4202 22850
10944 8747 25500
8747 10944 25500
25500 8747 10944
28608 5405 26466
5405 26466 28608
26466 5405 28608
12140 26947 27845
27845 12140 26947
26947 12140 27845
8790 15305 25671
25671 8790 15305
15305 8790 25671
29089 8322 20897
8322 20897 29089
20897 8322 29089
25628 15715 17056
17056 15715 25628
15715 17056 25628
20037 985 15167
985 15167 20037
15167 985 20037
3706 16065 25728
25728 3706 16065
16065 3706 25728
18690 16232 17811
17811 16232 18690
16232 17811 18690
28903 15139 21842
21842 15139 28903
15139 21842 28903
23647 8440 14023
14023 8440 23647
8440 14023 23647
6751 3602 16869
16869 3602 6751
3602 6751 16869
18511 6884 23490
6884 18511 23490
23490 6884 18511
17367 6138 8814
8814 6138 17367
6138 8814 17367
3613 7093 25664
7093 3613 25664
25664 3613 7093
8308 4108 20380
20380 4108 8308
4108 8308 20380
14558 6416 25761
25761 6416 14558
6416 14558 25761
22148 14863 18776
14863 18776 22148
18776 14863 22148
3274 11234 26872
26872 3274 11234
11234 3274 26872
15572 16380 21104
16380 15572 21104
21104 15572 16380
437 19966 21991
21991 437 19966
19966 437 21991
14601 12414 23443
23443 12414 14601
12414 14601 23443
7443 22800 26458
26458 7443 22800
22800 7443 26458
23754 9571 16791
16791 9571 23754
9571 16791 23754
1114 8205 23323
8205 1114 23323
23323 1114 8205
24297 16562 22276
16562 22276 24297
22276 16562 24297
12922 7499 27215
27215 7499 12922
7499 12922 27215
20310 7828 28372
28372 7828 20310
7828 20310 28372
28976 9507 17649
9507 17649 28976
17649 9507 28976
18650 20551 22453
22453 18650 20551
20551 18650 22453
915 14674 25508
14674 915 25508
25508 915 14674
15724 23472 26631
23472 15724 26631
26631 15724 23472
1663 27636 28963
27636 1663 28963
28963 1663 27636
25229 21478 22576
21478 22576 25229
22576 21478 25229
12726 22039 26015
22039 12726 26015
26015 12726 22039
28189 22139 23866
22139 23866 28189
23866 22139 28189
4564 5862 8137
8137 4564 5862
5862 4564 8137
464 7967 18451
7967 464 18451
18451 464 7967
11449 6938 14868
6938 11449 14868
14868 6938 11449
26021 19029 27678
19029 26021 27678
27678 19029 26021
15653 18031 25363
25363 15653 18031
18031 15653 25363
13079 1735 17911
1735 13079 17911
17911 1735 13079
15858 3638 28877
28877 3638 15858
3638 15858 28877
10677 7213 26871
7213 10677 26871
26871 7213 10677
24350 28394 29483
29483 24350 28394
28394 24350 29483
18093 8686 20671
8686 18093 20671
20671 8686 18093
27082 71 5517
71 5517 27082
5517 71 27082
17011 8418 18879
18879 8418 17011
8418 17011 18879
23938 4119 9255
9255 4119 23938
4119 9255 23938
27772 19773 24748
24748 19773 27772
19773 24748 27772
68 5788 22513
5788 68 22513
22513 68 5788
20553 28501 28743
28501 20553 28743
28743 20553 28501
14044 8189 25364
8189 14044 25364
25364 8189 14044
2249 17322 19435
19435 2249 17322
17322 2249 19435
2482 2471 20905
2471 2482 20905
20905 2471 2482
20472 19730 22434
22434 19730 20472
19730 20472 22434
22256 1593 22455
1593 22256 22455
22455 1593 22256
9572 25849 27922
25849 9572 27922
27922 9572 25849
27054 4909 27640
4909 27054 27640
27640 4909 27054
28054 11690 12611
12611 11690 28054
11690 12611 28054
25604 11350 15229
15229 11350 25604
11350 15229 25604
23219 14767 22964
22964 14767 23219
14767 22964 23219
2975 7050 23599
23599 2975 7050
7050 2975 23599
12226 12888 28796
12888 12226 28796
28796 12226 12888
16410 6654 6659
6654 6659 16410
6659 6654 16410
28067 15556 16006
16006 15556 28067
15556 16006 28067
23149 22497 29183
22497 23149 29183
29183 22497 23149
9088 410 7588
7588 410 9088
410 7588 9088
656 319 24018
24018 319 656
319 656 24018
18527 5253 28607
28607 5253 18527
5253 18527 28607
4890 82 6243
6243 82 4890
82 4890 6243
913 2976 28366
2976 913 28366
28366 913 2976
16130 21963 27885
21963 16130 27885
27885 16130 21963
22807 15186 29296
29296 15186 22807
15186 22807 29296
9831 11391 17314
11391 9831 17314
17314 9831 11391
659 15670 19097
19097 659 15670
15670 659 19097
27932 19241 24958
19241 24958 27932
24958 19241 27932
25842 13141 23515
23515 13141 25842
13141 23515 25842
16995 10524 12436
10524 12436 16995
12436 10524 16995
10091 11053 16013
11053 10091 16013
16013 10091 11053
15893 968 10819
968 10819 15893
10819 968 15893
12490 2884 14751
14751 2884 12490
2884 12490 14751
27466 1378 21496
1378 21496 27466
21496 1378 27466
8270 14857 16556
14857 8270 16556
16556 8270 14857
16610 5511 29593
5511 16610 29593
29593 5511 16610
4531 16413 24063
16413 4531 24063
24063 4531 16413
25876 14012 21856
14012 21856 25876
21856 14012 25876
17691 12570 20212
20212 12570 17691
12570 17691 20212
7564 4339 28145
4339 7564 28145
28145 4339 7564
22167 9001 15496
9001 15496 22167
15496 9001 22167
24760 28934 29310
29310 24760 28934
28934 24760 29310
21876 13487 17836
13487 17836 21876
17836 13487 21876
16286 23886 28236
23886 16286 28236
28236 16286 23886
1598 16101 26485
26485 1598 16101
16101 1598 26485
28091 16879 23605
23605 16879 28091
16879 23605 28091
12034 11214 27838
11214 12034 27838
27838 11214 12034
11143 14668 23222
23222 11143 14668
14668 11143 23222
27415 2279 27357
27357 2279 27415
2279 27357 27415
10778 19503 21966
19503 10778 21966
21966 10778 19503
19100 470 27987
27987 470 19100
470 19100 27987
258 25330 29977
25330 258 29977
29977 258 25330
26140 6874 7112
7112 6874 26140
6874 7112 26140
27290 4715 13609
4715 13609 27290
13609 4715 27290
2672 10018 20214
10018 2672 20214
20214 2672 10018
23848 18128 29799
18128 23848 29799
29799 18128 23848
24854 9116 25380
9116 24854 25380
25380 9116 24854
26555 4550 19561
4550 19561 26555
19561 4550 26555
11150 8634 17955
17955 8634 11150
8634 11150 17955
3491 6421 19837
6421 3491 19837
19837 3491 6421
6793 17521 24314
17521 6793 24314
24314 6793 17521
23050 17037 29301
29301 17037 23050
17037 23050 29301
6605 10498 11557
10498 6605 11557
11557 6605 10498
26941 11220 13210
13210 11220 26941
11220 13210 26941
1587 14515 21525
14515 1587 21525
21525 1587 14515
8866 14522 18459
14522 8866 18459
18459 8866 14522
18517 3104 24443
24443 3104 18517
3104 18517 24443
23212 23057 27122
27122 23057 23212
23057 23212 27122
25322 12663 21976
21976 12663 25322
12663 21976 25322
14232 15082 15511
15082 14232 15511
15511 14232 15082
3457 7205 14760
14760 3457 7205
7205 3457 14760
12623 1990 25979
25979 1990 12623
1990 12623 25979
5169 18227 22299
22299 5169 18227
18227 5169 22299
9005 20565 25639
20565 9005 25639
25639 9005 20565
26216 19374 28383
28383 19374 26216
19374 26216 28383
21128 24484 27101
27101 21128 24484
24484 21128 27101
28274 26349 29442
26349 28274 29442
29442 26349 28274
22612 17071 21886
17071 21886 22612
21886 17071 22612
5138 5453 13572
5453 5138 13572
13572 5138 5453
4145 13468 17956
13468 4145 17956
17956 4145 13468
6514 17963 29656
