298 47 216
47 216 298
216 47 298
116 69 156
156 69 116
69 116 156
151 80 201
80 151 201
201 80 151
265 82 285
82 265 285
285 82 265
104 58 206
58 104 206
206 58 104
57 171 271
271 57 171
171 57 271
208 159 170
170 159 208
159 170 208
103 220 263
220 103 263
263 103 220
27 138 221
138 27 221
221 27 138
275 126 196
196 126 275
126 196 275
102 85 111
111 85 102
85 102 111
176 84 131
84 131 176
131 84 176
106 22 249
249 22 106
22 106 249
187 26 288
288 26 187
26 187 288
61 12 166
12 61 166
166 12 61
28 25 229
25 28 229
229 25 28
230 34 96
34 96 230
96 34 230
223 63 142
142 63 223
63 142 223
3 67 185
185 3 67
67 3 185
233 91 179
179 91 233
91 179 233
162 182 235
182 162 235
235 162 182
15 117 238
117 15 238
238 15 117
100 24 155
155 24 100
24 100 155
60 62 136
136 60 62
62 60 136
284 35 50
35 50 284
50 35 284
259 236 244
244 236 259
236 244 259
293 75 199
199 75 293
75 199 293
251 163 237
237 163 251
163 237 251
247 203 228
203 228 247
228 203 247
214 56 94
94 56 214
56 94 214
205 21 114
114 21 205
21 114 205
189 71 118
71 118 189
118 71 189
97 73 212
212 73 97
73 97 212
210 123 153
153 123 210
123 153 210
76 5 246
246 5 76
5 76 246
133 42 264
42 133 264
264 42 133
23 89 147
89 23 147
147 23 89
145 10 93
93 10 145
10 93 145
174 137 167
167 137 174
137 167 174
295 255 269
255 269 295
269 255 295
48 87 198
87 48 198
198 48 87
277 134 273
134 273 277
273 134 277
112 132 279
279 112 132
132 112 279
8 128 213
128 8 213
213 8 128
186 148 300
148 186 300
300 148 186
195 169 218
218 169 195
169 195 218
115 172 250
172 115 250
250 115 172
294 135 173
173 135 294
135 173 294
197 141 181
141 181 197
181 141 197
211 14 286
286 14 211
14 211 286
29 127 177
177 29 127
127 29 177
261 150 253
150 253 261
253 150 261
113 161 234
161 113 234
234 113 161
262 44 154
44 154 262
154 44 262
168 165 257
165 168 257
257 165 168
119 2 245
245 2 119
2 119 245
124 45 110
45 110 124
110 45 124
252 266 287
287 252 266
266 252 287
98 240 274
240 98 274
274 98 240
292 215 242
215 242 292
242 215 292
120 140 149
149 120 140
140 120 149
146 88 297
297 88 146
88 146 297
299 30 243
30 243 299
243 30 299
219 36 160
160 36 219
36 160 219
204 33 105
105 33 204
33 105 204
157 51 296
296 51 157
51 157 296
53 59 130
59 53 130
130 53 59
241 20 143
20 143 241
143 20 241
280 64 289
64 280 289
289 64 280
226 92 290
92 226 290
290 92 226
184 99 281
99 184 281
281 99 184
227 202 239
202 227 239
239 202 227
43 86 248
248 43 86
86 43 248
193 232 278
232 193 278
278 193 232
11 231 291
291 11 231
231 11 291
7 13 68
13 7 68
68 7 13
121 38 90
38 90 121
90 38 121
122 46 109
109 46 122
46 109 122
180 40 74
74 40 180
40 74 180
200 52 108
108 52 200
52 108 200
225 66 152
152 66 225
66 152 225
6 17 224
224 6 17
17 6 224
16 178 217
178 16 217
217 16 178
270 129 258
129 258 270
258 129 270
78 101 207
207 78 101
101 78 207
268 107 125
107 125 268
125 107 268
41 65 260
65 41 260
260 41 65
55 19 272
19 55 272
272 19 55
267 18 37
37 18 267
18 37 267
276 1 175
1 175 276
175 1 276
9 4 54
4 9 54
54 4 9
83 95 139
95 83 139
139 83 95
256 158 192
158 192 256
192 158 256
31 164 282
282 31 164
164 31 282
70 39 190
39 70 190
190 39 70
188 49 209
49 188 209
209 49 188
79 81 194
81 79 194
194 79 81
183 144 222
144 183 222
222 144 183
254 191 283
191 254 283
283 191 254
32 72 77
77 32 72
72 32 77
