11366 7431 22202
7431 11366 22202
22202 7431 11366
15181 8577 14034
8577 14034 15181
14034 8577 15181
19934 1577 16674
16674 1577 19934
1577 16674 19934
24507 15471 21407
21407 15471 24507
15471 21407 24507
8400 22711 27331
27331 8400 22711
22711 8400 27331
12206 5330 7609
7609 5330 12206
5330 7609 12206
28885 19701 29509
29509 19701 28885
19701 28885 29509
23690 685 20390
20390 685 23690
685 20390 23690
29008 27417 29930
29930 27417 29008
27417 29008 29930
7604 10529 29691
10529 7604 29691
29691 7604 10529
19024 5826 18206
5826 18206 19024
18206 5826 19024
5512 4276 10372
10372 4276 5512
4276 5512 10372
16714 2327 15257
15257 2327 16714
2327 15257 16714
12228 13635 26412
26412 12228 13635
13635 12228 26412
2538 3592 23799
23799 2538 3592
3592 2538 23799
51 1529 3714
1529 51 3714
3714 51 1529
14999 7908 16762
7908 14999 16762
16762 7908 14999
17433 4090 27165
27165 4090 17433
4090 17433 27165
8917 9954 18558
9954 8917 18558
18558 8917 9954
3277 9499 23041
23041 3277 9499
9499 3277 23041
21793 16856 21761
16856 21761 21793
21761 16856 21793
28022 12082 21751
21751 12082 28022
12082 21751 28022
28319 18292 21915
21915 18292 28319
18292 21915 28319
29038 12721 21305
21305 12721 29038
12721 21305 29038
18178 6682 10695
10695 6682 18178
6682 10695 18178
23266 26323 27327
26323 23266 27327
27327 23266 26323
5689 14740 28605
14740 5689 28605
28605 5689 14740
26836 25417 28591
28591 25417 26836
25417 26836 28591
16761 10270 14638
10270 14638 16761
14638 10270 16761
24482 4770 21206
4770 21206 24482
21206 4770 24482
26767 18344 28767
18344 26767 28767
28767 18344 26767
27369 5977 12776
5977 12776 27369
12776 5977 27369
24621 21747 23153
23153 21747 24621
21747 23153 24621
28114 7377 25279
25279 7377 28114
7377 25279 28114
9711 4323 23471
23471 4323 9711
4323 9711 23471
5529 17803 20719
17803 5529 20719
20719 5529 17803
27565 6095 24775
24775 6095 27565
6095 24775 27565
5864 2557 11942
2557 5864 11942
11942 2557 5864
3825 5041 10388
5041 3825 10388
10388 3825 5041
20593 22427 23946
22427 20593 23946
23946 20593 22427
6520 290 23986
23986 290 6520
290 6520 23986
3322 19877 25945
19877 3322 25945
25945 3322 19877
26525 3846 6059
3846 6059 26525
6059 3846 26525
28651 4412 21283
21283 4412 28651
4412 21283 28651
24743 17554 18731
17554 18731 24743
18731 17554 24743
27826 16241 18776
18776 16241 27826
16241 18776 27826
11836 11222 21337
11222 11836 21337
21337 11222 11836
1398 16645 28096
16645 1398 28096
28096 1398 16645
21668 20209 24853
20209 21668 24853
24853 20209 21668
22326 7674 24533
24533 7674 22326
7674 22326 24533
8364 7362 18069
7362 8364 18069
18069 7362 8364
20864 17436 27788
27788 17436 20864
17436 20864 27788
338 14973 27022
27022 338 14973
14973 338 27022
21134 5915 11749
11749 5915 21134
5915 11749 21134
24576 14981 16231
16231 14981 24576
14981 16231 24576
9635 8089 10047
8089 9635 10047
10047 8089 9635
17623 14058 26428
26428 14058 17623
14058 17623 26428
22573 1987 9137
1987 9137 22573
9137 1987 22573
23154 10751 15903
10751 15903 23154
15903 10751 23154
4290 21076 22403
22403 4290 21076
21076 4290 22403
28741 16240 17463
16240 17463 28741
17463 16240 28741
28386 10844 14789
10844 14789 28386
14789 10844 28386
23485 6185 7191
7191 6185 23485
6185 7191 23485
6979 2559 21925
21925 2559 6979
2559 6979 21925
14451 13910 25245
13910 14451 25245
25245 13910 14451
17839 12405 19928
19928 12405 17839
12405 17839 19928
27876 11130 12377
11130 12377 27876
12377 11130 27876
24332 4073 12100
12100 4073 24332
4073 12100 24332
21099 4130 7482
7482 4130 21099
4130 7482 21099
25340 4585 23928
23928 4585 25340
4585 23928 25340
29523 1921 21061
21061 1921 29523
1921 21061 29523
20155 5139 7686
7686 5139 20155
5139 7686 20155
26922 6376 25482
25482 6376 26922
6376 25482 26922
16771 573 17374
17374 573 16771
573 16771 17374
27063 10132 16996
10132 16996 27063
16996 10132 27063
6102 519 29882
29882 519 6102
519 6102 29882
16922 9521 13250
13250 9521 16922
9521 13250 16922
14217 1359 17648
17648 1359 14217
1359 14217 17648
25790 8371 20981
20981 8371 25790
8371 20981 25790
29773 4024 16895
4024 16895 29773
16895 4024 29773
12899 16272 20677
20677 12899 16272
16272 12899 20677
13756 14130 24355
14130 13756 24355
24355 13756 14130
22220 3680 23782
3680 22220 23782
23782 3680 22220
20097 19340 29267
29267 19340 20097
19340 20097 29267
6204 17465 29057
17465 6204 29057
29057 6204 17465
5386 21448 27363
21448 5386 27363
27363 5386 21448
6112 18907 26215
26215 6112 18907
18907 6112 26215
5439 10013 10969
10969 5439 10013
10013 5439 10969
21170 10761 14597
10761 14597 21170
14597 10761 21170
11442 7130 22421
22421 7130 11442
7130 11442 22421
23341 13642 24256
13642 23341 24256
24256 13642 23341
27224 69 10853
69 10853 27224
10853 69 27224
8452 4029 12529
12529 4029 8452
4029 8452 12529
14893 2654 23223
2654 14893 23223
23223 2654 14893
16692 7563 20058
7563 16692 20058
20058 7563 16692
20246 1260 13292
1260 13292 20246
13292 1260 20246
2737 18607 20266
18607 2737 20266
20266 2737 18607
19592 12209 20521
12209 19592 20521
20521 12209 19592
7108 24696 24889
24696 7108 24889
24889 7108 24696
29107 21641 25384
21641 25384 29107
25384 21641 29107
7285 2810 11507
11507 2810 7285
2810 7285 11507
15341 14570 19984
19984 14570 15341
14570 15341 19984
1504 24605 26416
24605 1504 26416
26416 1504 24605
6226 4103 4998
4103 4998 6226
4998 4103 6226
9196 9698 22544
9698 9196 22544
22544 9196 9698
11068 9702 11745
9702 11068 11745
11745 9702 11068
21725 11810 15970
15970 11810 21725
11810 15970 21725
14271 13833 24222
13833 14271 24222
24222 13833 14271
21980 11849 27730
27730 11849 21980
11849 21980 27730
7394 9979 15792
9979 7394 15792
15792 7394 9979
11458 19172 26438
19172 11458 26438
26438 11458 19172
16801 224 11185
11185 224 16801
224 11185 16801
1124 1323 23762
23762 1124 1323
1323 1124 23762
18597 12516 14229
12516 14229 18597
14229 12516 18597
477 26644 29717
29717 477 26644
26644 477 29717
18659 267 22148
22148 267 18659
267 18659 22148
18011 1517 29012
29012 1517 18011
1517 18011 29012
27644 169 699
699 169 27644
169 699 27644
25143 1651 18145
18145 1651 25143
1651 18145 25143
2360 2481 29525
29525 2360 2481
2481 2360 29525
444 8317 13830
13830 444 8317
8317 444 13830
27311 3416 8220
8220 3416 27311
3416 8220 27311
9412 19722 19791
19722 9412 19791
19791 9412 19722
18947 1666 28440
28440 1666 18947
1666 18947 28440
19354 17210 20678
20678 17210 19354
17210 19354 20678
28557 12257 23686
23686 12257 28557
12257 23686 28557
27654 4791 25239
4791 25239 27654
25239 4791 27654
16562 9465 11614
11614 9465 16562
9465 11614 16562
3547 389 14224
389 3547 14224
14224 389 3547
14690 9846 27867
27867 9846 14690
9846 14690 27867
22012 19929 20275
19929 20275 22012
20275 19929 22012
11497 4640 26594
4640 11497 26594
26594 4640 11497
17932 1796 5996
5996 1796 17932
1796 5996 17932
13027 11638 15372
11638 13027 15372
15372 11638 13027
25010 16976 20959
16976 20959 25010
20959 16976 25010
11289 11898 26242
11898 11289 26242
26242 11289 11898
25493 1750 20505
20505 1750 25493
1750 20505 25493
25920 3768 12739
12739 3768 25920
3768 12739 25920
26287 11095 14469
14469 11095 26287
11095 14469 26287
14642 2526 26826
26826 2526 14642
2526 14642 26826
29442 1367 5596
1367 5596 29442
5596 1367 29442
7888 9454 11908
11908 7888 9454
9454 7888 11908
624 9423 14533
14533 624 9423
9423 624 14533
1951 2113 8705
2113 1951 8705
8705 1951 2113
6815 4142 26216
26216 4142 6815
4142 6815 26216
20146 24673 25424
24673 20146 25424
25424 20146 24673
28329 5229 6108
6108 5229 28329
5229 6108 28329
3130 954 19954
19954 954 3130
954 3130 19954
26664 19480 25178
19480 25178 26664
25178 19480 26664
14733 2521 24573
2521 14733 24573
24573 2521 14733
9678 6742 20414
6742 9678 20414
20414 6742 9678
14074 15547 17898
17898 14074 15547
15547 14074 17898
6239 13322 26250
26250 6239 13322
13322 6239 26250
15262 11753 16937
16937 11753 15262
11753 15262 16937
27863 26152 28621
26152 27863 28621
28621 26152 27863
24019 12476 20023
12476 20023 24019
20023 12476 24019
15716 1728 22928
1728 15716 22928
22928 1728 15716
12388 17396 25540
17396 12388 25540
25540 12388 17396
19796 22659 28841
22659 19796 28841
28841 19796 22659
1789 10614 12244
10614 1789 12244
12244 1789 10614
2083 27200 29904
27200 2083 29904
29904 2083 27200
2110 6304 20156
6304 2110 20156
20156 2110 6304
25830 10888 11906
10888 11906 25830
11906 10888 25830
5609 16425 22229
22229 5609 16425
16425 5609 22229
25486 8950 17792
17792 8950 25486
8950 17792 25486
29221 3679 20628
20628 3679 29221
3679 20628 29221
2170 7745 23989
7745 2170 23989
23989 2170 7745
5919 7258 11419
11419 5919 7258
7258 5919 11419
15956 8139 20990
20990 8139 15956
8139 15956 20990
5966 2026 24181
24181 2026 5966
2026 5966 24181
16070 2071 27753
27753 2071 16070
2071 16070 27753
24452 2115 6089
6089 2115 24452
2115 6089 24452
20696 1542 10443
10443 1542 20696
1542 10443 20696
12706 4255 24240
24240 4255 12706
4255 12706 24240
7261 13072 15822
15822 7261 13072
13072 7261 15822
14537 13526 16822
16822 13526 14537
13526 14537 16822
9546 1200 23197
1200 9546 23197
23197 1200 9546
7801 1181 3204
1181 3204 7801
3204 1181 7801
27024 14785 17281
14785 17281 27024
17281 14785 27024
24793 19222 28695
19222 24793 28695
28695 19222 24793
28579 4060 27636
27636 4060 28579
4060 27636 28579
25593 9654 16222
16222 9654 25593
9654 16222 25593
16693 19112 20392
19112 16693 20392
20392 16693 19112
19146 2687 26825
26825 2687 19146
2687 19146 26825
27570 10921 29121
10921 27570 29121
29121 10921 27570
289 10651 15215
10651 289 15215
15215 289 10651
10246 13956 26293
26293 10246 13956
13956 10246 26293
12030 4733 26446
4733 12030 26446
26446 4733 12030
9008 644 4840
4840 644 9008
644 4840 9008
13569 2302 5469
2302 5469 13569
5469 2302 13569
21355 20310 21197
20310 21197 21355
21197 20310 21355
18791 26335 28095
28095 18791 26335
26335 18791 28095
6186 3948 21615
3948 6186 21615
21615 3948 6186
8213 4891 7943
7943 4891 8213
4891 7943 8213
15886 4439 12211
12211 4439 15886
4439 12211 15886
18314 3719 11259
11259 3719 18314
3719 11259 18314
14696 22042 22514
22042 14696 22514
22514 14696 22042
15652 12176 28383
28383 12176 15652
12176 15652 28383
8516 11926 14301
14301 8516 11926
11926 8516 14301
9592 7587 28786
28786 7587 9592
7587 9592 28786
2448 6244 28581
28581 2448 6244
6244 2448 28581
21682 12452 29088
29088 12452 21682
12452 21682 29088
11756 331 401
331 401 11756
401 331 11756
9628 2222 25214
2222 9628 25214
25214 2222 9628
20655 18772 29120
18772 20655 29120
29120 18772 20655
11418 125 3813
3813 125 11418
125 3813 11418
18194 13930 27013
27013 13930 18194
13930 18194 27013
21812 18705 25903
25903 18705 21812
18705 21812 25903
3922 6380 16885
6380 3922 16885
16885 3922 6380
2569 5626 23772
5626 2569 23772
23772 2569 5626
4977 11654 23200
11654 4977 23200
23200 4977 11654
14449 147 10284
10284 147 14449
147 10284 14449
25235 11434 19349
19349 11434 25235
11434 19349 25235
13423 3741 12303
12303 3741 13423
3741 12303 13423
20212 735 29542
29542 735 20212
735 20212 29542
9299 206 5595
206 5595 9299
5595 206 9299
14834 2778 18804
18804 2778 14834
2778 14834 18804
16533 11952 16411
11952 16411 16533
16411 11952 16533
27109 17912 21781
21781 17912 27109
17912 21781 27109
3858 23877 23999
23999 3858 23877
23877 3858 23999
12636 5622 17996
5622 12636 17996
17996 5622 12636
27922 3316 18089
18089 3316 27922
3316 18089 27922
10054 14708 26069
14708 10054 26069
26069 10054 14708
11355 12613 16849
16849 11355 12613
12613 11355 16849
6699 19675 27347
19675 6699 27347
27347 6699 19675
24043 17859 25595
17859 24043 25595
25595 17859 24043
10777 562 9392
9392 562 10777
562 9392 10777
13625 5280 13822
13822 5280 13625
5280 13625 13822
28163 4863 18784
4863 18784 28163
18784 4863 28163
3411 3044 4711
3044 3411 4711
4711 3044 3411
13955 7914 19130
19130 7914 13955
7914 13955 19130
26495 12955 15515
15515 12955 26495
12955 15515 26495
19824 14168 20513
14168 19824 20513
20513 14168 19824
20706 9173 23787
9173 20706 23787
23787 9173 20706
13864 5736 23683
23683 5736 13864
5736 13864 23683
11794 4832 26521
4832 11794 26521
26521 4832 11794
29037 1674 3472
3472 1674 29037
1674 3472 29037
28886 7847 19481
19481 7847 28886
7847 19481 28886
1293 16807 27610
16807 1293 27610
27610 1293 16807
24926 5336 29623
29623 5336 24926
5336 24926 29623
8068 19332 22934
22934 8068 19332
19332 8068 22934
29043 9327 27373
27373 9327 29043
9327 27373 29043
24722 3477 13663
3477 13663 24722
13663 3477 24722
12373 23321 25809
25809 12373 23321
23321 12373 25809
27213 8861 17812
17812 8861 27213
8861 17812 27213
5565 10298 27540
27540 5565 10298
10298 5565 27540
15298 253 12171
253 12171 15298
12171 253 15298
15096 15791 21820
21820 15096 15791
15791 15096 21820
21810 3943 5931
5931 3943 21810
3943 5931 21810
21456 2037 6664
2037 6664 21456
6664 2037 21456
5088 6586 16860
16860 5088 6586
6586 5088 16860
5861 18169 24848
18169 5861 24848
24848 5861 18169
12130 100 27999
100 12130 27999
27999 100 12130
27236 16980 26501
26501 16980 27236
16980 26501 27236
16393 9893 16038
16038 9893 16393
9893 16038 16393
8825 1640 8810
8810 1640 8825
1640 8810 8825
23074 1044 19596
1044 19596 23074
19596 1044 23074
21416 4768 19114
4768 19114 21416
19114 4768 21416
3731 5950 24368
24368 3731 5950
5950 3731 24368
25514 3159 19060
19060 3159 25514
3159 19060 25514
24948 372 21312
21312 372 24948
372 21312 24948
29936 3823 16552
16552 3823 29936
3823 16552 29936
2826 10543 23627
23627 2826 10543
10543 2826 23627
16164 8421 21629
21629 8421 16164
8421 16164 21629
3746 19972 26302
19972 3746 26302
26302 3746 19972
17934 2075 28862
28862 2075 17934
2075 17934 28862
22997 9910 24922
24922 9910 22997
9910 22997 24922
24463 11190 11864
11864 11190 24463
11190 11864 24463
613 4480 12201
4480 613 12201
12201 613 4480
22665 19885 20520
19885 20520 22665
20520 19885 22665
24725 2857 28017
2857 24725 28017
28017 2857 24725
7791 9038 11683
9038 7791 11683
11683 7791 9038
298 1373 12879
12879 298 1373
1373 298 12879
18185 1343 2353
1343 2353 18185
2353 1343 18185
8966 10667 26617
26617 8966 10667
10667 8966 26617
19331 980 9528
980 9528 19331
9528 980 19331
22655 7961 17057
17057 7961 22655
7961 17057 22655
26579 12504 16094
16094 12504 26579
12504 16094 26579
11980 20126 26103
26103 11980 20126
20126 11980 26103
28874 20780 28467
28467 20780 28874
20780 28467 28874
21996 4495 18388
18388 4495 21996
4495 18388 21996
15751 6534 9624
6534 9624 15751
9624 6534 15751
9434 4673 24579
4673 9434 24579
24579 4673 9434
11882 3 3031
3031 3 11882
3 3031 11882
16715 18874 25861
25861 16715 18874
18874 16715 25861
1735 784 8234
8234 784 1735
784 1735 8234
7416 13172 17250
17250 7416 13172
13172 7416 17250
3881 5792 7803
5792 3881 7803
7803 3881 5792
15961 1757 15995
15995 1757 15961
1757 15961 15995
29029 11762 13434
11762 13434 29029
13434 11762 29029
6846 12574 21130
21130 6846 12574
12574 6846 21130
27502 810 3644
3644 810 27502
810 3644 27502
167 16390 20559
20559 167 16390
16390 167 20559
3052 10717 25644
25644 3052 10717
10717 3052 25644
28275 2850 13233
13233 2850 28275
2850 13233 28275
13903 7544 21450
7544 13903 21450
21450 7544 13903
24604 2041 27900
27900 2041 24604
2041 24604 27900
1687 10392 12946
10392 1687 12946
12946 1687 10392
18433 17769 24116
24116 17769 18433
17769 18433 24116
2059 1569 28068
28068 1569 2059
1569 2059 28068
25529 11404 23765
11404 23765 25529
23765 11404 25529
15788 6485 7220
7220 6485 15788
6485 7220 15788
15129 19430 25073
19430 15129 25073
25073 15129 19430
18826 18113 18982
18113 18826 18982
18982 18113 18826
5256 5339 17968
5339 5256 17968
17968 5256 5339
4542 619 6336
6336 619 4542
619 4542 6336
18323 3848 4160
4160 3848 18323
3848 4160 18323
2727 9909 23031
23031 2727 9909
9909 2727 23031
10177 1443 14144
1443 10177 14144
14144 1443 10177
22353 5259 10916
5259 10916 22353
10916 5259 22353
14227 17537 29302
17537 14227 29302
29302 14227 17537
19578 249 7044
249 7044 19578
7044 249 19578
7815 3567 18118
18118 3567 7815
3567 7815 18118
12642 2797 23230
23230 2797 12642
2797 12642 23230
14601 7924 28875
28875 7924 14601
7924 14601 28875
7210 5593 5878
5593 5878 7210
5878 5593 7210
21581 12290 24667
12290 21581 24667
24667 12290 21581
23152 19257 22925
22925 19257 23152
19257 22925 23152
12671 21043 21604
21604 12671 21043
21043 12671 21604
10481 9220 15633
15633 9220 10481
9220 10481 15633
6155 8397 21107
21107 6155 8397
8397 6155 21107
18066 4634 4650
4634 4650 18066
4650 4634 18066
27748 979 20523
979 20523 27748
20523 979 27748
972 4729 9044
9044 972 4729
4729 972 9044
21695 17319 23144
17319 21695 23144
23144 17319 21695
20994 11528 13906
13906 11528 20994
11528 13906 20994
938 18103 29940
29940 938 18103
18103 938 29940
6541 11170 24070
11170 6541 24070
24070 6541 11170
12708 250 10402
250 10402 12708
10402 250 12708
24329 3310 16203
16203 3310 24329
3310 16203 24329
18045 4235 7534
7534 4235 18045
4235 7534 18045
26895 10229 14395
10229 14395 26895
14395 10229 26895
2321 11965 28775
11965 2321 28775
28775 2321 11965
274 14626 14798
14626 274 14798
14798 274 14626
13476 19290 29574
19290 13476 29574
29574 13476 19290
12693 18303 26357
18303 12693 26357
26357 12693 18303
14390 6781 15339
15339 6781 14390
6781 14390 15339
7074 4799 24234
4799 7074 24234
24234 4799 7074
27962 4551 20453
4551 20453 27962
20453 4551 27962
27820 21763 25151
21763 25151 27820
25151 21763 27820
11369 3661 14599
3661 11369 14599
14599 3661 11369
23578 23956 29711
23956 23578 29711
29711 23578 23956
20695 2341 14965
2341 14965 20695
14965 2341 20695
17012 15199 19871
19871 15199 17012
15199 17012 19871
5365 160 9123
160 5365 9123
9123 160 5365
8204 10736 12691
12691 8204 10736
10736 8204 12691
19544 13521 15075
15075 13521 19544
13521 15075 19544
4540 11293 21068
11293 4540 21068
21068 4540 11293
26423 22150 29215
29215 22150 26423
22150 26423 29215
8804 6083 14886
14886 6083 8804
6083 8804 14886
8480 2011 14011
14011 2011 8480
2011 8480 14011
15000 9208 28791
28791 9208 15000
9208 15000 28791
26374 8730 23678
23678 8730 26374
8730 23678 26374
25705 22697 27763
22697 25705 27763
27763 22697 25705
457 10567 16621
16621 457 10567
10567 457 16621
2398 446 12882
446 2398 12882
12882 446 2398
5518 4531 23811
23811 4531 5518
4531 5518 23811
4171 20893 22807
22807 4171 20893
20893 4171 22807
8287 7322 10582
10582 7322 8287
7322 8287 10582
17173 611 19064
611 17173 19064
19064 611 17173
28790 5906 22532
22532 5906 28790
5906 22532 28790
20213 4564 20055
20055 4564 20213
4564 20055 20213
26875 19238 20411
19238 20411 26875
20411 19238 26875
15309 6343 8219
6343 8219 15309
8219 6343 15309
6728 20228 20833
20833 6728 20228
20228 6728 20833
3836 2010 16796
16796 2010 3836
2010 3836 16796
16689 2487 22190
2487 16689 22190
22190 2487 16689
24627 564 2130
2130 564 24627
564 2130 24627
4835 8096 23736
8096 4835 23736
23736 4835 8096
11914 3905 15308
15308 3905 11914
3905 11914 15308
3490 4613 23239
4613 3490 23239
23239 3490 4613
25748 3051 13939
13939 3051 25748
3051 13939 25748
22159 6469 23298
6469 22159 23298
23298 6469 22159
1925 10613 15949
10613 1925 15949
15949 1925 10613
10812 8260 18255
8260 10812 18255
18255 8260 10812
6601 8788 13693
8788 6601 13693
13693 6601 8788
20341 11451 19851
19851 11451 20341
11451 19851 20341
794 7772 23207
23207 794 7772
7772 794 23207
25681 11900 19389
19389 11900 25681
11900 19389 25681
20492 3781 5553
3781 5553 20492
5553 3781 20492
19560 25287 27309
27309 19560 25287
25287 19560 27309
6086 10765 19717
19717 6086 10765
10765 6086 19717
14800 3789 17870
17870 3789 14800
3789 14800 17870
20290 4047 24106
4047 20290 24106
24106 4047 20290
3383 5538 9290
9290 3383 5538
5538 3383 9290
14896 8050 29054
29054 8050 14896
8050 14896 29054
7397 27479 27899
27479 7397 27899
27899 7397 27479
28513 161 3491
161 3491 28513
3491 161 28513
21302 11127 15055
11127 15055 21302
15055 11127 21302
27086 9944 15408
9944 15408 27086
15408 9944 27086
22186 2877 4510
4510 2877 22186
2877 4510 22186
20410 12964 27351
27351 12964 20410
12964 20410 27351
23707 1050 25292
25292 1050 23707
1050 23707 25292
19640 7808 10139
7808 10139 19640
10139 7808 19640
2668 13052 18719
18719 2668 13052
13052 2668 18719
18973 2636 26527
2636 18973 26527
26527 2636 18973
11378 21142 27852
27852 11378 21142
21142 11378 27852
17806 2230 11827
11827 2230 17806
2230 11827 17806
22031 11787 20999
11787 20999 22031
20999 11787 22031
2728 10260 25022
25022 2728 10260
10260 2728 25022
11438 15141 20382
20382 11438 15141
15141 11438 20382
6036 5765 12860
12860 5765 6036
5765 6036 12860
14957 15592 25244
15592 14957 25244
25244 14957 15592
4022 13035 23112
23112 4022 13035
13035 4022 23112
25733 15740 25634
15740 25634 25733
25634 15740 25733
21381 5811 16586
5811 16586 21381
16586 5811 21381
21441 2474 25270
25270 2474 21441
2474 21441 25270
20070 380 29244
380 20070 29244
29244 380 20070
24738 10922 19979
10922 19979 24738
19979 10922 24738
11080 9492 28912
28912 9492 11080
9492 11080 28912
22132 13007 25413
25413 13007 22132
13007 22132 25413
11887 14754 23048
23048 11887 14754
14754 11887 23048
25337 1764 6413
6413 1764 25337
1764 6413 25337
10417 14062 29963
29963 10417 14062
14062 10417 29963
16620 964 11223
964 11223 16620
11223 964 16620
1254 16226 28669
16226 1254 28669
28669 1254 16226
20622 8726 25473
25473 8726 20622
8726 20622 25473
17676 9228 19032
9228 17676 19032
19032 9228 17676
16220 5952 29106
29106 5952 16220
5952 16220 29106
28081 2513 25616
2513 25616 28081
25616 2513 28081
7878 3163 27551
27551 3163 7878
3163 7878 27551
3733 10438 14398
14398 3733 10438
10438 3733 14398
15559 3500 19908
19908 3500 15559
3500 15559 19908
21865 8034 16197
16197 8034 21865
8034 16197 21865
8684 10085 13820
13820 8684 10085
10085 8684 13820
25017 12455 18068
18068 12455 25017
12455 18068 25017
19450 4669 10814
10814 4669 19450
4669 10814 19450
801 9429 26156
26156 801 9429
9429 801 26156
13121 13836 29741
29741 13121 13836
13836 13121 29741
23594 3202 4580
3202 4580 23594
4580 3202 23594
29687 19598 25054
25054 19598 29687
19598 25054 29687
16601 341 8962
8962 341 16601
341 8962 16601
19603 15281 17761
15281 17761 19603
17761 15281 19603
10854 2462 29659
2462 10854 29659
29659 2462 10854
5693 26512 28958
28958 5693 26512
26512 5693 28958
26083 5290 28899
28899 5290 26083
5290 26083 28899
21837 12696 19577
12696 19577 21837
19577 12696 21837
1638 24056 24473
24056 1638 24473
24473 1638 24056
21364 15211 27406
27406 15211 21364
15211 21364 27406
1583 16872 18193
16872 1583 18193
18193 1583 16872
8054 145 8314
145 8054 8314
8314 145 8054
28876 10124 25217
25217 10124 28876
10124 25217 28876
10425 769 9886
769 9886 10425
9886 769 10425
9372 4731 26445
4731 9372 26445
26445 4731 9372
13542 19820 20240
20240 13542 19820
19820 13542 20240
29032 3328 6333
3328 6333 29032
6333 3328 29032
12399 24490 25543
24490 12399 25543
25543 12399 24490
16632 21338 28082
28082 16632 21338
21338 16632 28082
16029 4587 23319
23319 4587 16029
4587 16029 23319
9951 12335 21742
12335 9951 21742
21742 9951 12335
17452 20201 21138
21138 17452 20201
20201 17452 21138
18612 1348 14128
14128 1348 18612
1348 14128 18612
13472 57 28375
28375 57 13472
57 13472 28375
3085 819 22610
819 3085 22610
22610 819 3085
18915 3828 13058
3828 13058 18915
13058 3828 18915
645 6959 26160
6959 645 26160
26160 645 6959
16519 9187 9800
9187 9800 16519
9800 9187 16519
27727 4390 5929
4390 5929 27727
5929 4390 27727
15069 526 15143
15143 526 15069
526 15069 15143
1729 19154 19997
19997 1729 19154
19154 1729 19997
12565 10356 16051
16051 10356 12565
10356 12565 16051
11276 24692 29830
29830 11276 24692
24692 11276 29830
23136 9291 11384
9291 11384 23136
11384 9291 23136
6008 5197 7882
7882 5197 6008
5197 6008 7882
25242 13347 20986
13347 20986 25242
20986 13347 25242
25623 23648 24076
24076 23648 25623
23648 24076 25623
1580 11128 18893
18893 1580 11128
11128 1580 18893
7535 5017 15149
15149 5017 7535
5017 7535 15149
9238 23385 25149
25149 9238 23385
23385 9238 25149
15395 10272 29564
29564 10272 15395
10272 15395 29564
10142 12099 18012
12099 10142 18012
18012 10142 12099
5240 9023 10155
10155 5240 9023
9023 5240 10155
14974 2417 4919
2417 4919 14974
4919 2417 14974
25019 14901 28889
28889 14901 25019
14901 25019 28889
9069 25660 26856
26856 9069 25660
25660 9069 26856
6353 17880 22879
22879 6353 17880
17880 6353 22879
3089 2807 18617
2807 3089 18617
18617 2807 3089
9219 1160 9092
1160 9092 9219
9092 1160 9219
29444 9128 11435
9128 11435 29444
11435 9128 29444
29181 669 7680
7680 669 29181
669 7680 29181
7819 5873 18239
5873 7819 18239
18239 5873 7819
10264 7558 24257
7558 10264 24257
24257 7558 10264
22293 187 28472
187 22293 28472
28472 187 22293
4487 12823 28279
28279 4487 12823
12823 4487 28279
12461 418 4286
418 4286 12461
4286 418 12461
729 2326 4117
2326 729 4117
4117 729 2326
18999 8592 24434
8592 18999 24434
24434 8592 18999
29305 10257 19437
19437 10257 29305
10257 19437 29305
18935 22765 23832
22765 18935 23832
23832 18935 22765
5122 9447 26728
26728 5122 9447
9447 5122 26728
25837 3725 24263
3725 24263 25837
24263 3725 25837
9016 8512 11927
11927 8512 9016
8512 9016 11927
20879 19404 23119
19404 20879 23119
23119 19404 20879
4414 9859 17553
17553 4414 9859
9859 4414 17553
22097 7831 24536
7831 22097 24536
24536 7831 22097
24418 17524 29630
17524 24418 29630
29630 17524 24418
27952 16878 25636
16878 25636 27952
25636 16878 27952
17277 21085 27959
21085 17277 27959
27959 17277 21085
12786 1675 27588
1675 12786 27588
27588 1675 12786
8134 12055 17775
12055 8134 17775
17775 8134 12055
16085 673 10189
10189 673 16085
673 10189 16085
23215 2615 12618
2615 12618 23215
12618 2615 23215
10727 1280 3929
3929 1280 10727
1280 3929 10727
24517 12738 27754
12738 24517 27754
27754 12738 24517
10087 1905 25425
25425 1905 10087
1905 10087 25425
29632 6240 12990
6240 12990 29632
12990 6240 29632
19210 10093 13632
10093 13632 19210
13632 10093 19210
2510 12819 26320
26320 2510 12819
12819 2510 26320
21971 3192 21237
21237 3192 21971
3192 21237 21971
9772 6831 9305
6831 9305 9772
9305 6831 9772
1597 7776 21333
21333 1597 7776
7776 1597 21333
19588 27975 28879
27975 19588 28879
28879 19588 27975
23981 15130 27326
27326 15130 23981
15130 23981 27326
12180 5840 15508
5840 12180 15508
15508 5840 12180
16546 9524 11499
11499 9524 16546
9524 11499 16546
15185 837 4057
4057 837 15185
837 4057 15185
11867 27228 27908
27228 11867 27908
27908 11867 27228
3350 1956 19507
19507 1956 3350
1956 3350 19507
13221 1900 19789
19789 1900 13221
1900 13221 19789
23405 20540 28264
28264 20540 23405
20540 23405 28264
13381 6213 25658
6213 13381 25658
25658 6213 13381
6693 14029 24929
14029 6693 24929
24929 6693 14029
12648 10671 13546
10671 12648 13546
13546 10671 12648
18146 14169 27870
14169 18146 27870
27870 14169 18146
25229 7093 16844
16844 7093 25229
7093 16844 25229
16283 1184 1232
1184 1232 16283
1232 1184 16283
7723 1425 28194
28194 1425 7723
1425 7723 28194
10807 8647 27690
8647 10807 27690
27690 8647 10807
19914 8092 17517
17517 8092 19914
8092 17517 19914
15496 26185 27071
26185 15496 27071
27071 15496 26185
3701 3157 28550
3157 3701 28550
28550 3157 3701
27806 8537 19636
19636 8537 27806
8537 19636 27806
12403 6393 17646
6393 12403 17646
17646 6393 12403
22090 6996 26754
6996 22090 26754
26754 6996 22090
29432 8265 29434
29434 8265 29432
8265 29432 29434
30000 19958 24402
24402 19958 30000
19958 24402 30000
21945 8715 25772
25772 8715 21945
8715 21945 25772
2391 15028 26693
26693 2391 15028
15028 2391 26693
20516 9331 11768
9331 11768 20516
11768 9331 20516
12321 6018 9927
9927 6018 12321
6018 9927 12321
13091 9199 20291
9199 13091 20291
20291 9199 13091
4496 16261 24618
24618 4496 16261
16261 4496 24618
15017 13966 28933
13966 15017 28933
28933 13966 15017
3075 18368 25650
18368 3075 25650
25650 3075 18368
25753 10086 28493
28493 10086 25753
10086 25753 28493
22014 21655 24443
21655 22014 24443
24443 21655 22014
16514 2963 10587
2963 10587 16514
10587 2963 16514
7798 5201 15161
5201 7798 15161
15161 5201 7798
6306 15736 24123
15736 6306 24123
24123 6306 15736
127 16384 25522
25522 127 16384
16384 127 25522
23942 6669 22818
22818 6669 23942
6669 22818 23942
13307 23684 26462
23684 13307 26462
26462 13307 23684
1555 4025 23120
23120 1555 4025
4025 1555 23120
13758 21235 29231
29231 13758 21235
21235 13758 29231
16096 8522 18567
18567 8522 16096
8522 16096 18567
6938 13073 16918
16918 6938 13073
13073 6938 16918
10022 11486 23081
11486 10022 23081
23081 10022 11486
4485 4014 20968
4014 4485 20968
20968 4014 4485
29510 13769 17128
17128 13769 29510
13769 17128 29510
17149 7829 25040
25040 7829 17149
7829 17149 25040
11030 12546 19973
19973 11030 12546
12546 11030 19973
11106 7705 15117
7705 11106 15117
15117 7705 11106
11206 7915 12969
12969 7915 11206
7915 11206 12969
25743 12887 27607
12887 25743 27607
27607 12887 25743
1133 2245 23622
2245 1133 23622
23622 1133 2245
28024 5127 7599
7599 5127 28024
5127 7599 28024
1466 9449 10010
9449 1466 10010
10010 1466 9449
13812 958 14939
14939 958 13812
958 13812 14939
18630 24484 28751
24484 18630 28751
28751 18630 24484
5048 1537 3232
1537 3232 5048
3232 1537 5048
22153 10256 17385
10256 17385 22153
17385 10256 22153
29480 2718 12833
12833 2718 29480
2718 12833 29480
6637 9680 10565
9680 6637 10565
10565 6637 9680
6117 16039 26319
26319 6117 16039
16039 6117 26319
26212 9297 23864
23864 9297 26212
9297 23864 26212
26119 4600 16778
4600 16778 26119
16778 4600 26119
12279 5453 27965
27965 5453 12279
5453 12279 27965
7222 5065 21471
5065 7222 21471
21471 5065 7222
1575 26797 29990
26797 1575 29990
29990 1575 26797
15872 1721 8113
1721 8113 15872
8113 1721 15872
8955 1137 28049
1137 8955 28049
28049 1137 8955
22968 1608 11987
11987 1608 22968
1608 11987 22968
17626 575 2626
2626 575 17626
575 2626 17626
15254 16151 20168
16151 15254 20168
20168 15254 16151
19009 4081 18975
4081 18975 19009
18975 4081 19009
13478 19724 20407
20407 13478 19724
19724 13478 20407
25295 15775 28727
15775 25295 28727
28727 15775 25295
20397 1364 12540
1364 12540 20397
12540 1364 20397
19647 8729 27478
8729 19647 27478
27478 8729 19647
6031 19804 25900
25900 6031 19804
19804 6031 25900
22057 2066 14416
2066 14416 22057
14416 2066 22057
1212 12236 29155
29155 1212 12236
12236 1212 29155
12385 15659 28462
28462 12385 15659
15659 12385 28462
29162 2646 16755
2646 16755 29162
16755 2646 29162
24250 3880 7211
3880 7211 24250
7211 3880 24250
5526 20252 29439
29439 5526 20252
20252 5526 29439
20922 1711 1809
1809 1711 20922
1711 1809 20922
15691 15174 26354
26354 15174 15691
15174 15691 26354
9874 2490 8539
8539 2490 9874
2490 8539 9874
15101 10366 21503
10366 15101 21503
21503 10366 15101
1332 8438 15240
15240 1332 8438
8438 1332 15240
19355 6100 20896
6100 19355 20896
20896 6100 19355
24226 20640 26163
26163 20640 24226
20640 24226 26163
24651 25896 29723
29723 24651 25896
25896 24651 29723
8503 2940 12160
12160 2940 8503
2940 8503 12160
20724 4055 19597
19597 4055 20724
4055 19597 20724
7696 5778 15737
5778 7696 15737
15737 5778 7696
8614 3740 6972
6972 3740 8614
3740 6972 8614
3623 21489 27281
27281 3623 21489
21489 3623 27281
19167 9116 20555
20555 9116 19167
9116 19167 20555
2795 20720 23320
23320 2795 20720
20720 2795 23320
19721 3479 28486
3479 19721 28486
28486 3479 19721
20620 1584 23609
23609 1584 20620
1584 20620 23609
13099 21226 25798
25798 13099 21226
21226 13099 25798
1462 8597 24967
8597 1462 24967
24967 1462 8597
16100 3312 15077
15077 3312 16100
3312 15077 16100
22372 20025 26281
20025 22372 26281
26281 20025 22372
3424 20419 20487
20419 3424 20487
20487 3424 20419
14897 7123 8494
7123 8494 14897
8494 7123 14897
4776 11473 23771
11473 4776 23771
23771 4776 11473
16211 6450 9515
9515 6450 16211
6450 9515 16211
25096 12928 17510
12928 17510 25096
17510 12928 25096
5932 10053 20370
20370 5932 10053
10053 5932 20370
16328 5028 5160
5028 5160 16328
5160 5028 16328
15543 4161 20059
20059 4161 15543
4161 15543 20059
29196 86 21175
86 21175 29196
21175 86 29196
24440 16965 21531
21531 16965 24440
16965 21531 24440
23843 15873 16103
15873 16103 23843
16103 15873 23843
27341 7283 11963
7283 11963 27341
11963 7283 27341
27816 2281 4384
2281 4384 27816
4384 2281 27816
2840 4112 22089
4112 2840 22089
22089 2840 4112
14688 354 29947
29947 354 14688
354 14688 29947
12350 24058 29672
29672 12350 24058
24058 12350 29672
3022 7515 28777
28777 3022 7515
7515 3022 28777
13677 5561 11603
11603 5561 13677
5561 11603 13677
26889 4042 23023
23023 4042 26889
4042 23023 26889
6085 4230 16392
4230 6085 16392
16392 4230 6085
29993 10716 22592
10716 22592 29993
22592 10716 29993
9749 3845 18989
3845 9749 18989
18989 3845 9749
23121 13385 28087
13385 23121 28087
28087 13385 23121
24679 3408 21204
3408 21204 24679
21204 3408 24679
14953 2591 20702
2591 14953 20702
20702 2591 14953
7038 3787 5552
3787 5552 7038
5552 3787 7038
5937 3266 23433
23433 3266 5937
3266 5937 23433
16140 9010 21653
21653 9010 16140
9010 16140 21653
27598 4253 15321
4253 15321 27598
15321 4253 27598
14560 1557 19525
19525 1557 14560
1557 14560 19525
15764 7662 11826
7662 11826 15764
11826 7662 15764
28510 20688 29307
20688 28510 29307
29307 20688 28510
5479 6808 14792
14792 5479 6808
6808 5479 14792
2878 5368 17820
17820 2878 5368
5368 2878 17820
1166 574 2920
574 1166 2920
2920 574 1166
10524 3918 17298
3918 10524 17298
17298 3918 10524
5183 18476 27076
18476 5183 27076
27076 5183 18476
7853 23343 24871
24871 7853 23343
23343 7853 24871
22929 1877 2505
1877 2505 22929
2505 1877 22929
26597 22861 28143
22861 26597 28143
28143 22861 26597
19185 2271 14427
2271 14427 19185
14427 2271 19185
1727 6727 22737
22737 1727 6727
6727 1727 22737
9750 21891 22182
22182 9750 21891
21891 9750 22182
29596 3748 26214
3748 26214 29596
26214 3748 29596
6733 19088 19204
19088 6733 19204
19204 6733 19088
17794 4479 18112
4479 17794 18112
18112 4479 17794
6466 11331 14686
11331 6466 14686
14686 6466 11331
24551 19719 24088
24088 19719 24551
19719 24088 24551
6987 6885 24723
6885 6987 24723
24723 6885 6987
29700 7449 19263
19263 7449 29700
7449 19263 29700
25695 16876 18485
18485 16876 25695
16876 18485 25695
27833 9681 23987
9681 23987 27833
23987 9681 27833
15804 1390 27968
27968 1390 15804
1390 15804 27968
13649 15109 17543
15109 13649 17543
17543 13649 15109
18583 27359 29522
27359 18583 29522
29522 18583 27359
6661 23198 24225
24225 6661 23198
23198 6661 24225
19322 9250 29664
9250 19322 29664
29664 9250 19322
29211 1652 12008
1652 12008 29211
12008 1652 29211
9145 5033 5063
5033 5063 9145
5063 5033 9145
3175 4386 23724
23724 3175 4386
4386 3175 23724
1016 9151 18991
18991 1016 9151
9151 1016 18991
11876 388 23635
388 11876 23635
23635 388 11876
28180 10334 21080
21080 10334 28180
10334 21080 28180
24189 5650 23732
23732 5650 24189
5650 23732 24189
15945 5179 9916
5179 9916 15945
9916 5179 15945
26290 13443 29775
13443 26290 29775
29775 13443 26290
26577 16146 28006
28006 16146 26577
16146 26577 28006
21109 21180 25922
21180 21109 25922
25922 21109 21180
25857 23764 27865
27865 23764 25857
23764 25857 27865
18580 11907 21504
11907 18580 21504
21504 11907 18580
10686 8033 17672
17672 8033 10686
8033 10686 17672
25527 13584 27135
27135 13584 25527
13584 25527 27135
16532 14758 18430
18430 14758 16532
14758 16532 18430
18844 13662 29463
13662 18844 29463
29463 13662 18844
12444 20877 24904
20877 12444 24904
24904 12444 20877
27773 872 1088
1088 872 27773
872 1088 27773
2206 8840 14620
8840 2206 14620
14620 2206 8840
8445 9660 19101
9660 8445 19101
19101 8445 9660
27559 10842 21638
10842 21638 27559
21638 10842 27559
3325 7899 9869
9869 3325 7899
7899 3325 9869
15106 10598 25193
10598 15106 25193
25193 10598 15106
14365 2529 6820
6820 2529 14365
2529 6820 14365
12940 14086 24762
24762 12940 14086
14086 12940 24762
21269 1065 8036
1065 8036 21269
8036 1065 21269
28773 27064 28409
28409 27064 28773
27064 28409 28773
15217 17146 19251
17146 15217 19251
19251 15217 17146
12839 20745 25114
25114 12839 20745
20745 12839 25114
4910 12886 29091
12886 4910 29091
29091 4910 12886
17686 1752 8261
8261 1752 17686
1752 8261 17686
9657 7721 14291
14291 7721 9657
7721 9657 14291
29208 11003 25044
25044 11003 29208
11003 25044 29208
29086 2161 19111
2161 19111 29086
19111 2161 29086
13334 16712 17010
16712 13334 17010
17010 13334 16712
15128 4020 27978
4020 15128 27978
27978 4020 15128
27035 24829 28582
24829 27035 28582
28582 24829 27035
22628 11751 15925
11751 15925 22628
15925 11751 22628
4134 14335 28053
28053 4134 14335
14335 4134 28053
28457 2601 20293
20293 2601 28457
2601 20293 28457
27038 6016 14541
6016 14541 27038
14541 6016 27038
10804 12143 28189
28189 10804 12143
12143 10804 28189
27150 6859 13426
13426 6859 27150
6859 13426 27150
9696 5635 12646
12646 5635 9696
5635 9696 12646
23155 6719 9647
9647 6719 23155
6719 9647 23155
18949 3117 25488
3117 18949 25488
25488 3117 18949
25348 23806 28934
23806 25348 28934
28934 23806 25348
2389 11403 28957
28957 2389 11403
11403 2389 28957
15916 7694 11284
11284 7694 15916
7694 11284 15916
4528 1014 22770
1014 4528 22770
22770 1014 4528
3361 12119 14794
12119 3361 14794
14794 3361 12119
22068 13920 22464
13920 22068 22464
22464 13920 22068
7089 7306 9879
7306 7089 9879
9879 7089 7306
15324 16352 25582
16352 15324 25582
25582 15324 16352
16845 9345 27011
9345 16845 27011
27011 9345 16845
19742 4298 5923
4298 5923 19742
5923 4298 19742
6014 3374 27374
27374 3374 6014
3374 6014 27374
1207 16115 25294
16115 1207 25294
25294 1207 16115
16058 2344 29359
2344 16058 29359
29359 2344 16058
26656 3530 22963
22963 3530 26656
3530 22963 26656
4383 3568 27091
3568 4383 27091
27091 3568 4383
3557 19845 26435
26435 3557 19845
19845 3557 26435
2126 18458 25265
25265 2126 18458
18458 2126 25265
24179 703 15557
15557 703 24179
703 15557 24179
20239 7109 18077
18077 7109 20239
7109 18077 20239
25706 13240 18371
13240 18371 25706
18371 13240 25706
9019 8463 26951
26951 8463 9019
8463 9019 26951
12438 6300 13596
13596 6300 12438
6300 12438 13596
16646 563 12765
12765 563 16646
563 12765 16646
29397 6230 11881
11881 6230 29397
6230 11881 29397
17782 1146 28938
28938 1146 17782
1146 17782 28938
18950 4801 8386
8386 4801 18950
4801 8386 18950
26332 4128 12963
12963 4128 26332
4128 12963 26332
11862 20675 20827
20827 11862 20675
20675 11862 20827
8043 1510 20560
1510 8043 20560
20560 1510 8043
17285 10942 23002
10942 17285 23002
23002 10942 17285
22061 4334 29909
29909 4334 22061
4334 22061 29909
27470 27176 29312
29312 27176 27470
27176 27470 29312
13328 15391 24866
24866 13328 15391
15391 13328 24866
20418 2709 6302
2709 6302 20418
6302 2709 20418
22944 2144 24149
2144 22944 24149
24149 2144 22944
29080 12282 14576
14576 12282 29080
12282 14576 29080
19358 9652 18958
18958 9652 19358
9652 18958 19358
26431 583 11578
11578 583 26431
583 11578 26431
23481 11139 22518
22518 11139 23481
11139 22518 23481
17246 20068 21644
21644 17246 20068
20068 17246 21644
19814 13308 16196
13308 16196 19814
16196 13308 19814
18849 7214 22858
22858 7214 18849
7214 18849 22858
8832 14452 19026
19026 8832 14452
14452 8832 19026
16932 2941 5303
5303 2941 16932
2941 5303 16932
28449 8980 24072
24072 8980 28449
8980 24072 28449
28511 8345 8352
8352 8345 28511
8345 8352 28511
4465 4532 27029
4532 4465 27029
27029 4465 4532
18919 11272 24788
24788 11272 18919
11272 18919 24788
17164 12229 24110
24110 12229 17164
12229 17164 24110
18886 2972 22322
2972 18886 22322
22322 2972 18886
23061 4549 6277
6277 4549 23061
4549 6277 23061
6440 27069 27225
27225 6440 27069
27069 6440 27225
19875 12454 21654
12454 19875 21654
21654 12454 19875
6602 5965 6370
6370 5965 6602
5965 6370 6602
26162 17096 24008
17096 24008 26162
24008 17096 26162
8805 5581 17843
17843 5581 8805
5581 8805 17843
17785 8104 12892
8104 12892 17785
12892 8104 17785
15959 13208 20511
20511 13208 15959
13208 15959 20511
7086 2031 29053
29053 2031 7086
2031 7086 29053
22953 7622 24792
24792 7622 22953
7622 22953 24792
20611 18362 28830
18362 20611 28830
28830 18362 20611
28998 2532 10119
2532 10119 28998
10119 2532 28998
24135 2185 11286
11286 2185 24135
2185 11286 24135
26833 15289 21209
21209 15289 26833
15289 21209 26833
13017 19475 20095
20095 13017 19475
19475 13017 20095
24312 22669 28159
22669 24312 28159
28159 22669 24312
27061 18983 22831
18983 22831 27061
22831 18983 27061
27008 2202 15883
15883 2202 27008
2202 15883 27008
18726 9269 26657
