29652 4903 21462
4903 21462 29652
21462 4903 29652
9550 850 19743
19743 850 9550
850 9550 19743
28666 12199 21887
21887 12199 28666
12199 21887 28666
26809 14803 23839
23839 14803 26809
14803 23839 26809
27818 9564 14649
9564 14649 27818
14649 9564 27818
19585 13028 13341
13341 13028 19585
13028 13341 19585
19375 22377 23996
22377 19375 23996
23996 19375 22377
5922 5463 27225
27225 5463 5922
5463 5922 27225
4332 4426 23196
23196 4332 4426
4426 4332 23196
4374 3508 29321
29321 3508 4374
3508 4374 29321
22589 10872 13751
10872 13751 22589
13751 10872 22589
8310 11415 26242
26242 8310 11415
11415 8310 26242
13757 23608 27229
27229 13757 23608
23608 13757 27229
13372 2709 12200
12200 2709 13372
2709 12200 13372
29788 3929 4558
3929 4558 29788
4558 3929 29788
21250 12857 20157
20157 12857 21250
12857 20157 21250
6133 11447 23397
23397 6133 11447
11447 6133 23397
29546 16627 19033
19033 16627 29546
16627 19033 29546
23587 11678 27443
27443 11678 23587
11678 23587 27443
19872 1632 6152
6152 1632 19872
1632 6152 19872
21468 6974 12097
12097 6974 21468
6974 12097 21468
6053 6687 22484
22484 6053 6687
6687 6053 22484
18590 14951 17512
17512 14951 18590
14951 17512 18590
27271 6247 15526
15526 6247 27271
6247 15526 27271
8280 6463 25713
6463 8280 25713
25713 6463 8280
19460 13106 16420
13106 16420 19460
16420 13106 19460
1607 10654 24492
10654 1607 24492
24492 1607 10654
27418 4754 25207
25207 4754 27418
4754 25207 27418
1671 15727 23590
15727 1671 23590
23590 1671 15727
5317 4182 11126
11126 4182 5317
4182 5317 11126
341 15083 27737
27737 341 15083
15083 341 27737
346 16404 28387
16404 346 28387
28387 346 16404
16649 4518 23673
4518 16649 23673
23673 4518 16649
17186 17881 18914
18914 17186 17881
17881 17186 18914
26734 12465 21893
12465 21893 26734
21893 12465 26734
13605 10951 19196
19196 10951 13605
10951 13605 19196
11856 22846 24823
22846 11856 24823
24823 11856 22846
2522 68 15763
15763 68 2522
68 2522 15763
15576 6094 9746
9746 6094 15576
6094 9746 15576
2362 2837 6624
2837 2362 6624
6624 2362 2837
24740 11105 18009
18009 11105 24740
11105 18009 24740
18370 13343 27963
27963 13343 18370
13343 18370 27963
305 13316 16139
13316 305 16139
16139 305 13316
19071 4154 12764
4154 12764 19071
12764 4154 19071
28615 7890 9898
7890 9898 28615
9898 7890 28615
27738 1066 18969
18969 1066 27738
1066 18969 27738
4879 1639 7341
7341 1639 4879
1639 4879 7341
7755 6274 10451
6274 7755 10451
10451 6274 7755
15553 9265 12381
12381 9265 15553
9265 12381 15553
10480 21437 22251
21437 10480 22251
22251 10480 21437
4313 7476 20804
20804 4313 7476
7476 4313 20804
1177 929 23713
23713 929 1177
929 1177 23713
28044 20370 25245
25245 20370 28044
20370 25245 28044
25449 1644 12905
1644 12905 25449
12905 1644 25449
14371 7924 24175
24175 7924 14371
7924 14371 24175
13821 11561 21720
21720 11561 13821
11561 13821 21720
19688 16202 29160
29160 16202 19688
16202 19688 29160
21336 3372 19059
19059 3372 21336
3372 19059 21336
14390 13699 13891
13891 13699 14390
13699 13891 14390
14332 14625 24955
14625 14332 24955
24955 14332 14625
6444 11145 18649
11145 6444 18649
18649 6444 11145
20551 6978 14903
14903 6978 20551
6978 14903 20551
1081 3075 26205
26205 1081 3075
3075 1081 26205
1460 13299 15924
15924 1460 13299
13299 1460 15924
10251 3626 4555
4555 3626 10251
3626 4555 10251
4669 3192 10513
3192 4669 10513
10513 3192 4669
28000 519 22255
22255 519 28000
519 22255 28000
5310 5240 18574
18574 5240 5310
5240 5310 18574
22069 20930 24858
20930 22069 24858
24858 20930 22069
28838 20658 25349
25349 20658 28838
20658 25349 28838
14290 9686 21767
21767 9686 14290
9686 14290 21767
22031 19595 22008
22008 19595 22031
19595 22008 22031
20358 4814 25164
25164 4814 20358
4814 20358 25164
20415 1399 21765
1399 20415 21765
21765 1399 20415
16951 5749 16232
16232 5749 16951
5749 16232 16951
19161 3937 26477
26477 3937 19161
3937 19161 26477
25314 19581 28955
19581 25314 28955
28955 19581 25314
14061 24351 27052
24351 14061 27052
27052 14061 24351
11137 7599 18331
7599 11137 18331
18331 7599 11137
12742 495 6301
495 6301 12742
6301 495 12742
8335 3001 28807
3001 8335 28807
28807 3001 8335
4541 1697 11516
1697 4541 11516
11516 1697 4541
19620 14009 29140
14009 19620 29140
29140 14009 19620
2260 2052 22139
22139 2052 2260
2052 2260 22139
17401 16626 26622
26622 16626 17401
16626 17401 26622
451 2937 26954
26954 451 2937
2937 451 26954
18627 18236 21740
21740 18236 18627
18236 18627 21740
23525 1911 7827
1911 7827 23525
7827 1911 23525
21187 23495 28388
28388 21187 23495
23495 21187 28388
12686 965 18974
965 12686 18974
18974 965 12686
1733 17262 20144
20144 1733 17262
17262 1733 20144
15412 2446 11339
2446 11339 15412
11339 2446 15412
9064 822 22336
22336 822 9064
822 9064 22336
2291 8913 9249
8913 2291 9249
9249 2291 8913
29545 4960 7762
4960 7762 29545
7762 4960 29545
29116 10816 16201
16201 10816 29116
10816 16201 29116
16186 23772 26214
23772 16186 26214
26214 16186 23772
14167 6547 16559
16559 6547 14167
6547 14167 16559
26541 6086 8095
8095 6086 26541
6086 8095 26541
14200 13788 18055
18055 13788 14200
13788 14200 18055
13209 9745 23103
23103 9745 13209
9745 13209 23103
4429 11833 26856
26856 4429 11833
11833 4429 26856
28412 111 19556
19556 111 28412
111 19556 28412
11639 257 9662
257 9662 11639
9662 257 11639
23460 23829 24017
23829 23460 24017
24017 23460 23829
29839 7634 21317
7634 21317 29839
21317 7634 29839
10987 14000 14555
14555 10987 14000
14000 10987 14555
24056 4079 18071
18071 4079 24056
4079 18071 24056
7581 10269 19314
19314 7581 10269
10269 7581 19314
23244 5506 17168
5506 17168 23244
17168 5506 23244
16273 4799 13581
13581 4799 16273
4799 13581 16273
6186 10625 27850
10625 6186 27850
27850 6186 10625
7108 9645 17050
17050 7108 9645
9645 7108 17050
6801 2456 6056
6056 2456 6801
2456 6056 6801
10848 4760 4972
4760 4972 10848
4972 4760 10848
6817 14526 23095
23095 6817 14526
14526 6817 23095
13836 24142 28350
28350 13836 24142
24142 13836 28350
9528 6863 11577
11577 6863 9528
6863 9528 11577
27411 10087 27401
27401 10087 27411
10087 27401 27411
13359 8804 16541
8804 13359 16541
16541 8804 13359
24643 25200 28715
28715 24643 25200
25200 24643 28715
21056 13480 18158
18158 13480 21056
13480 18158 21056
15379 4940 8268
8268 4940 15379
4940 8268 15379
8637 27030 27907
27030 8637 27907
27907 8637 27030
7130 5997 10105
5997 7130 10105
10105 5997 7130
8331 2949 18355
2949 8331 18355
18355 2949 8331
1240 5967 13974
5967 1240 13974
13974 1240 5967
4564 383 12461
383 4564 12461
12461 383 4564
15848 6343 8940
8940 6343 15848
6343 8940 15848
17944 14340 26169
26169 14340 17944
14340 17944 26169
10219 8896 20477
20477 8896 10219
8896 10219 20477
25444 7186 21909
7186 21909 25444
21909 7186 25444
755 1887 5991
5991 755 1887
1887 755 5991
25400 4701 20521
4701 20521 25400
20521 4701 25400
16881 2874 19065
2874 16881 19065
19065 2874 16881
7218 4264 23362
23362 4264 7218
4264 7218 23362
8830 10858 17431
10858 8830 17431
17431 8830 10858
2569 17227 19639
17227 2569 19639
19639 2569 17227
8461 21620 23316
23316 8461 21620
21620 8461 23316
12409 7076 13401
13401 7076 12409
7076 12409 13401
24868 5912 27948
27948 5912 24868
5912 24868 27948
16961 16989 27791
16989 16961 27791
27791 16961 16989
18339 626 25619
25619 626 18339
626 18339 25619
21281 9056 22060
22060 9056 21281
9056 21281 22060
1882 518 4849
4849 518 1882
518 1882 4849
24181 504 7522
504 7522 24181
7522 504 24181
12051 9833 18508
18508 9833 12051
9833 12051 18508
5806 7561 21926
7561 5806 21926
21926 5806 7561
27464 20921 27065
20921 27065 27464
27065 20921 27464
22707 25384 26879
26879 22707 25384
25384 22707 26879
2564 9524 16944
16944 2564 9524
9524 2564 16944
24035 4684 6733
6733 4684 24035
4684 6733 24035
24069 2390 24055
24055 2390 24069
2390 24055 24069
2223 8380 22276
22276 2223 8380
8380 2223 22276
19389 5682 12242
12242 5682 19389
5682 12242 19389
25877 8007 23202
23202 8007 25877
8007 23202 25877
270 12648 19288
12648 270 19288
19288 270 12648
8169 13931 16796
13931 8169 16796
16796 8169 13931
310 7295 29599
29599 310 7295
7295 310 29599
23246 19073 24093
19073 23246 24093
24093 19073 23246
17888 10328 17219
10328 17219 17888
17219 10328 17888
22208 9254 25484
9254 22208 25484
25484 9254 22208
6231 8768 14811
8768 6231 14811
14811 6231 8768
9371 1682 9187
1682 9187 9371
9187 1682 9371
907 15767 27199
15767 907 27199
27199 907 15767
9297 16492 18061
18061 9297 16492
16492 9297 18061
5482 4540 9195
4540 5482 9195
9195 4540 5482
27601 1985 16563
16563 1985 27601
1985 16563 27601
5441 4446 5658
5658 4446 5441
4446 5441 5658
10498 4552 18371
4552 10498 18371
18371 4552 10498
18599 196 21809
21809 196 18599
196 18599 21809
497 6329 14901
6329 497 14901
14901 497 6329
29798 10148 18462
18462 10148 29798
10148 18462 29798
17774 3715 29705
3715 17774 29705
29705 3715 17774
21697 20531 23748
20531 21697 23748
23748 20531 21697
1429 75 3275
75 1429 3275
3275 75 1429
9197 16823 29675
29675 9197 16823
16823 9197 29675
6246 7425 14074
14074 6246 7425
7425 6246 14074
29240 5861 6653
5861 6653 29240
6653 5861 29240
11660 7073 16488
16488 7073 11660
7073 11660 16488
18687 7959 9523
7959 9523 18687
9523 7959 18687
757 6031 28224
6031 757 28224
28224 757 6031
15806 12669 29655
29655 12669 15806
12669 15806 29655
13560 9175 27290
9175 13560 27290
27290 9175 13560
10610 4794 18052
18052 4794 10610
4794 10610 18052
17003 3976 10611
3976 10611 17003
10611 3976 17003
27979 2578 22953
2578 22953 27979
22953 2578 27979
24767 181 17817
17817 181 24767
181 17817 24767
8432 5932 12507
12507 5932 8432
5932 8432 12507
9343 21219 24918
21219 9343 24918
24918 9343 21219
12740 11382 28781
11382 12740 28781
28781 11382 12740
1349 5373 18669
5373 1349 18669
18669 1349 5373
10227 14978 24271
14978 10227 24271
24271 10227 14978
10459 25173 28898
28898 10459 25173
25173 10459 28898
10839 15926 25436
25436 10839 15926
15926 10839 25436
16689 5907 19445
19445 5907 16689
5907 16689 19445
13013 18037 23828
18037 13013 23828
23828 13013 18037
26487 6644 20064
20064 6644 26487
6644 20064 26487
21071 6414 12974
6414 12974 21071
12974 6414 21071
6531 25869 26514
26514 6531 25869
25869 6531 26514
12519 1241 14745
14745 1241 12519
1241 12519 14745
7524 22229 27893
27893 7524 22229
22229 7524 27893
25766 4180 10856
10856 4180 25766
4180 10856 25766
25841 13152 16693
13152 16693 25841
16693 13152 25841
17145 25045 27306
25045 17145 27306
27306 17145 25045
10302 7262 15591
7262 10302 15591
15591 7262 10302
29177 7475 27546
7475 27546 29177
27546 7475 29177
11558 17927 19662
17927 11558 19662
19662 11558 17927
19231 3482 19338
19338 3482 19231
3482 19231 19338
20208 11770 17222
11770 17222 20208
17222 11770 20208
18132 8131 10308
8131 10308 18132
10308 8131 18132
24746 7796 21557
21557 7796 24746
7796 21557 24746
23347 16179 28933
28933 16179 23347
16179 23347 28933
15994 2910 23904
2910 15994 23904
23904 2910 15994
20802 1569 8311
8311 1569 20802
1569 8311 20802
25943 5435 12563
5435 12563 25943
12563 5435 25943
23928 2284 10029
10029 2284 23928
2284 10029 23928
14671 7551 18580
7551 14671 18580
18580 7551 14671
8490 6337 13170
13170 6337 8490
6337 8490 13170
22141 17193 21042
21042 17193 22141
17193 21042 22141
9421 14350 27926
14350 9421 27926
27926 9421 14350
8113 12647 26271
26271 8113 12647
12647 8113 26271
2591 3520 8795
8795 2591 3520
3520 2591 8795
22342 5505 21880
21880 5505 22342
5505 21880 22342
27863 11443 24709
24709 11443 27863
11443 24709 27863
24938 8190 12397
8190 12397 24938
12397 8190 24938
12763 10409 20176
10409 12763 20176
20176 10409 12763
8612 7771 17206
7771 8612 17206
17206 7771 8612
21648 7746 12272
12272 7746 21648
7746 12272 21648
3496 5398 17045
17045 3496 5398
5398 3496 17045
10102 2425 16471
16471 2425 10102
2425 10102 16471
13825 28631 28800
28800 13825 28631
28631 13825 28800
4219 8473 29725
8473 4219 29725
29725 4219 8473
7980 6811 17537
17537 6811 7980
6811 7980 17537
21422 6986 18926
18926 6986 21422
6986 18926 21422
22832 4392 14974
4392 14974 22832
14974 4392 22832
15949 18520 27727
18520 15949 27727
27727 15949 18520
21149 8366 17635
8366 17635 21149
17635 8366 21149
29307 17105 18806
17105 18806 29307
18806 17105 29307
18665 14797 26957
14797 18665 26957
26957 14797 18665
11535 1431 12992
1431 11535 12992
12992 1431 11535
10996 24280 28516
24280 10996 28516
28516 10996 24280
11024 4107 19927
19927 4107 11024
4107 11024 19927
20019 12603 19976
19976 12603 20019
12603 19976 20019
22246 13069 24241
24241 13069 22246
13069 22246 24241
15841 621 26091
621 15841 26091
26091 621 15841
24145 7751 28918
28918 7751 24145
7751 24145 28918
538 885 26640
26640 538 885
885 538 26640
25301 2095 5529
5529 2095 25301
2095 5529 25301
25637 5327 29759
5327 25637 29759
29759 5327 25637
21538 13477 17542
17542 13477 21538
13477 17542 21538
1406 8409 26252
8409 1406 26252
26252 1406 8409
7647 15084 17536
15084 7647 17536
17536 7647 15084
9090 5001 27427
5001 9090 27427
27427 5001 9090
27466 17127 26559
26559 17127 27466
17127 26559 27466
4993 14096 22149
22149 4993 14096
14096 4993 22149
23696 818 6920
818 6920 23696
6920 818 23696
25698 2721 9809
9809 2721 25698
2721 9809 25698
20784 7667 25601
7667 20784 25601
25601 7667 20784
5085 3052 6561
6561 3052 5085
3052 5085 6561
26300 4357 24190
4357 24190 26300
24190 4357 26300
25528 18169 23332
23332 18169 25528
18169 23332 25528
4366 1916 2905
1916 2905 4366
2905 1916 4366
24157 8384 21297
21297 8384 24157
8384 21297 24157
12153 15221 22616
15221 12153 22616
22616 12153 15221
5065 29279 29662
29662 5065 29279
29279 5065 29662
4351 7686 14547
7686 4351 14547
14547 4351 7686
312 4695 7586
4695 312 7586
7586 312 4695
11720 10645 25185
10645 11720 25185
25185 10645 11720
29086 12838 29778
29778 12838 29086
12838 29086 29778
15738 1231 29200
1231 15738 29200
29200 1231 15738
17387 1171 10786
1171 10786 17387
10786 1171 17387
17950 1468 25671
1468 17950 25671
25671 1468 17950
22695 6024 20705
20705 6024 22695
6024 20705 22695
6967 13890 21998
13890 6967 21998
21998 6967 13890
22329 4104 4954
4954 4104 22329
4104 4954 22329
7717 4509 20454
20454 4509 7717
4509 7717 20454
13854 2298 18174
18174 2298 13854
2298 13854 18174
12943 3264 25630
25630 3264 12943
3264 12943 25630
9945 9640 21635
21635 9640 9945
9640 9945 21635
26007 6423 23819
23819 6423 26007
6423 23819 26007
2269 8141 27801
27801 2269 8141
8141 2269 27801
2364 12455 16389
12455 2364 16389
16389 2364 12455
24098 5268 18817
18817 5268 24098
5268 18817 24098
12627 7740 12154
12154 7740 12627
7740 12154 12627
28095 13669 20093
20093 13669 28095
13669 20093 28095
20518 6514 24401
6514 20518 24401
24401 6514 20518
3729 14318 16899
16899 3729 14318
14318 3729 16899
27322 10501 29395
10501 27322 29395
29395 10501 27322
22337 13015 18990
13015 18990 22337
18990 13015 22337
15314 2395 21619
21619 2395 15314
2395 15314 21619
21833 1368 24780
24780 1368 21833
1368 21833 24780
5146 1714 24889
1714 5146 24889
24889 1714 5146
17698 14678 21793
21793 14678 17698
14678 17698 21793
19545 11870 26374
26374 11870 19545
11870 19545 26374
6940 8052 11148
11148 6940 8052
8052 6940 11148
18081 371 24370
371 18081 24370
24370 371 18081
13737 3297 28693
3297 13737 28693
28693 3297 13737
19802 15173 17971
15173 17971 19802
17971 15173 19802
20456 4911 7590
7590 4911 20456
4911 7590 20456
18922 5514 26950
5514 18922 26950
26950 5514 18922
7528 5565 29246
5565 7528 29246
29246 5565 7528
24873 13885 29510
29510 13885 24873
13885 24873 29510
17106 3435 3613
3613 3435 17106
3435 3613 17106
1449 19742 24867
24867 1449 19742
19742 1449 24867
27968 18243 18894
18243 18894 27968
18894 18243 27968
14438 24485 28374
24485 14438 28374
28374 14438 24485
5941 5219 21673
21673 5219 5941
5219 5941 21673
14420 8185 8457
8457 8185 14420
8185 8457 14420
25392 7715 9918
9918 7715 25392
7715 9918 25392
22433 16612 20880
16612 20880 22433
20880 16612 22433
3744 2558 5026
5026 2558 3744
2558 3744 5026
20865 5738 23584
5738 20865 23584
23584 5738 20865
15552 17965 22974
22974 15552 17965
17965 15552 22974
4303 595 10391
10391 595 4303
595 4303 10391
13226 14273 26660
26660 13226 14273
14273 13226 26660
2460 18162 23395
18162 2460 23395
23395 2460 18162
21103 514 29285
514 21103 29285
29285 514 21103
21816 16880 26813
16880 21816 26813
26813 16880 21816
5077 14086 16874
16874 5077 14086
14086 5077 16874
4553 14718 20499
20499 4553 14718
14718 4553 20499
15891 5468 27221
27221 5468 15891
5468 15891 27221
3034 9755 28341
9755 3034 28341
28341 3034 9755
17258 25300 26824
25300 17258 26824
26824 17258 25300
25828 12541 23534
12541 23534 25828
23534 12541 25828
5359 4524 29937
4524 5359 29937
29937 4524 5359
19604 3803 29080
29080 3803 19604
3803 19604 29080
921 18861 25409
25409 921 18861
18861 921 25409
3774 537 7725
537 3774 7725
7725 537 3774
4977 12245 24103
24103 4977 12245
12245 4977 24103
20603 10346 16324
10346 16324 20603
16324 10346 20603
9376 26664 28232
26664 9376 28232
28232 9376 26664
8412 4102 24564
24564 4102 8412
4102 8412 24564
7445 9557 29427
9557 7445 29427
29427 7445 9557
12597 27539 29543
27539 12597 29543
29543 12597 27539
1902 9732 23358
9732 1902 23358
23358 1902 9732
12445 3382 27831
27831 3382 12445
3382 12445 27831
24408 12164 17909
12164 17909 24408
17909 12164 24408
16050 21331 22730
22730 16050 21331
21331 16050 22730
28493 2919 3826
3826 2919 28493
2919 3826 28493
21963 14950 26625
26625 14950 21963
14950 21963 26625
21242 3385 26248
26248 3385 21242
3385 21242 26248
6580 14103 23622
23622 6580 14103
14103 6580 23622
13604 9491 25480
25480 9491 13604
9491 13604 25480
17304 13808 19434
13808 17304 19434
19434 13808 17304
11563 13415 24164
13415 11563 24164
24164 11563 13415
19521 8232 27182
27182 8232 19521
8232 19521 27182
20980 887 19947
19947 887 20980
887 19947 20980
1622 6875 8989
6875 1622 8989
8989 1622 6875
3912 13856 17924
13856 3912 17924
17924 3912 13856
14475 1371 13236
13236 1371 14475
1371 13236 14475
16741 21761 29835
29835 16741 21761
21761 16741 29835
12286 8949 10216
8949 10216 12286
10216 8949 12286
17056 6334 19119
6334 17056 19119
19119 6334 17056
16726 2271 21990
2271 16726 21990
21990 2271 16726
2129 10360 14979
10360 2129 14979
14979 2129 10360
1100 6660 7799
6660 1100 7799
7799 1100 6660
2534 2785 17471
17471 2534 2785
2785 2534 17471
8943 12969 14877
12969 8943 14877
14877 8943 12969
12239 236 20511
20511 236 12239
236 12239 20511
15291 571 27338
571 15291 27338
27338 571 15291
29946 17891 20952
20952 17891 29946
17891 20952 29946
1207 23418 24802
23418 1207 24802
24802 1207 23418
24786 1997 13883
13883 1997 24786
1997 13883 24786
16775 6885 14985
14985 6885 16775
6885 14985 16775
27700 11612 12817
11612 12817 27700
12817 11612 27700
6285 2934 11053
11053 2934 6285
2934 6285 11053
7685 11873 25257
25257 7685 11873
11873 7685 25257
5330 16146 22836
22836 5330 16146
16146 5330 22836
20972 15769 21221
21221 15769 20972
15769 20972 21221
6043 5020 16082
16082 5020 6043
5020 6043 16082
804 5127 11460
11460 804 5127
5127 804 11460
4270 814 17265
17265 814 4270
814 4270 17265
11029 2092 14964
2092 11029 14964
14964 2092 11029
16866 18560 18971
18971 16866 18560
18560 16866 18971
8800 9622 23497
23497 8800 9622
9622 8800 23497
21323 8154 19522
19522 8154 21323
8154 19522 21323
18749 6651 17699
17699 6651 18749
6651 17699 18749
6905 11934 22940
11934 6905 22940
22940 6905 11934
24378 3421 14936
14936 3421 24378
3421 14936 24378
22343 9216 21916
21916 9216 22343
9216 21916 22343
27198 12263 19086
12263 19086 27198
19086 12263 27198
28597 6427 17491
17491 6427 28597
6427 17491 28597
7643 19596 25324
25324 7643 19596
19596 7643 25324
711 4376 9106
9106 711 4376
4376 711 9106
13208 9611 11345
11345 9611 13208
9611 11345 13208
19644 13190 27784
13190 19644 27784
27784 13190 19644
25678 11227 15979
11227 15979 25678
15979 11227 25678
12440 12499 16054
16054 12440 12499
12499 12440 16054
26411 15548 27671
27671 15548 26411
15548 26411 27671
22955 8954 21658
21658 8954 22955
8954 21658 22955
21258 16838 19072
16838 19072 21258
19072 16838 21258
17422 5610 9938
5610 9938 17422
9938 5610 17422
7433 6591 11816
11816 6591 7433
6591 7433 11816
28128 5388 13161
13161 5388 28128
5388 13161 28128
26529 8436 28066
8436 26529 28066
28066 8436 26529
10086 9897 17984
9897 10086 17984
17984 9897 10086
8212 5143 17036
5143 8212 17036
17036 5143 8212
2702 4850 21391
21391 2702 4850
4850 2702 21391
6780 12505 20219
12505 6780 20219
20219 6780 12505
27049 19740 26869
26869 19740 27049
19740 26869 27049
15492 10752 17272
17272 10752 15492
10752 15492 17272
6757 4211 21717
4211 6757 21717
21717 4211 6757
8631 16067 24455
16067 8631 24455
24455 8631 16067
10261 1771 26302
26302 1771 10261
1771 10261 26302
27813 2304 2445
2445 2304 27813
2304 2445 27813
3945 10896 13328
13328 3945 10896
10896 3945 13328
26670 10112 10692
10692 10112 26670
10112 10692 26670
5114 17216 28846
28846 5114 17216
17216 5114 28846
18902 20596 28352
28352 18902 20596
20596 18902 28352
23871 1605 29010
1605 23871 29010
29010 1605 23871
10621 17513 20175
17513 10621 20175
20175 10621 17513
10637 4114 13426
4114 10637 13426
13426 4114 10637
13938 12083 22129
22129 12083 13938
12083 13938 22129
27610 10024 26594
26594 10024 27610
10024 26594 27610
13084 5364 23206
23206 5364 13084
5364 13084 23206
21971 2925 4710
4710 2925 21971
2925 4710 21971
4412 25579 27365
25579 4412 27365
27365 4412 25579
24764 873 10901
873 10901 24764
10901 873 24764
16886 2730 12476
2730 12476 16886
12476 2730 16886
1582 17253 21364
17253 1582 21364
21364 1582 17253
27288 16247 16765
16765 16247 27288
16247 16765 27288
16299 11398 29063
29063 11398 16299
11398 16299 29063
22026 1703 7282
7282 1703 22026
1703 7282 22026
24735 7339 11640
7339 11640 24735
11640 7339 24735
24893 17268 18168
18168 17268 24893
17268 18168 24893
9703 9663 29908
29908 9663 9703
9663 9703 29908
3657 21995 29619
29619 3657 21995
21995 3657 29619
7580 19741 27726
27726 7580 19741
19741 7580 27726
20407 11116 23489
23489 11116 20407
11116 20407 23489
23044 22573 29469
22573 23044 29469
29469 22573 23044
6794 11418 21240
11418 6794 21240
21240 6794 11418
14862 8348 27544
8348 14862 27544
27544 8348 14862
212 5457 7587
7587 212 5457
5457 212 7587
15881 10141 12474
10141 12474 15881
12474 10141 15881
17532 14110 21977
14110 17532 21977
21977 14110 17532
28137 7681 24499
7681 24499 28137
24499 7681 28137
15535 16845 26338
26338 15535 16845
16845 15535 26338
26735 5965 15358
5965 15358 26735
15358 5965 26735
11523 14283 19393
14283 11523 19393
19393 11523 14283
24224 6597 23555
6597 23555 24224
23555 6597 24224
17720 12398 27521
27521 12398 17720
12398 17720 27521
6649 16142 19514
16142 6649 19514
19514 6649 16142
19797 22666 28559
22666 19797 28559
28559 19797 22666
18703 24874 27649
24874 18703 27649
27649 18703 24874
13531 3856 29497
29497 3856 13531
3856 13531 29497
15746 7326 27943
27943 7326 15746
7326 15746 27943
7839 15617 16523
16523 7839 15617
15617 7839 16523
11848 905 19575
19575 905 11848
905 11848 19575
9275 4384 13462
13462 4384 9275
4384 9275 13462
1799 7971 18064
18064 1799 7971
7971 1799 18064
6626 5829 9502
5829 6626 9502
9502 5829 6626
26991 6225 12238
6225 12238 26991
12238 6225 26991
2392 17358 19282
17358 2392 19282
19282 2392 17358
24920 17697 22424
17697 22424 24920
22424 17697 24920
11086 15676 29418
29418 11086 15676
15676 11086 29418
12588 1668 24395
24395 1668 12588
1668 12588 24395
18954 10402 17602
17602 10402 18954
10402 17602 18954
21349 419 15939
15939 419 21349
419 15939 21349
17836 658 21856
658 17836 21856
21856 658 17836
18946 3653 28472
28472 3653 18946
3653 18946 28472
29998 9170 9234
9234 9170 29998
9170 9234 29998
20886 2554 29901
2554 20886 29901
29901 2554 20886
28721 21279 22173
21279 22173 28721
22173 21279 28721
7329 4159 5915
4159 5915 7329
5915 4159 7329
8955 13491 25881
13491 8955 25881
25881 8955 13491
25719 16812 20876
16812 20876 25719
20876 16812 25719
28521 7234 11614
7234 11614 28521
11614 7234 28521
24962 6197 15514
15514 6197 24962
6197 15514 24962
3386 17444 28784
28784 3386 17444
17444 3386 28784
18612 6009 7237
6009 7237 18612
7237 6009 18612
4352 18336 26802
18336 4352 26802
26802 4352 18336
9443 2594 16025
16025 2594 9443
2594 9443 16025
4569 2490 13943
13943 2490 4569
2490 4569 13943
9115 1785 11192
11192 1785 9115
1785 9115 11192
20530 7898 20601
7898 20530 20601
20601 7898 20530
26244 2567 4142
2567 4142 26244
4142 2567 26244
23799 19097 23135
23135 19097 23799
19097 23135 23799
21433 5581 10020
5581 10020 21433
10020 5581 21433
13948 1351 11167
11167 1351 13948
1351 11167 13948
8404 2324 19166
2324 8404 19166
19166 2324 8404
7465 5439 22434
5439 7465 22434
22434 5439 7465
11363 765 16716
765 11363 16716
16716 765 11363
4467 3750 29208
3750 4467 29208
29208 3750 4467
24906 13936 14175
14175 13936 24906
13936 14175 24906
11057 10713 21738
21738 10713 11057
10713 11057 21738
15357 4567 19363
4567 15357 19363
19363 4567 15357
19164 3324 16164
16164 3324 19164
3324 16164 19164
12635 9337 13994
9337 12635 13994
13994 9337 12635
16624 25907 26265
26265 16624 25907
25907 16624 26265
5053 11622 28990
28990 5053 11622
11622 5053 28990
28882 19966 29205
19966 28882 29205
29205 19966 28882
2588 746 13361
13361 746 2588
746 2588 13361
6761 4929 25695
4929 6761 25695
25695 4929 6761
25085 19402 24448
24448 19402 25085
19402 24448 25085
26351 10948 27126
27126 10948 26351
10948 26351 27126
20413 18133 20235
18133 20235 20413
20235 18133 20413
525 16946 18309
16946 525 18309
18309 525 16946
13023 5166 20206
20206 5166 13023
5166 13023 20206
29049 20565 26309
20565 26309 29049
26309 20565 29049
1940 6908 19834
19834 1940 6908
6908 1940 19834
22460 4976 19312
4976 19312 22460
19312 4976 22460
20774 997 22604
22604 997 20774
997 20774 22604
8071 16659 24945
16659 8071 24945
24945 8071 16659
15587 8086 13944
13944 8086 15587
8086 13944 15587
12550 16255 23860
16255 12550 23860
23860 12550 16255
23186 6541 9073
6541 9073 23186
9073 6541 23186
17433 5048 16304
5048 16304 17433
16304 5048 17433
20298 19859 26029
19859 20298 26029
26029 19859 20298
13803 20295 27981
20295 13803 27981
27981 13803 20295
15107 12678 21679
12678 15107 21679
21679 12678 15107
27807 6769 22094
22094 6769 27807
6769 22094 27807
25919 3501 28385
3501 25919 28385
28385 3501 25919
2798 6473 12533
12533 2798 6473
6473 2798 12533
13487 20316 26575
26575 13487 20316
20316 13487 26575
22200 5656 9414
9414 5656 22200
5656 9414 22200
7722 24234 27292
27292 7722 24234
24234 7722 27292
1099 25071 25902
25902 1099 25071
25071 1099 25902
3771 6030 24881
24881 3771 6030
6030 3771 24881
24628 1990 2277
1990 2277 24628
2277 1990 24628
26678 3577 21824
3577 21824 26678
21824 3577 26678
9919 2403 18148
2403 9919 18148
18148 2403 9919
8414 18094 26798
18094 8414 26798
26798 8414 18094
22510 23239 26620
23239 22510 26620
26620 22510 23239
15952 2648 2987
2987 2648 15952
2648 2987 15952
4417 6882 12561
12561 4417 6882
6882 4417 12561
25344 3178 3587
3587 3178 25344
3178 3587 25344
14770 1245 18028
18028 1245 14770
1245 14770 18028
161 5260 9930
9930 161 5260
5260 161 9930
8400 25391 29803
25391 8400 29803
29803 8400 25391
199 16038 27373
16038 199 27373
27373 199 16038
2306 9690 14623
9690 2306 14623
14623 2306 9690
13726 13521 14112
14112 13521 13726
13521 13726 14112
5122 16556 26970
16556 5122 26970
26970 5122 16556
19811 9514 11399
9514 11399 19811
11399 9514 19811
25446 3620 11648
11648 3620 25446
3620 11648 25446
5118 7747 15053
7747 5118 15053
15053 5118 7747
17688 7020 8906
7020 8906 17688
8906 7020 17688
11827 3787 5035
5035 3787 11827
3787 5035 11827
23645 741 4195
4195 741 23645
741 4195 23645
17172 25505 29910
29910 17172 25505
25505 17172 29910
1920 17719 24232
24232 1920 17719
17719 1920 24232
14963 269 6336
6336 269 14963
269 6336 14963
19769 16230 28681
16230 19769 28681
28681 16230 19769
27555 1783 7503
7503 1783 27555
1783 7503 27555
1073 5175 29472
5175 1073 29472
29472 1073 5175
1082 15161 16051
16051 1082 15161
15161 1082 16051
16597 13647 23083
23083 13647 16597
13647 16597 23083
17493 9038 27346
9038 17493 27346
27346 9038 17493
14155 11645 24364
11645 14155 24364
24364 11645 14155
29898 14328 23156
23156 14328 29898
14328 23156 29898
10231 3712 6116
3712 6116 10231
6116 3712 10231
327 11322 26235
26235 327 11322
11322 327 26235
6804 17748 19113
19113 6804 17748
17748 6804 19113
28497 3400 6515
6515 3400 28497
3400 6515 28497
17894 10478 11400
10478 11400 17894
11400 10478 17894
18876 8692 12810
12810 8692 18876
8692 12810 18876
2482 21875 28514
28514 2482 21875
21875 2482 28514
20037 19183 25459
25459 19183 20037
19183 20037 25459
14687 1370 4696
4696 1370 14687
1370 4696 14687
16582 16373 24668
16373 16582 24668
24668 16373 16582
8931 17690 20567
17690 8931 20567
20567 8931 17690
18056 9963 28367
28367 9963 18056
9963 18056 28367
16291 2535 21396
2535 16291 21396
21396 2535 16291
27787 14152 24327
14152 24327 27787
24327 14152 27787
16800 833 26364
26364 833 16800
833 16800 26364
6253 15766 15770
15766 6253 15770
15770 6253 15766
25362 8592 25760
8592 25362 25760
25760 8592 25362
24211 4646 17867
17867 4646 24211
4646 17867 24211
5649 14976 22673
22673 5649 14976
14976 5649 22673
3375 15931 18319
18319 3375 15931
15931 3375 18319
228 19712 27606
27606 228 19712
19712 228 27606
4226 3843 14085
14085 3843 4226
3843 4226 14085
18266 16290 16327
16327 16290 18266
16290 16327 18266
28409 6750 20402
20402 6750 28409
6750 20402 28409
7440 4582 4589
4582 4589 7440
4589 4582 7440
25991 6982 22868
6982 22868 25991
22868 6982 25991
16077 254 20203
20203 254 16077
254 16077 20203
25429 9613 21443
9613 21443 25429
21443 9613 25429
25887 9344 19557
9344 19557 25887
19557 9344 25887
2197 9274 10881
9274 2197 10881
10881 2197 9274
20558 17323 17482
17482 17323 20558
17323 17482 20558
9702 27257 29461
29461 9702 27257
27257 9702 29461
14205 2089 19590
19590 2089 14205
2089 14205 19590
10691 1464 3970
1464 3970 10691
3970 1464 10691
20123 3160 6611
6611 3160 20123
3160 6611 20123
14049 832 4985
4985 832 14049
832 4985 14049
24172 11721 24982
11721 24172 24982
24982 11721 24172
15265 13166 22430
22430 13166 15265
13166 15265 22430
5994 8794 20212
20212 5994 8794
8794 5994 20212
15670 11891 28076
28076 11891 15670
11891 15670 28076
23717 13227 29194
29194 13227 23717
13227 23717 29194
11664 9350 28026
28026 9350 11664
9350 11664 28026
9204 21834 25494
21834 9204 25494
25494 9204 21834
5355 14099 27474
14099 5355 27474
27474 5355 14099
26884 866 20257
20257 866 26884
866 20257 26884
7915 8479 19935
8479 7915 19935
19935 7915 8479
24685 343 15564
15564 343 24685
343 15564 24685
14740 18841 25646
25646 14740 18841
18841 14740 25646
28258 5685 23903
23903 5685 28258
5685 23903 28258
23267 7533 14018
7533 14018 23267
14018 7533 23267
10448 4321 26256
26256 4321 10448
4321 10448 26256
18765 14839 22871
14839 18765 22871
22871 14839 18765
20577 13251 27680
27680 13251 20577
13251 20577 27680
5605 19660 27455
27455 5605 19660
19660 5605 27455
6745 6736 23901
6736 6745 23901
23901 6736 6745
14185 1296 21220
1296 14185 21220
21220 1296 14185
15057 1311 5992
5992 1311 15057
1311 5992 15057
2861 3898 11118
11118 2861 3898
3898 2861 11118
5321 20663 28216
28216 5321 20663
20663 5321 28216
13562 3408 6604
6604 3408 13562
3408 6604 13562
8186 5832 28729
5832 8186 28729
28729 5832 8186
28876 9135 26822
26822 9135 28876
9135 26822 28876
23305 9808 17990
17990 9808 23305
9808 17990 23305
14104 9452 16688
16688 9452 14104
9452 14104 16688
26315 891 26506
26506 891 26315
891 26315 26506
25701 22085 26586
26586 22085 25701
22085 25701 26586
2831 20252 23712
20252 2831 23712
23712 2831 20252
29152 21612 26173
21612 26173 29152
26173 21612 29152
21528 5523 28401
5523 21528 28401
28401 5523 21528
11052 706 17710
17710 706 11052
706 11052 17710
4955 7507 18513
7507 4955 18513
18513 4955 7507
14089 24166 28006
28006 14089 24166
24166 14089 28006
16432 13597 17170
17170 13597 16432
13597 16432 17170
4820 18770 27657
27657 4820 18770
18770 4820 27657
12357 7696 24882
7696 12357 24882
24882 7696 12357
14140 1409 22843
22843 1409 14140
1409 14140 22843
19783 10543 27441
27441 10543 19783
10543 19783 27441
8613 8695 10485
10485 8613 8695
8695 8613 10485
20767 9578 20058
20058 9578 20767
9578 20058 20767
28046 3962 18313
3962 18313 28046
18313 3962 28046
20457 1530 12708
12708 1530 20457
1530 12708 20457
3023 2056 26290
26290 2056 3023
2056 3023 26290
22238 13818 20937
13818 20937 22238
20937 13818 22238
9731 1318 12424
12424 1318 9731
1318 9731 12424
9886 781 23558
781 9886 23558
23558 781 9886
16506 24953 28106
28106 16506 24953
24953 16506 28106
7880 9130 14274
14274 7880 9130
9130 7880 14274
11239 13698 28510
13698 11239 28510
28510 11239 13698
26987 1919 2807
2807 1919 26987
1919 2807 26987
26188 11337 15882
11337 15882 26188
15882 11337 26188
20600 4397 17798
17798 4397 20600
4397 17798 20600
13773 1958 17157
1958 13773 17157
17157 1958 13773
2366 5221 25279
25279 2366 5221
5221 2366 25279
21338 2135 18647
18647 2135 21338
2135 18647 21338
10962 1484 25372
25372 1484 10962
1484 10962 25372
6494 1033 24367
1033 6494 24367
24367 1033 6494
24235 24927 25366
24927 24235 25366
25366 24235 24927
9377 13541 29222
13541 9377 29222
29222 9377 13541
14040 2563 5703
5703 2563 14040
2563 5703 14040
29467 7083 15177
7083 15177 29467
15177 7083 29467
28478 4848 7101
4848 7101 28478
7101 4848 28478
3550 263 12374
263 3550 12374
12374 263 3550
29512 14493 29727
14493 29512 29727
29727 14493 29512
6377 16191 20197
20197 6377 16191
16191 6377 20197
25587 8740 13086
13086 8740 25587
8740 13086 25587
10570 23011 26873
23011 10570 26873
26873 10570 23011
18445 4810 25378
25378 4810 18445
4810 18445 25378
22820 942 22512
22512 942 22820
942 22512 22820
10344 13298 15275
13298 10344 15275
15275 10344 13298
11246 7114 18000
7114 11246 18000
18000 7114 11246
13145 19839 27530
19839 13145 27530
27530 13145 19839
2553 4837 8611
4837 2553 8611
8611 2553 4837
20903 12292 12569
12292 12569 20903
12569 12292 20903
15108 15602 21775
21775 15108 15602
15602 15108 21775
5818 20088 26146
20088 5818 26146
26146 5818 20088
1005 901 3448
3448 901 1005
901 1005 3448
9646 9347 27823
27823 9347 9646
9347 9646 27823
21560 561 1433
1433 561 21560
561 1433 21560
27625 3903 15459
15459 3903 27625
3903 15459 27625
21354 10486 28200
10486 21354 28200
28200 10486 21354
6092 9628 10103
9628 6092 10103
10103 6092 9628
9722 7757 26371
7757 9722 26371
26371 7757 9722
4260 4979 16316
16316 4260 4979
4979 4260 16316
24260 6070 28454
6070 24260 28454
28454 6070 24260
28944 17564 17787
17787 17564 28944
17564 17787 28944
3046 5710 22597
22597 3046 5710
5710 3046 22597
16165 14761 22285
14761 16165 22285
22285 14761 16165
21500 18001 22677
18001 21500 22677
22677 18001 21500
28335 17803 19157
19157 17803 28335
17803 19157 28335
24977 4141 15202
4141 15202 24977
15202 4141 24977
1894 229 24582
24582 229 1894
229 1894 24582
29864 1814 22642
22642 1814 29864
1814 22642 29864
16322 23781 24884
24884 16322 23781
23781 16322 24884
8832 21584 23453
23453 8832 21584
21584 8832 23453
25271 2853 13707
13707 2853 25271
2853 13707 25271
8562 661 12462
12462 661 8562
661 8562 12462
21858 9773 27909
27909 9773 21858
9773 21858 27909
20953 12947 24846
24846 12947 20953
12947 20953 24846
13188 6898 28950
6898 13188 28950
28950 6898 13188
20595 13558 22531
13558 20595 22531
22531 13558 20595
12581 2466 8958
2466 8958 12581
8958 2466 12581
20976 10183 15899
10183 15899 20976
15899 10183 20976
21933 3691 23538
3691 21933 23538
23538 3691 21933
4046 21487 27857
21487 4046 27857
27857 4046 21487
4362 28707 29896
28707 4362 29896
29896 4362 28707
18103 22609 28977
28977 18103 22609
22609 18103 28977
9463 10599 25583
10599 9463 25583
25583 9463 10599
7405 2258 12885
12885 2258 7405
2258 7405 12885
5680 3280 11589
3280 5680 11589
11589 3280 5680
24410 11606 28701
28701 11606 24410
11606 24410 28701
27108 16513 16894
16894 16513 27108
16513 16894 27108
27531 4042 21207
4042 21207 27531
21207 4042 27531
16687 7367 16302
16302 7367 16687
7367 16302 16687
390 9030 10931
10931 390 9030
9030 390 10931
17952 14658 15750
14658 15750 17952
15750 14658 17952
13878 5962 13607
5962 13607 13878
13607 5962 13878
25140 10155 24971
24971 10155 25140
10155 24971 25140
4177 22176 22840
22176 4177 22840
22840 4177 22176
1487 7054 8761
8761 1487 7054
7054 1487 8761
20278 14814 21388
21388 14814 20278
14814 20278 21388
21170 15209 27289
27289 15209 21170
15209 21170 27289
1467 1221 23030
23030 1221 1467
1221 1467 23030
4503 3123 18480
3123 4503 18480
18480 3123 4503
18491 20321 20762
20321 18491 20762
20762 18491 20321
14430 1153 19313
1153 14430 19313
19313 1153 14430
25469 8396 11536
11536 8396 25469
8396 11536 25469
20889 14752 19041
19041 14752 20889
14752 19041 20889
15232 3398 28961
3398 15232 28961
28961 3398 15232
424 11433 14120
11433 424 14120
14120 424 11433
22939 9417 22189
9417 22189 22939
22189 9417 22939
8037 14333 17161
14333 8037 17161
17161 8037 14333
15229 12250 12774
12250 12774 15229
12774 12250 15229
7306 14442 16619
16619 7306 14442
14442 7306 16619
1239 1112 14835
14835 1112 1239
1112 1239 14835
28357 6214 10658
6214 10658 28357
10658 6214 28357
5651 8833 14422
14422 5651 8833
8833 5651 14422
6367 2422 29300
2422 6367 29300
29300 2422 6367
29394 10617 13637
13637 10617 29394
10617 13637 29394
28484 12190 24339
12190 24339 28484
24339 12190 28484
20841 7182 23671
23671 7182 20841
7182 20841 23671
3487 23845 28726
28726 3487 23845
23845 3487 28726
2282 433 28796
28796 433 2282
433 2282 28796
23542 13636 21138
21138 13636 23542
13636 21138 23542
25203 4317 29616
29616 4317 25203
4317 25203 29616
851 24849 29037
24849 851 29037
29037 851 24849
12723 17600 22772
17600 12723 22772
22772 12723 17600
7876 20244 21646
21646 7876 20244
20244 7876 21646
21674 1249 25785
1249 21674 25785
25785 1249 21674
6851 9487 20318
20318 6851 9487
9487 6851 20318
20618 2373 27563
27563 2373 20618
2373 20618 27563
26323 12356 29754
29754 12356 26323
12356 26323 29754
2685 14641 15402
15402 2685 14641
14641 2685 15402
13608 23610 26772
26772 13608 23610
23610 13608 26772
28815 13184 28839
28839 13184 28815
13184 28815 28839
17651 2703 20544
2703 17651 20544
20544 2703 17651
18481 17996 21319
17996 18481 21319
21319 17996 18481
5711 29 9639
9639 29 5711
29 5711 9639
1516 422 28650
28650 422 1516
422 1516 28650
2835 11218 12493
11218 2835 12493
12493 2835 11218
28833 4757 29925
4757 28833 29925
29925 4757 28833
24699 11289 28446
28446 11289 24699
11289 24699 28446
27558 18278 24923
24923 18278 27558
18278 24923 27558
14230 87 23153
23153 87 14230
87 14230 23153
4927 634 4258
4258 634 4927
634 4258 4927
18265 16745 28269
16745 18265 28269
28269 16745 18265
4273 10733 14415
10733 4273 14415
14415 4273 10733
7058 14683 17429
17429 7058 14683
14683 7058 17429
22281 3003 14569
3003 14569 22281
14569 3003 22281
27349 8274 20293
8274 20293 27349
20293 8274 27349
7967 17298 17601
17298 7967 17601
17601 7967 17298
5147 24413 27007
27007 5147 24413
24413 5147 27007
6167 12894 20856
20856 6167 12894
12894 6167 20856
26685 24303 26717
26717 24303 26685
24303 26685 26717
21234 10771 28273
10771 21234 28273
28273 10771 21234
25690 25981 26403
25981 25690 26403
26403 25690 25981
18801 14914 15041
15041 14914 18801
14914 15041 18801
6835 22154 27402
27402 6835 22154
22154 6835 27402
1827 19990 25108
25108 1827 19990
19990 1827 25108
18164 15540 16684
16684 15540 18164
15540 16684 18164
16792 6831 8021
6831 8021 16792
8021 6831 16792
25979 5614 15901
5614 15901 25979
15901 5614 25979
20795 7138 24458
24458 7138 20795
7138 20795 24458
1209 11093 19759
19759 1209 11093
11093 1209 19759
7348 5103 21358
5103 7348 21358
21358 5103 7348
8536 1201 17279
17279 1201 8536
1201 8536 17279
10422 17245 28620
17245 10422 28620
28620 10422 17245
28255 9903 16088
9903 16088 28255
16088 9903 28255
5948 19971 22470
19971 5948 22470
22470 5948 19971
19224 22950 24161
24161 19224 22950
22950 19224 24161
345 9159 18260
18260 345 9159
9159 345 18260
11059 2024 17978
17978 2024 11059
2024 11059 17978
7930 12930 28094
28094 7930 12930
12930 7930 28094
20748 24755 26817
24755 20748 26817
26817 20748 24755
23188 5180 10780
5180 10780 23188
10780 5180 23188
5566 13833 15648
13833 5566 15648
15648 5566 13833
20674 17355 23047
17355 20674 23047
23047 17355 20674
2677 2560 14204
14204 2560 2677
2560 2677 14204
29195 14916 15942
15942 14916 29195
14916 15942 29195
6350 20676 22752
20676 6350 22752
22752 6350 20676
8450 4216 7230
