415 1552 2540
1552 415 2540
2540 415 1552
1942 810 1507
810 1507 1942
1507 810 1942
902 1043 1905
1043 902 1905
1905 902 1043
1342 1962 2868
2868 1342 1962
1962 1342 2868
2950 151 2789
2789 151 2950
151 2789 2950
578 1201 1239
1239 578 1201
1201 578 1239
2226 137 440
440 137 2226
137 440 2226
1364 1682 2293
2293 1364 1682
1682 1364 2293
2320 215 1233
215 1233 2320
1233 215 2320
845 568 1660
1660 568 845
568 845 1660
2168 1831 2984
2984 1831 2168
1831 2168 2984
2338 127 1935
1935 127 2338
127 1935 2338
806 1409 1755
1755 806 1409
1409 806 1755
1305 427 2601
2601 427 1305
427 1305 2601
2426 2108 2781
2781 2108 2426
2108 2426 2781
582 1772 2368
2368 582 1772
1772 582 2368
2015 1104 2162
2162 1104 2015
1104 2015 2162
2173 1314 1386
1386 1314 2173
1314 1386 2173
497 75 1696
75 497 1696
1696 75 497
2674 520 1828
1828 520 2674
520 1828 2674
1609 682 1570
682 1570 1609
1570 682 1609
2356 941 1334
1334 941 2356
941 1334 2356
1338 2066 2378
2378 1338 2066
2066 1338 2378
1035 181 2281
181 1035 2281
2281 181 1035
249 647 2860
647 249 2860
2860 249 647
2996 382 2813
2813 382 2996
382 2813 2996
1175 161 178
161 178 1175
178 161 1175
2099 1432 1442
1432 1442 2099
1442 1432 2099
459 1919 2048
1919 459 2048
2048 459 1919
1924 1599 2325
1599 1924 2325
2325 1599 1924
2573 606 1476
1476 606 2573
606 1476 2573
2572 238 254
254 238 2572
238 254 2572
1812 2089 2359
2089 1812 2359
2359 1812 2089
1715 646 1236
1236 646 1715
646 1236 1715
665 1938 2125
1938 665 2125
2125 665 1938
1722 2253 2581
2581 1722 2253
2253 1722 2581
630 286 1514
1514 286 630
286 630 1514
2682 1928 2327
2327 1928 2682
1928 2327 2682
786 399 1345
399 786 1345
1345 399 786
2655 1017 2906
2906 1017 2655
1017 2655 2906
2735 618 1200
618 1200 2735
1200 618 2735
134 384 1833
384 134 1833
1833 134 384
515 989 2395
989 515 2395
2395 515 989
2817 779 944
779 944 2817
944 779 2817
82 261 1638
261 82 1638
1638 82 261
367 45 2893
2893 45 367
45 367 2893
2414 1498 2777
1498 2414 2777
2777 1498 2414
300 2052 2759
2052 300 2759
2759 300 2052
2408 251 2605
2605 251 2408
251 2408 2605
13 58 913
913 13 58
58 13 913
1945 1222 2558
2558 1222 1945
1222 1945 2558
2508 608 1318
608 1318 2508
1318 608 2508
398 2548 2864
2864 398 2548
2548 398 2864
1190 2025 2275
2025 1190 2275
2275 1190 2025
2031 1513 2947
2947 1513 2031
1513 2031 2947
1832 1101 1402
1402 1101 1832
1101 1402 1832
574 934 1504
934 574 1504
1504 574 934
2989 1960 2266
2266 1960 2989
1960 2266 2989
1182 1724 2871
1724 1182 2871
2871 1182 1724
1620 652 2447
2447 652 1620
652 1620 2447
2081 1336 1763
1336 1763 2081
1763 1336 2081
1023 220 1493
220 1023 1493
1493 220 1023
749 1056 1920
1920 749 1056
1056 749 1920
1964 2170 2473
2473 1964 2170
2170 1964 2473
2756 2904 2927
2904 2756 2927
2927 2756 2904
462 1598 1912
1598 462 1912
1912 462 1598
2966 2126 2312
2126 2312 2966
2312 2126 2966
39 757 1900
757 39 1900
1900 39 757
1840 1346 2952
1346 1840 2952
2952 1346 1840
21 2571 2880
2880 21 2571
2571 21 2880
2042 904 952
904 952 2042
952 904 2042
2217 556 2441
2441 556 2217
556 2217 2441
1948 1358 2492
1358 1948 2492
2492 1358 1948
2307 970 2551
970 2307 2551
2551 970 2307
214 1500 2536
2536 214 1500
1500 214 2536
1531 284 1013
284 1013 1531
1013 284 1531
1407 899 1245
1245 899 1407
899 1245 1407
2720 1291 1304
1291 1304 2720
1304 1291 2720
166 937 2390
2390 166 937
937 166 2390
2073 876 1668
876 1668 2073
1668 876 2073
269 797 2269
797 269 2269
2269 269 797
1716 1309 1351
1351 1309 1716
1309 1351 1716
924 1676 2665
2665 924 1676
1676 924 2665
494 11 1974
11 494 1974
1974 11 494
44 476 2850
476 44 2850
2850 44 476
1362 294 1996
1996 294 1362
294 1362 1996
2912 878 1613
1613 878 2912
878 1613 2912
2203 1989 2528
1989 2203 2528
2528 1989 2203
1790 964 2905
2905 964 1790
964 1790 2905
1930 2693 2898
2693 1930 2898
2898 1930 2693
1503 7 2762
7 1503 2762
2762 7 1503
2494 1074 2127
2127 1074 2494
1074 2127 2494
1079 49 2337
2337 49 1079
49 1079 2337
759 699 2534
699 759 2534
2534 699 759
436 285 2897
2897 285 436
285 436 2897
1511 2418 2463
2418 1511 2463
2463 1511 2418
2243 1285 1882
1285 1882 2243
1882 1285 2243
1021 662 1125
662 1021 1125
1125 662 1021
1908 1411 2306
1411 1908 2306
2306 1411 1908
240 477 1844
477 240 1844
1844 240 477
521 278 1335
1335 278 521
278 521 1335
1579 511 1704
1704 511 1579
511 1579 1704
585 19 773
19 585 773
773 19 585
1029 906 1907
906 1029 1907
1907 906 1029
648 758 1086
1086 648 758
758 648 1086
139 637 1981
637 139 1981
1981 139 637
1226 1965 2111
1965 1226 2111
2111 1226 1965
332 1714 2585
2585 332 1714
1714 332 2585
2085 1214 1837
1214 1837 2085
1837 1214 2085
1903 1534 2944
2944 1534 1903
1534 1903 2944
838 653 2431
2431 653 838
653 838 2431
2773 2161 2287
2287 2161 2773
2161 2287 2773
1139 936 1258
1258 936 1139
936 1139 1258
795 138 2537
138 795 2537
2537 138 795
1344 158 2318
2318 158 1344
158 1344 2318
819 317 1121
1121 317 819
317 819 1121
426 1000 1053
1000 426 1053
1053 426 1000
792 264 2023
2023 264 792
264 792 2023
371 994 2694
994 371 2694
2694 371 994
2277 199 2104
199 2104 2277
2104 199 2277
2913 1293 1708
1708 1293 2913
1293 1708 2913
52 910 2367
2367 52 910
910 52 2367
150 1096 1377
1377 150 1096
1096 150 1377
895 2204 2829
2829 895 2204
2204 895 2829
466 1980 2407
1980 466 2407
2407 466 1980
2373 133 1630
1630 133 2373
133 1630 2373
711 846 1880
846 711 1880
1880 711 846
2121 492 2924
2924 492 2121
492 2121 2924
1494 1914 2635
2635 1494 1914
1914 1494 2635
931 6 2543
2543 6 931
6 931 2543
451 1809 2811
2811 451 1809
1809 451 2811
358 912 1044
1044 358 912
912 358 1044
2285 345 2388
345 2285 2388
2388 345 2285
239 1419 2040
2040 239 1419
1419 239 2040
1350 681 2925
2925 681 1350
681 1350 2925
2992 734 2922
734 2922 2992
2922 734 2992
2105 1491 2678
1491 2105 2678
2678 1491 2105
977 453 1814
1814 453 977
453 977 1814
68 1248 2688
2688 68 1248
1248 68 2688
2118 445 1480
445 1480 2118
1480 445 2118
1015 177 416
177 416 1015
416 177 1015
87 882 2038
882 87 2038
2038 87 882
679 577 2050
577 679 2050
2050 577 679
2673 81 674
674 81 2673
81 674 2673
1085 53 1393
53 1085 1393
1393 53 1085
2017 809 2933
809 2017 2933
2933 809 2017
708 67 2974
67 708 2974
2974 67 708
827 1322 2310
2310 827 1322
1322 827 2310
225 428 2672
428 225 2672
2672 225 428
741 172 2406
2406 172 741
172 741 2406
1014 302 2381
302 1014 2381
2381 302 1014
2606 1149 1652
1149 1652 2606
1652 1149 2606
2969 1242 2429
1242 2429 2969
2429 1242 2969
1789 1999 2141
1999 1789 2141
2141 1789 1999
2037 157 864
157 864 2037
864 157 2037
1878 307 1659
307 1659 1878
1659 307 1878
2144 2167 2595
2595 2144 2167
2167 2144 2595
2409 1645 2346
2346 1645 2409
1645 2346 2409
471 719 2869
2869 471 719
719 471 2869
752 603 2363
603 752 2363
2363 603 752
1415 2120 2372
2372 1415 2120
2120 1415 2372
1596 2469 2638
2638 1596 2469
2469 1596 2638
102 198 454
454 102 198
198 102 454
1232 290 2982
290 1232 2982
2982 290 1232
1376 2018 2279
2279 1376 2018
2018 1376 2279
529 156 2683
156 529 2683
2683 156 529
2784 1254 1569
1569 1254 2784
1254 1569 2784
815 524 2640
2640 524 815
524 815 2640
2515 548 2653
2653 548 2515
548 2515 2653
1871 1183 2929
1183 1871 2929
2929 1183 1871
1631 715 2480
715 1631 2480
2480 715 1631
643 802 2193
2193 643 802
802 643 2193
2725 174 959
174 959 2725
959 174 2725
2116 746 1825
746 1825 2116
1825 746 2116
2825 1061 2159
2159 1061 2825
1061 2159 2825
922 100 844
844 100 922
100 844 922
727 395 2718
2718 395 727
395 727 2718
1073 15 227
227 15 1073
15 227 1073
839 146 1501
1501 146 839
146 839 1501
2600 144 1778
144 1778 2600
1778 144 2600
2059 478 1830
478 1830 2059
1830 478 2059
2993 687 2262
2262 687 2993
687 2262 2993
1253 97 130
97 130 1253
130 97 1253
28 1469 1741
1469 28 1741
1741 28 1469
1866 1042 1846
1846 1042 1866
1042 1846 1866
1038 50 2608
50 1038 2608
2608 50 1038
265 1282 2593
1282 265 2593
2593 265 1282
1295 2477 2859
2859 1295 2477
2477 1295 2859
1951 607 1558
1558 607 1951
607 1558 1951
559 2186 2249
2249 559 2186
2186 559 2249
1008 493 2810
2810 493 1008
493 1008 2810
2983 208 2296
2296 208 2983
208 2296 2983
584 742 1238
1238 584 742
742 584 1238
2427 554 2046
554 2046 2427
2046 554 2427
2014 346 1152
1152 346 2014
346 1152 2014
718 148 311
148 311 718
311 148 718
791 576 2410
2410 576 791
576 791 2410
1865 1270 1739
1270 1739 1865
1739 1270 1865
1526 373 1617
373 1526 1617
1617 373 1526
310 1925 2649
2649 310 1925
1925 310 2649
136 182 837
182 136 837
837 136 182
1863 1560 2238
2238 1560 1863
1560 1863 2238
252 655 1796
655 252 1796
1796 252 655
2283 1312 2445
2445 1312 2283
1312 2283 2445
2387 1593 1786
1786 1593 2387
1593 1786 2387
1321 308 703
703 308 1321
308 703 1321
1968 500 771
771 500 1968
500 771 1968
1212 275 1614
1614 275 1212
275 1212 1614
1753 2196 2658
2658 1753 2196
2196 1753 2658
369 1519 2591
2591 369 1519
1519 369 2591
2564 925 2233
925 2233 2564
2233 925 2564
2847 1729 2867
2867 1729 2847
1729 2847 2867
2959 505 854
505 854 2959
854 505 2959
2345 1320 1901
1901 1320 2345
1320 1901 2345
602 965 2392
2392 602 965
965 602 2392
863 289 907
289 863 907
907 289 863
516 331 2404
331 516 2404
2404 331 516
938 997 2330
2330 938 997
997 938 2330
383 985 2496
985 383 2496
2496 383 985
1876 213 1247
1247 213 1876
213 1247 1876
1864 2139 2446
2139 1864 2446
2446 1864 2139
1400 947 2005
947 1400 2005
2005 947 1400
2679 2063 2753
2753 2063 2679
2063 2679 2753
1524 765 999
765 999 1524
999 765 1524
2487 713 2131
2131 713 2487
713 2131 2487
2783 835 2747
2747 835 2783
835 2747 2783
1019 266 1413
1413 266 1019
266 1019 1413
2604 1289 2816
1289 2604 2816
2816 1289 2604
1385 2807 2822
2807 1385 2822
2822 1385 2807
2973 374 1337
1337 374 2973
374 1337 2973
2263 1262 2610
1262 2263 2610
2610 1262 2263
2004 51 2566
51 2004 2566
2566 51 2004
301 588 2887
588 301 2887
2887 301 588
949 1070 2636
2636 949 1070
1070 949 2636
1674 722 1917
722 1674 1917
1917 722 1674
1497 2022 2644
2022 1497 2644
2644 1497 2022
1770 763 2755
2755 763 1770
763 1770 2755
872 1107 1879
1879 872 1107
1107 872 1879
570 1950 2742
2742 570 1950
1950 570 2742
1829 1100 2201
1100 1829 2201
2201 1100 1829
2554 258 2523
2523 258 2554
258 2523 2554
5 887 2421
887 5 2421
2421 5 887
793 159 1455
1455 159 793
159 793 1455
2964 2836 2919
2919 2836 2964
2836 2919 2964
961 971 2417
2417 961 971
971 961 2417
126 1522 2900
1522 126 2900
2900 126 1522
2298 1952 2555
1952 2298 2555
2555 1952 2298
2799 943 2963
943 2799 2963
2963 943 2799
1492 1225 1301
1301 1225 1492
1225 1301 1492
1433 1428 1510
1510 1428 1433
1428 1433 1510
933 980 2712
2712 933 980
980 933 2712
639 782 814
782 639 814
814 639 782
2210 2084 2411
2411 2084 2210
2084 2210 2411
1359 1005 2192
1005 1359 2192
2192 1005 1359
1847 446 1774
446 1774 1847
1774 446 1847
1155 661 1116
661 1116 1155
1116 661 1155
2324 1080 1931
1931 1080 2324
1080 1931 2324
204 777 1307
1307 204 777
777 204 1307
2805 437 1294
437 1294 2805
1294 437 2805
2091 91 1890
91 1890 2091
1890 91 2091
2670 27 430
27 430 2670
430 27 2670
78 40 1849
1849 40 78
40 78 1849
2521 2090 2230
2090 2230 2521
2230 2090 2521
555 1692 2804
2804 555 1692
1692 555 2804
1443 1546 1565
1565 1443 1546
1546 1443 1565
1688 402 1378
402 1378 1688
1378 402 1688
2660 1146 1388
1388 1146 2660
1146 1388 2660
1462 93 1906
1906 93 1462
93 1462 1906
501 379 1316
1316 379 501
379 501 1316
1327 1084 1797
1084 1327 1797
1797 1084 1327
1383 660 2616
660 1383 2616
2616 660 1383
754 768 1909
768 754 1909
1909 754 768
442 697 2877
697 442 2877
2877 442 697
424 1026 2036
2036 424 1026
1026 424 2036
2715 256 282
282 256 2715
256 282 2715
1 599 2450
2450 1 599
599 1 2450
1889 69 706
69 706 1889
706 69 1889
956 359 1173
1173 359 956
359 956 1173
1897 848 2451
848 1897 2451
2451 848 1897
721 329 2990
329 721 2990
2990 329 721
2198 1759 2796
2796 1759 2198
1759 2198 2796
2516 460 1801
1801 460 2516
460 1801 2516
187 1537 1702
1537 187 1702
1702 187 1537
1422 617 2936
2936 617 1422
617 1422 2936
865 567 1898
1898 567 865
567 865 1898
950 1396 2533
2533 950 1396
1396 950 2533
1151 448 1957
1957 448 1151
448 1151 1957
1884 1423 1713
1423 1713 1884
1713 1423 1884
1597 1108 2166
1108 1597 2166
2166 1108 1597
129 1819 1991
1991 129 1819
1819 129 1991
281 1576 2143
1576 281 2143
2143 281 1576
2234 1750 2295
2295 1750 2234
1750 2234 2295
2613 1435 1621
1621 1435 2613
1435 1621 2613
380 3 917
917 3 380
3 380 917
434 530 2448
530 434 2448
2448 434 530
2953 2556 2588
2588 2556 2953
2556 2588 2953
410 487 1339
1339 410 487
487 410 1339
2690 953 1025
1025 953 2690
953 1025 2690
544 1022 2775
1022 544 2775
2775 544 1022
1427 2002 2529
2002 1427 2529
2529 1427 2002
1030 534 1803
534 1030 1803
1803 534 1030
2809 1273 1615
1615 1273 2809
1273 1615 2809
562 1723 1737
1737 562 1723
1723 562 1737
2385 217 1810
217 1810 2385
1810 217 2385
1970 463 1680
1680 463 1970
463 1680 1970
376 654 2544
2544 376 654
654 376 2544
820 1815 2479
2479 820 1815
1815 820 2479
2835 37 877
877 37 2835
37 877 2835
2340 2 2541
2541 2 2340
2 2340 2541
377 862 1284
862 377 1284
1284 377 862
689 1766 2383
2383 689 1766
1766 689 2383
2328 698 2419
698 2328 2419
2419 698 2328
613 298 716
716 298 613
298 613 716
253 2398 2484
2484 253 2398
2398 253 2484
1002 1594 1687
1687 1002 1594
1594 1002 1687
1446 857 2134
2134 857 1446
857 1446 2134
1868 237 1389
1389 237 1868
237 1389 1868
270 321 1644
1644 270 321
321 270 1644
30 858 2000
2000 30 858
858 30 2000
1961 1140 2086
2086 1140 1961
1140 1961 2086
1306 277 2702
2702 277 1306
277 1306 2702
2352 54 1670
54 1670 2352
1670 54 2352
413 2132 2726
2726 413 2132
2132 413 2726
2607 193 2001
193 2001 2607
2001 193 2607
591 60 1655
60 591 1655
1655 60 591
1020 149 1343
1343 149 1020
149 1020 1343
2560 1482 1910
1910 1482 2560
1482 1910 2560
203 2178 2961
2178 203 2961
2961 203 2178
3000 2094 2165
2165 2094 3000
2094 2165 3000
2335 1105 1130
1105 1130 2335
1130 1105 2335
2044 1257 1403
1403 1257 2044
1257 1403 2044
2885 772 2274
2274 772 2885
772 2274 2885
1619 1216 2851
1216 1619 2851
2851 1216 1619
2641 1862 2502
1862 2502 2641
2502 1862 2641
2301 106 145
106 145 2301
145 106 2301
2785 1036 2538
2538 1036 2785
1036 2538 2785
2535 621 1949
621 1949 2535
1949 621 2535
1654 61 728
61 728 1654
728 61 1654
2505 1705 1939
1939 1705 2505
1705 1939 2505
2732 296 1805
296 1805 2732
1805 296 2732
1374 223 1738
223 1374 1738
1738 223 1374
1235 1228 2578
1228 1235 2578
2578 1228 1235
2716 593 1669
593 1669 2716
1669 593 2716
808 852 2488
852 808 2488
2488 808 852
470 978 2901
978 470 2901
2901 470 978
2951 914 2997
2997 914 2951
914 2951 2997
1839 2514 2832
2514 1839 2832
2832 1839 2514
1610 1213 2723
2723 1213 1610
1213 1610 2723
105 831 1779
1779 105 831
831 105 1779
2288 1089 1397
1089 1397 2288
1397 1089 2288
836 112 733
733 112 836
112 733 836
2370 1076 2546
1076 2370 2546
2546 1076 2370
1557 2639 2819
2639 1557 2819
2819 1557 2639
1280 2030 2698
2030 1280 2698
2698 1280 2030
95 43 2719
43 95 2719
2719 43 95
406 201 1157
1157 201 406
201 406 1157
623 1040 2122
2122 623 1040
1040 623 2122
1651 10 1264
1264 10 1651
10 1264 1651
1269 976 2119
2119 976 1269
976 1269 2119
9 363 2562
363 9 2562
2562 9 363
391 832 1160
1160 391 832
832 391 1160
2033 1544 2075
1544 2033 2075
2075 1544 2033
2291 579 1954
579 1954 2291
1954 579 2291
748 1625 2709
2709 748 1625
1625 748 2709
80 2032 2939
2939 80 2032
2032 80 2939
1461 76 2321
76 1461 2321
2321 76 1461
1194 830 2103
830 1194 2103
2103 830 1194
1466 1464 2507
2507 1464 1466
1464 1466 2507
1217 1540 2519
1540 1217 2519
2519 1217 1540
2244 197 2224
2224 197 2244
197 2224 2244
881 224 1734
224 881 1734
1734 224 881
297 2457 2978
2457 297 2978
2978 297 2457
731 122 1575
1575 122 731
122 731 1575
678 1135 1150
1150 678 1135
1135 678 1150
1517 541 1650
1650 541 1517
541 1517 1650
794 260 811
260 794 811
811 260 794
1197 229 2068
2068 229 1197
229 1197 2068
2241 631 2456
2456 631 2241
631 2241 2456
465 1178 2527
1178 465 2527
2527 465 1178
2582 616 1973
616 1973 2582
1973 616 2582
2028 737 1292
1292 737 2028
737 1292 2028
334 1099 1169
1099 334 1169
1169 334 1099
581 807 2931
807 581 2931
2931 581 807
1622 850 2768
850 1622 2768
2768 850 1622
1440 354 1976
354 1440 1976
1976 354 1440
2214 1953 2592
2592 1953 2214
1953 2214 2592
1563 14 1549
1549 14 1563
14 1549 1563
2354 1049 1271
1049 1271 2354
1271 1049 2354
2136 1392 1875
1392 1875 2136
1875 1392 2136
1555 316 336
336 316 1555
316 336 1555
432 200 2621
200 432 2621
2621 200 432
1406 522 919
919 522 1406
522 919 1406
805 867 1193
867 805 1193
1193 805 867
1661 1380 1997
1997 1380 1661
1380 1661 1997
2475 350 2109
350 2109 2475
2109 350 2475
2899 169 704
169 704 2899
704 169 2899
488 469 1470
469 488 1470
1470 469 488
2041 595 2010
595 2010 2041
2010 595 2041
512 1658 2251
1658 512 2251
2251 512 1658
32 1137 2634
1137 32 2634
2634 32 1137
2539 1683 2942
2942 1683 2539
1683 2539 2942
920 1210 1457
1457 920 1210
1210 920 1457
565 1024 2435
1024 565 2435
2435 565 1024
2246 303 2156
2156 303 2246
303 2156 2246
1529 392 433
392 433 1529
433 392 1529
1735 840 1530
840 1530 1735
1530 840 1735
2711 1399 1595
1595 1399 2711
1399 1595 2711
2402 143 356
356 143 2402
143 356 2402
1434 2174 2498
2174 1434 2498
2498 1434 2174
764 2148 2323
2148 764 2323
2323 764 2148
1823 1473 1481
1473 1481 1823
1481 1473 1823
2422 168 2333
168 2333 2422
2333 168 2422
2717 1944 2231
1944 2231 2717
2231 1944 2717
1611 903 2202
903 1611 2202
2202 903 1611
232 885 926
926 232 885
885 232 926
2998 1028 2602
2602 1028 2998
1028 2602 2998
1471 1045 2316
1045 1471 2316
2316 1045 1471
1895 236 676
676 236 1895
236 676 1895
1475 1369 1401
1401 1369 1475
1369 1401 1475
2722 1756 2420
1756 2420 2722
2420 1756 2722
642 2294 2946
2294 642 2946
2946 642 2294
2336 2603 2862
2603 2336 2862
2862 2336 2603
2991 1033 1881
1881 1033 2991
1033 1881 2991
2771 1220 2313
1220 2313 2771
2313 1220 2771
2020 1791 2254
1791 2020 2254
2254 1791 2020
2097 2006 2284
2006 2097 2284
2284 2006 2097
2092 1356 1421
1356 1421 2092
1421 1356 2092
2881 2171 2299
2299 2171 2881
2171 2299 2881
1581 901 2853
901 1581 2853
2853 901 1581
1196 1426 1453
1453 1196 1426
1426 1196 1453
1110 25 842
842 25 1110
25 842 1110
709 1489 1821
1489 709 1821
1821 709 1489
1234 29 2252
2252 29 1234
29 1234 2252
787 1243 2837
2837 787 1243
1243 787 2837
276 866 1671
866 276 1671
1671 276 866
2849 855 879
879 855 2849
855 879 2849
1097 2220 2979
2220 1097 2979
2979 1097 2220
1161 2486 2545
2545 1161 2486
2486 1161 2545
641 1090 1199
1090 641 1199
1199 641 1090
323 90 710
710 90 323
90 323 710
622 115 2865
2865 115 622
115 622 2865
212 96 724
96 212 724
724 96 212
2060 1308 1971
1971 1308 2060
1308 1971 2060
455 2114 2314
2114 455 2314
2314 455 2114
2524 1641 2823
2823 1641 2524
1641 2524 2823
611 1538 1885
1538 611 1885
1885 611 1538
1072 121 2890
121 1072 2890
2890 121 1072
2666 935 2107
935 2107 2666
2107 935 2666
1883 1067 1854
1854 1067 1883
1067 1854 1883
2315 1144 2184
2184 1144 2315
1144 2184 2315
624 1176 2207
2207 624 1176
1176 624 2207
801 982 2396
982 801 2396
2396 801 982
532 828 2518
828 532 2518
2518 532 828
2918 766 1109
1109 766 2918
766 1109 2918
2761 1192 2268
1192 2268 2761
2268 1192 2761
2500 1684 2205
1684 2205 2500
2205 1684 2500
659 1329 2675
2675 659 1329
1329 659 2675
2152 2570 2646
2646 2152 2570
2570 2152 2646
34 1488 1719
1488 34 1719
1719 34 1488
2619 195 1541
195 1541 2619
1541 195 2619
847 141 517
517 141 847
141 517 847
2183 504 2347
2347 504 2183
504 2183 2347
1554 692 960
960 692 1554
692 960 1554
1218 196 293
196 293 1218
293 196 1218
1158 1567 2668
1567 1158 2668
2668 1158 1567
2886 71 188
71 188 2886
188 71 2886
507 609 2888
609 507 2888
2888 507 609
83 210 1616
210 83 1616
1616 83 210
2772 491 2160
491 2160 2772
2160 491 2772
2628 244 2135
244 2135 2628
2135 244 2628
553 2270 2703
2270 553 2703
2703 553 2270
1066 851 2786
851 1066 2786
2786 851 1066
2631 353 1313
1313 353 2631
353 1313 2631
2064 1119 2935
1119 2064 2935
2935 1119 2064
1103 526 1643
1643 526 1103
526 1103 1643
1395 452 1799
452 1395 1799
1799 452 1395
2577 509 2290
509 2290 2577
2290 509 2577
528 2242 2522
2522 528 2242
2242 528 2522
2956 860 1315
1315 860 2956
860 1315 2956
1394 1607 2133
1607 1394 2133
2133 1394 1607
1826 889 1765
889 1765 1826
1765 889 1826
343 268 825
268 343 825
825 268 343
2550 911 1368
1368 911 2550
911 1368 2550
1274 984 2559
984 1274 2559
2559 984 1274
1845 2861 2948
2948 1845 2861
2861 1845 2948
1605 2322 2380
2322 1605 2380
2380 1605 2322
2282 72 1168
1168 72 2282
72 1168 2282
2970 822 2303
2303 822 2970
822 2303 2970
482 869 1693
869 482 1693
1693 482 869
2891 890 2833
2833 890 2891
890 2833 2891
2461 2058 2476
2476 2058 2461
2058 2461 2476
1988 59 2814
59 1988 2814
2814 59 1988
349 1063 2892
1063 349 2892
2892 349 1063
700 946 2884
946 700 2884
2884 700 946
1009 1372 2501
1372 1009 2501
2501 1009 1372
2788 1578 2738
1578 2738 2788
2738 1578 2788
1420 1528 1979
1528 1420 1979
1979 1420 1528
2172 62 2088
62 2088 2172
2088 62 2172
1762 1512 2228
1512 1762 2228
2228 1512 1762
154 1746 2617
2617 154 1746
1746 154 2617
2495 1163 2067
1163 2067 2495
2067 1163 2495
1366 24 1129
1129 24 1366
24 1129 1366
450 458 2980
458 450 2980
2980 450 458
2483 575 2093
575 2093 2483
2093 575 2483
2590 2019 2580
2019 2580 2590
2580 2019 2590
2575 211 2222
211 2222 2575
2222 211 2575
2729 1138 2245
2245 1138 2729
1138 2245 2729
1495 1624 2394
1624 1495 2394
2394 1495 1624
1198 490 1518
1518 490 1198
490 1198 1518
2930 915 2206
915 2206 2930
2206 915 2930
1818 753 1060
753 1060 1818
1060 753 1818
1911 628 1853
628 1853 1911
1853 628 1911
2834 92 1324
1324 92 2834
92 1324 2834
2106 1590 1662
1662 1590 2106
1590 1662 2106
2034 1317 2412
1317 2034 2412
2412 1317 2034
587 2013 2821
2013 587 2821
2821 587 2013
228 17 1124
17 228 1124
1124 17 228
2264 123 2403
2403 123 2264
123 2264 2403
1102 2062 2733
2062 1102 2733
2733 1102 2062
1932 1502 1893
1893 1502 1932
1502 1893 1932
790 762 1219
1219 762 790
762 790 1219
479 1816 2376
2376 479 1816
1816 479 2376
817 560 1106
560 817 1106
1106 560 817
1087 1172 1834
1172 1087 1834
1834 1087 1172
2468 26 2128
26 2128 2468
2128 26 2468
2256 1122 2667
1122 2256 2667
2667 1122 2256
247 2491 2623
2623 247 2491
2491 247 2623
2440 508 1742
1742 508 2440
508 1742 2440
444 400 2937
400 444 2937
2937 400 444
422 262 1726
1726 262 422
262 422 1726
1447 1975 2531
1975 1447 2531
2531 1447 1975
340 596 2955
596 340 2955
2955 340 596
1612 1998 2736
1998 1612 2736
2736 1612 1998
2611 626 1418
626 1418 2611
1418 626 2611
1429 684 1450
1450 684 1429
684 1429 1450
2542 274 2219
274 2219 2542
2219 274 2542
2677 1279 2589
1279 2589 2677
2589 1279 2677
313 2661 2839
2839 313 2661
2661 313 2839
1298 2200 2968
2200 1298 2968
2968 1298 2200
561 1718 2779
2779 561 1718
1718 561 2779
1768 730 1977
730 1768 1977
1977 730 1768
2101 1256 2467
1256 2101 2467
2467 1256 2101
429 272 691
272 429 691
691 272 429
2875 245 1203
1203 245 2875
245 1203 2875
928 1195 2213
1195 928 2213
2213 928 1195
990 1656 2797
2797 990 1656
1656 990 2797
1574 1699 2920
2920 1574 1699
1699 1574 2920
1548 688 2360
2360 688 1548
688 1548 2360
2820 513 667
667 513 2820
513 667 2820
397 635 939
635 397 939
939 397 635
1667 186 2713
186 1667 2713
2713 186 1667
255 859 1732
859 255 1732
1732 255 859
1206 165 2626
165 1206 2626
2626 165 1206
1349 666 745
745 666 1349
666 745 1349
1647 1926 2425
2425 1647 1926
1926 1647 2425
1268 760 2776
2776 760 1268
760 1268 2776
1740 1972 2620
1972 1740 2620
2620 1740 1972
2767 325 1006
325 1006 2767
1006 325 2767
1299 1224 1751
1751 1224 1299
1224 1299 1751
1448 2459 2645
2459 1448 2645
2645 1448 2459
1034 803 1869
803 1034 1869
1869 803 1034
2008 1431 1572
1572 1431 2008
1431 1572 2008
1947 288 800
288 800 1947
800 288 1947
1653 1134 1955
1134 1653 1955
1955 1134 1653
2455 769 1382
769 1382 2455
1382 769 2455
1509 77 1836
77 1509 1836
1836 77 1509
1046 366 1520
366 1046 1520
1520 366 1046
243 2449 2696
2696 243 2449
2449 243 2696
348 108 2471
108 348 2471
2471 108 348
1673 695 1698
695 1673 1698
1698 695 1673
2195 1663 1685
1685 1663 2195
1663 1685 2195
1055 638 2096
638 1055 2096
2096 638 1055
2896 387 486
387 486 2896
486 387 2896
1047 1127 2391
2391 1047 1127
1127 1047 2391
420 468 1851
1851 420 468
468 420 1851
738 929 2351
2351 738 929
929 738 2351
2369 1580 2280
1580 2280 2369
2280 1580 2369
2490 975 1082
975 1082 2490
1082 975 2490
2142 780 1710
780 1710 2142
1710 780 2142
783 1054 2309
1054 783 2309
2309 783 1054
1963 1602 2212
2212 1602 1963
1602 1963 2212
1223 119 694
694 119 1223
119 694 1223
1806 152 1290
152 1290 1806
1290 152 1806
2569 549 1118
1118 549 2569
549 1118 2569
140 335 774
335 140 774
774 140 335
1706 2803 2987
2987 1706 2803
2803 1706 2987
1188 550 2647
550 1188 2647
2647 550 1188
403 2358 2371
2358 403 2371
2371 403 2358
241 571 680
680 241 571
571 241 680
2026 1207 1251
1207 1251 2026
1251 1207 2026
958 991 2057
991 958 2057
2057 958 991
696 22 1516
22 696 1516
1516 22 696
1525 1559 1929
1929 1525 1559
1559 1525 1929
2029 1798 1937
1798 1937 2029
1937 1798 2029
2994 179 784
784 179 2994
179 784 2994
404 2615 2764
2764 404 2615
2615 404 2764
1586 677 2828
2828 677 1586
677 1586 2828
1802 1031 2138
2138 1031 1802
1031 1802 2138
292 309 2532
2532 292 309
309 292 2532
1007 916 2754
2754 916 1007
916 1007 2754
1990 46 1872
46 1872 1990
1872 46 1990
2650 1767 2699
1767 2650 2699
2699 1767 2650
1064 1370 2194
2194 1064 1370
1370 1064 2194
2065 2112 2757
2757 2065 2112
2112 2065 2757
2353 1162 2164
1162 2164 2353
2164 1162 2353
1712 1004 1877
1004 1712 1877
1877 1004 1712
672 781 883
781 672 883
883 672 781
615 74 856
74 615 856
856 74 615
1259 333 569
569 333 1259
333 569 1259
2848 435 2652
435 2652 2848
2652 435 2848
2047 347 1148
1148 347 2047
347 1148 2047
1899 1850 1984
1984 1850 1899
1850 1899 1984
1749 538 1523
1523 538 1749
538 1523 1749
1986 231 2489
231 1986 2489
2489 231 1986
2630 514 1424
514 1424 2630
1424 514 2630
315 986 2074
986 315 2074
2074 315 986
461 1536 2587
1536 461 2587
2587 461 1536
1058 1623 1733
1733 1058 1623
1623 1058 1733
1331 816 1940
1940 816 1331
816 1331 1940
104 31 1896
1896 31 104
31 104 1896
1265 1088 2043
1088 1265 2043
2043 1088 1265
2511 306 1506
306 1506 2511
1506 306 2511
355 2651 2734
2651 355 2734
2734 355 2651
1184 2155 2744
2744 1184 2155
2155 1184 2744
1068 2416 2830
2830 1068 2416
2416 1068 2830
206 1091 2721
1091 206 2721
2721 206 1091
1904 1387 2437
1387 1904 2437
2437 1387 1904
88 1467 2276
1467 88 2276
2276 88 1467
1460 2051 2405
2405 1460 2051
2051 1460 2405
2123 1782 2844
2844 1782 2123
1782 2123 2844
314 894 1398
1398 314 894
894 314 1398
2758 1561 2957
2957 1561 2758
1561 2758 2957
16 1133 1468
1468 16 1133
1133 16 1468
70 744 2071
2071 70 744
744 70 2071
886 675 2472
675 886 2472
2472 675 886
2208 103 619
619 103 2208
103 619 2208
1757 987 1361
987 1361 1757
1361 987 1757
2770 1690 2012
1690 2012 2770
2012 1690 2770
1730 633 690
690 633 1730
633 690 1730
600 114 2706
114 600 2706
2706 114 600
449 375 979
375 449 979
979 375 449
1059 1887 2375
2375 1059 1887
1887 1059 2375
2146 1153 1297
1297 1153 2146
1153 1297 2146
1958 2078 2873
2078 1958 2873
2873 1958 2078
834 632 683
632 683 834
683 632 834
1913 431 2304
431 1913 2304
2304 431 1913
170 361 2482
361 170 2482
2482 170 361
2801 1634 2943
1634 2801 2943
2943 1634 2801
1744 981 1484
981 1484 1744
1484 981 1744
756 1838 2261
2261 756 1838
1838 756 2261
1861 1888 2227
1888 1861 2227
2227 1861 1888
2526 235 2493
235 2493 2526
2493 235 2526
873 1566 2154
2154 873 1566
1566 873 2154
573 2003 2842
2842 573 2003
2003 573 2842
1391 2684 2818
2684 1391 2818
2818 1391 2684
79 2077 2827
2827 79 2077
2077 79 2827
2221 1515 2790
1515 2221 2790
2790 1515 2221
1451 2124 2179
2179 1451 2124
2124 1451 2179
1438 1003 2710
1003 1438 2710
2710 1003 1438
2714 1589 2499
2499 1589 2714
1589 2499 2714
2737 405 1221
1221 405 2737
405 1221 2737
147 518 1547
1547 147 518
518 147 1547
2746 73 1441
1441 73 2746
73 1441 2746
589 1657 1852
1852 589 1657
1657 589 1852
2076 597 1859
597 1859 2076
1859 597 2076
1842 1474 2273
2273 1474 1842
1474 1842 2273
2130 702 2415
702 2130 2415
2415 702 2130
2517 1697 2586
2586 1697 2517
1697 2517 2586
875 594 1987
1987 594 875
594 875 1987
849 63 1263
1263 63 849
63 849 1263
339 365 853
365 339 853
853 339 365
1822 120 1679
120 1679 1822
1679 120 1822
1542 216 1159
216 1159 1542
1159 216 1542
2485 2319 2960
2960 2319 2485
2319 2485 2960
2255 1747 2923
1747 2255 2923
2923 1747 2255
644 893 2928
2928 644 893
893 644 2928
1681 1281 1618
1281 1618 1681
1618 1281 1681
629 535 592
592 535 629
535 592 629
1758 909 2843
909 1758 2843
2843 909 1758
155 686 788
788 155 686
686 155 788
390 135 2846
2846 135 390
135 390 2846
2908 1664 2597
2597 1664 2908
1664 2597 2908
1584 257 1209
257 1209 1584
1209 257 1584
2361 2054 2462
2462 2054 2361
2054 2361 2462
1272 362 2911
362 1272 2911
2911 362 1272
1156 89 1114
89 1114 1156
1114 89 1156
2433 685 1416
1416 685 2433
685 1416 2433
110 527 2009
2009 110 527
527 110 2009
1018 36 2917
2917 36 1018
36 1018 2917
755 109 2188
2188 109 755
109 755 2188
1731 1858 2286
2286 1731 1858
1858 1731 2286
2332 1077 2039
2039 1077 2332
1077 2039 2332
829 1736 1902
1902 829 1736
1736 829 1902
2182 35 2232
2232 35 2182
35 2182 2232
99 2366 2731
2731 99 2366
2366 99 2731
101 1936 2362
2362 101 1936
1936 101 2362
1117 586 1943
1943 586 1117
586 1117 1943
1573 205 2292
205 1573 2292
2292 205 1573
2503 1303 1720
1720 1303 2503
1303 1720 2503
1532 42 770
42 770 1532
770 42 1532
1640 1452 2657
2657 1452 1640
1452 1640 2657
2311 1143 1367
1143 1367 2311
1367 1143 2311
1915 1123 2180
1123 1915 2180
2180 1123 1915
1521 2915 2988
2988 1521 2915
2915 1521 2988
2949 664 2692
664 2692 2949
2692 664 2949
12 1665 1728
1728 12 1665
1665 12 1728
1787 1629 1916
1629 1787 1916
1916 1629 1787
2257 673 2424
673 2257 2424
2424 673 2257
610 1711 1761
1711 610 1761
1761 610 1711
131 2102 2458
2458 131 2102
2102 131 2458
1287 47 1717
1717 47 1287
47 1287 1717
998 326 1646
1646 326 998
326 998 1646
357 1588 2681
1588 357 2681
2681 357 1588
1444 1288 1556
1288 1444 1556
1556 1288 1444
2579 969 2265
969 2265 2579
2265 969 2579
1081 740 1347
1347 740 1081
740 1081 1347
2780 418 1128
1128 418 2780
418 1128 2780
2697 726 729
729 726 2697
726 729 2697
171 409 2342
2342 171 409
409 171 2342
1477 86 2399
86 1477 2399
2399 86 1477
547 1425 2598
1425 547 2598
2598 547 1425
636 94 645
94 636 645
645 94 636
1439 1323 2331
1323 1439 2331
2331 1323 1439
221 56 1743
1743 56 221
56 221 1743
1780 871 1375
871 1375 1780
1375 871 1780
2191 712 2151
712 2151 2191
2151 712 2191
1867 874 1795
874 1795 1867
1795 874 1867
385 2662 2798
2798 385 2662
2662 385 2798
2728 185 2510
185 2510 2728
2510 185 2728
2439 1752 2782
1752 2439 2782
2782 1752 2439
2574 1827 2365
2365 1827 2574
1827 2365 2574
1098 467 2379
467 1098 2379
2379 467 1098
663 717 2766
2766 663 717
717 663 2766
614 945 2815
2815 614 945
945 614 2815
2474 38 1332
1332 38 2474
38 1332 2474
923 472 1414
472 923 1414
1414 472 923
2247 2150 2727
2150 2247 2727
2727 2150 2247
543 1449 2305
1449 543 2305
2305 543 1449
1886 1010 2852
1010 1886 2852
2852 1010 1886
2596 368 785
368 785 2596
785 368 2596
183 1764 2357
2357 183 1764
1764 183 2357
2985 1276 1856
1856 1276 2985
1276 1856 2985
1686 2308 2701
2701 1686 2308
2308 1686 2701
2197 775 1649
1649 775 2197
775 1649 2197
891 580 921
580 891 921
921 580 891
1430 2428 2743
2428 1430 2743
2743 1430 2428
2752 189 564
189 564 2752
564 189 2752
996 620 2557
2557 620 996
620 996 2557
1642 438 2972
438 1642 2972
2972 438 1642
546 503 2791
2791 503 546
503 546 2791
2903 351 1170
351 1170 2903
1170 351 2903
421 48 192
192 48 421
48 192 421
2612 1231 2878
1231 2612 2878
2878 1231 2612
2140 2199 2659
2659 2140 2199
2199 2140 2659
2962 1485 2838
2838 1485 2962
1485 2838 2962
590 441 2465
441 590 2465
2465 441 590
2618 826 2870
2870 826 2618
826 2618 2870
226 1260 2334
2334 226 1260
1260 226 2334
1808 381 457
457 381 1808
381 457 1808
1824 1454 1860
1454 1824 1860
1860 1454 1824
1186 1463 2513
1463 1186 2513
2513 1186 1463
2627 537 1891
537 1891 2627
1891 537 2627
668 1496 1922
1496 668 1922
1922 668 1496
184 625 1771
625 184 1771
1771 184 625
972 962 2576
962 972 2576
2576 962 972
483 995 1180
1180 483 995
995 483 1180
246 2858 2910
2910 246 2858
2858 246 2910
2149 1069 1384
1069 1384 2149
1384 1069 2149
2745 776 1792
1792 776 2745
776 1792 2745
1093 495 868
868 495 1093
495 868 1093
732 1800 2567
1800 732 2567
2567 732 1800
2642 388 2808
2808 388 2642
388 2642 2808
714 2145 2671
2671 714 2145
2145 714 2671
464 396 414
396 414 464
414 396 464
408 342 2866
342 408 2866
2866 342 408
1417 271 1703
1703 271 1417
271 1417 1703
898 2061 2341
2061 898 2341
2341 898 2061
2879 125 966
125 966 2879
966 125 2879
372 2464 2971
2971 372 2464
2464 372 2971
175 1390 2035
2035 175 1390
1390 175 2035
1551 330 566
566 330 1551
330 566 1551
64 113 2826
2826 64 113
113 64 2826
1278 1211 1967
1967 1211 1278
1211 1278 1967
2568 1250 1843
1843 1250 2568
1250 1843 2568
2302 2509 2907
2509 2302 2907
2907 2302 2509
841 1204 2812
1204 841 2812
2812 841 1204
2185 967 2137
967 2137 2185
2137 967 2185
1410 55 2916
2916 55 1410
55 1410 2916
1648 319 1365
319 1365 1648
1365 319 1648
2442 634 1785
634 1785 2442
1785 634 2442
539 1215 2237
1215 539 2237
2237 539 1215
2267 176 940
940 176 2267
176 940 2267
1012 117 1112
1112 117 1012
117 1012 1112
1479 723 1187
723 1187 1479
1187 723 1479
2297 531 1487
531 1487 2297
1487 531 2297
364 650 1166
1166 364 650
650 364 1166
669 604 2095
2095 604 669
604 669 2095
1637 267 2840
267 1637 2840
2840 267 1637
1992 322 1171
322 1171 1992
1171 322 1992
2831 1016 1145
1145 1016 2831
1016 1145 2831
1189 2045 2087
2087 1189 2045
2045 1189 2087
499 1167 2883
1167 499 2883
2883 499 1167
2704 287 1302
287 1302 2704
1302 287 2704
2393 1237 1689
1689 1237 2393
1237 1689 2393
2300 656 1550
656 1550 2300
1550 656 2300
250 918 1379
918 250 1379
1379 250 918
2236 993 2189
993 2189 2236
2189 993 2236
1330 2056 2676
2676 1330 2056
2056 1330 2676
1115 2190 2977
2977 1115 2190
2190 1115 2977
259 41 671
671 41 259
41 259 671
2248 1577 1982
1982 1577 2248
1577 1982 2248
2187 111 219
111 219 2187
219 111 2187
736 233 344
344 233 736
233 344 736
905 751 1154
751 905 1154
1154 751 905
1095 84 1527
84 1095 1527
1527 84 1095
2941 824 2680
824 2680 2941
2680 824 2941
1773 496 843
843 496 1773
496 843 1773
2348 1543 2854
2854 1543 2348
1543 2348 2854
2216 393 896
393 896 2216
896 393 2216
1227 473 1873
1873 473 1227
473 1227 1873
1083 1011 2584
1011 1083 2584
2584 1011 1083
1539 1113 1918
1113 1539 1918
1918 1113 1539
498 360 1333
360 498 1333
1333 360 498
2687 1678 2053
1678 2053 2687
2053 1678 2687
1721 202 1568
1568 202 1721
202 1568 1721
812 230 2863
230 812 2863
2863 230 812
1436 927 1445
927 1436 1445
1445 927 1436
425 142 761
142 425 761
761 142 425
173 598 2724
598 173 2724
2724 173 598
1874 2225 2565
2225 1874 2565
2565 1874 2225
1412 1348 2845
2845 1348 1412
1348 1412 2845
2512 502 557
557 502 2512
502 557 2512
1208 1934 2765
2765 1208 1934
1934 1208 2765
218 1437 1695
1437 218 1695
1695 218 1437
2444 1037 2115
1037 2115 2444
2115 1037 2444
739 2553 2855
2855 739 2553
2553 739 2855
2614 818 2271
2271 818 2614
818 2271 2614
2685 1075 2349
1075 2349 2685
2349 1075 2685
1956 510 2999
2999 510 1956
510 1956 2999
2239 190 1857
1857 190 2239
190 1857 2239
2750 1587 2945
1587 2750 2945
2945 1587 2750
1277 447 2792
447 1277 2792
2792 447 1277
2157 1727 2800
2800 1727 2157
1727 2157 2800
1249 8 1777
1777 8 1249
8 1249 1777
2599 1748 2520
1748 2520 2599
2520 1748 2599
2583 880 1933
1933 880 2583
880 1933 2583
1775 1244 1966
1966 1244 1775
1244 1775 1966
2016 23 2452
2452 23 2016
23 2016 2452
2763 2153 2995
2995 2153 2763
2153 2763 2995
2940 523 670
670 523 2940
523 670 2940
299 439 1310
439 299 1310
1310 299 439
107 1603 1841
1603 107 1841
1841 107 1603
897 242 2430
242 897 2430
2430 242 897
2169 747 1126
1126 747 2169
747 1126 2169
2629 401 2504
401 2504 2629
2504 401 2629
1592 167 2453
2453 167 1592
167 1592 2453
1094 474 2643
2643 474 1094
474 1094 2643
2664 2072 2454
2454 2072 2664
2072 2454 2664
1666 649 2117
2117 649 1666
649 1666 2117
900 725 1360
725 900 1360
1360 725 900
1635 1286 2177
2177 1286 1635
1286 1635 2177
1633 552 2778
552 1633 2778
2778 552 1633
2793 908 1191
1191 908 2793
908 1191 2793
20 98 1486
1486 20 98
98 20 1486
2260 328 2625
2625 328 2260
328 2260 2625
884 1202 2975
2975 884 1202
1202 884 2975
1781 132 2272
132 1781 2272
2272 132 1781
789 1136 1459
1459 789 1136
1136 789 1459
1545 1241 2656
1241 1545 2656
2656 1241 1545
1371 605 1993
1993 605 1371
605 1371 1993
2209 519 2530
519 2209 2530
2530 519 2209
1092 1405 1807
1807 1092 1405
1405 1092 1807
2594 456 2389
456 2389 2594
2389 456 2594
707 1296 1969
1296 707 1969
1969 707 1296
1946 312 948
948 312 1946
312 948 1946
2079 1627 2478
2478 1627 2079
1627 2079 2478
2423 1131 2278
1131 2278 2423
2278 1131 2423
572 160 1355
160 572 1355
1355 160 572
1606 66 2049
2049 66 1606
66 1606 2049
1848 1870 2856
2856 1848 1870
1870 1848 2856
2176 601 2787
601 2176 2787
2787 601 2176
1229 951 1147
1147 951 1229
951 1147 1229
954 1408 2258
2258 954 1408
1408 954 2258
2147 888 2436
888 2147 2436
2436 888 2147
2622 1027 1174
1027 1174 2622
1174 1027 2622
2339 480 640
480 640 2339
640 480 2339
1985 1132 2364
1132 1985 2364
2364 1132 1985
1701 861 2080
2080 861 1701
861 1701 2080
2438 1071 1959
1959 1071 2438
1071 1959 2438
352 2691 2889
2889 352 2691
2691 352 2889
2895 705 2708
705 2708 2895
2708 705 2895
419 1478 1582
1478 419 1582
1582 419 1478
796 1041 2481
1041 796 2481
2481 796 1041
2413 1983 2098
1983 2098 2413
2098 1983 2413
291 1941 2470
1941 291 2470
2470 291 1941
798 4 2525
2525 4 798
4 798 2525
1508 930 1820
930 1508 1820
1820 930 1508
1240 324 2211
2211 324 1240
324 1240 2211
2355 542 2460
542 2355 2460
2460 542 2355
823 337 417
337 417 823
417 337 823
1677 957 2909
957 1677 2909
2909 957 1677
1894 279 2824
279 1894 2824
2824 279 1894
2401 750 1051
750 1051 2401
1051 750 2401
1001 209 2083
209 1001 2083
2083 209 1001
2181 248 1585
1585 248 2181
248 1585 2181
1533 443 1672
1672 443 1533
443 1533 1672
1626 2240 2751
2751 1626 2240
2240 1626 2751
1062 1553 1855
1553 1062 1855
1855 1062 1553
821 295 1052
295 821 1052
1052 295 821
2326 283 2218
2218 283 2326
283 2218 2326
1745 701 2769
2769 701 1745
701 1745 2769
506 1326 1604
1326 506 1604
1604 506 1326
1048 992 2175
992 1048 2175
2175 992 1048
2967 1300 1564
1300 1564 2967
1564 1300 2967
735 1591 2965
2965 735 1591
1591 735 2965
412 2215 2289
2215 412 2289
2289 412 2215
2874 481 540
540 481 2874
481 540 2874
2624 1319 1571
1319 1571 2624
1571 1319 2624
2695 1032 1261
1261 1032 2695
1032 1261 2695
2055 1142 1357
1357 1142 2055
1142 1357 2055
767 341 2384
341 767 2384
2384 341 767
2876 973 2806
2806 973 2876
973 2806 2876
2432 475 658
658 475 2432
475 658 2432
870 234 2024
234 870 2024
2024 234 870
2100 2397 2921
2397 2100 2921
2921 2100 2397
1164 191 2158
2158 191 1164
191 1164 2158
2648 1275 1483
1483 1275 2648
1275 1483 2648
180 813 2857
2857 180 813
813 180 2857
2707 320 484
320 484 2707
484 320 2707
2802 485 1994
1994 485 2802
485 1994 2802
116 1252 1995
1252 116 1995
1995 116 1252
2976 1185 1505
1505 1185 2976
1185 1505 2976
1230 370 1804
370 1230 1804
1804 370 1230
2163 720 743
720 743 2163
743 720 2163
207 2110 2259
2259 207 2110
2110 207 2259
2497 407 1120
1120 407 2497
407 1120 2497
1639 1065 1111
1065 1111 1639
1111 1065 1639
536 2466 2689
2466 536 2689
2689 536 2466
968 85 128
128 85 968
85 128 968
1636 1363 2609
1363 1636 2609
2609 1363 1636
1793 386 1050
386 1050 1793
1050 386 1793
1381 1760 2343
2343 1381 1760
1760 1381 2343
693 411 1811
1811 411 693
411 693 1811
2400 1921 2740
1921 2400 2740
2740 1921 2400
627 804 2841
804 627 2841
2841 627 804
563 2317 2654
2317 563 2654
2654 563 2317
545 1628 2637
1628 545 2637
2637 545 1628
1179 327 1490
1490 327 1179
327 1179 1490
2730 1283 1813
1813 1283 2730
1283 1813 2730
2663 2250 2506
2506 2250 2663
2250 2506 2663
394 1472 2739
2739 394 1472
1472 394 2739
305 974 2700
974 305 2700
2700 305 974
318 1354 1784
1784 318 1354
1354 318 1784
2882 1266 2774
1266 2774 2882
2774 1266 2882
955 983 1694
983 955 1694
1694 955 983
163 1769 2902
1769 163 2902
2902 163 1769
558 1177 2633
1177 558 2633
2633 558 1177
1923 118 1458
1458 118 1923
118 1458 1923
2632 1352 2986
1352 2632 2986
2986 1352 2632
1267 1340 1373
1340 1267 1373
1373 1267 1340
