17318 10213 23543
10213 17318 23543
23543 10213 17318
335 1049 24361
24361 335 1049
1049 335 24361
24397 10152 29048
10152 24397 29048
29048 10152 24397
20236 18161 23370
23370 18161 20236
18161 20236 23370
10831 17953 20340
20340 10831 17953
17953 10831 20340
8402 2297 13664
2297 8402 13664
13664 2297 8402
1039 4220 27805
27805 1039 4220
4220 1039 27805
2609 788 13794
788 2609 13794
13794 788 2609
28848 12580 21090
21090 12580 28848
12580 21090 28848
8972 7516 19091
7516 8972 19091
19091 7516 8972
9499 10941 29288
29288 9499 10941
10941 9499 29288
7544 6390 9697
9697 6390 7544
6390 7544 9697
14630 22174 25975
22174 14630 25975
25975 14630 22174
12084 18292 26325
26325 12084 18292
18292 12084 26325
25323 13740 21017
21017 13740 25323
13740 21017 25323
3474 4820 11304
4820 3474 11304
11304 3474 4820
16143 12181 17719
17719 12181 16143
12181 16143 17719
10822 3046 24168
3046 10822 24168
24168 3046 10822
22744 2897 23581
23581 2897 22744
2897 22744 23581
18321 14486 26814
14486 18321 26814
26814 14486 18321
12361 1580 9123
1580 9123 12361
9123 1580 12361
13663 26672 27036
27036 13663 26672
26672 13663 27036
10023 17644 18979
17644 10023 18979
18979 10023 17644
28166 2934 3689
3689 2934 28166
2934 3689 28166
23279 61 4136
61 4136 23279
4136 61 23279
15696 961 26687
961 15696 26687
26687 961 15696
7244 1432 19053
1432 7244 19053
19053 1432 7244
13694 8815 26719
26719 8815 13694
8815 13694 26719
15719 16195 29401
16195 15719 29401
29401 15719 16195
11752 11686 18048
18048 11686 11752
11686 11752 18048
15739 11043 13372
11043 13372 15739
13372 11043 15739
4358 6019 27244
27244 4358 6019
6019 4358 27244
4659 5637 18098
5637 4659 18098
18098 4659 5637
21137 13492 16869
13492 16869 21137
16869 13492 21137
29869 4817 22571
22571 4817 29869
4817 22571 29869
21778 6754 23187
23187 6754 21778
6754 21778 23187
3608 3471 14843
14843 3471 3608
3471 3608 14843
22337 3501 26055
26055 3501 22337
3501 22337 26055
2603 4495 17228
4495 2603 17228
17228 2603 4495
17899 19615 26416
26416 17899 19615
19615 17899 26416
23627 15094 17388
15094 17388 23627
17388 15094 23627
23596 1375 14307
1375 14307 23596
14307 1375 23596
8237 2547 25857
25857 2547 8237
2547 8237 25857
20106 10673 25689
10673 20106 25689
25689 10673 20106
20662 4879 13500
13500 4879 20662
4879 13500 20662
26876 21114 26361
26361 21114 26876
21114 26361 26876
20454 8794 23419
23419 8794 20454
8794 20454 23419
23587 7237 21828
7237 21828 23587
21828 7237 23587
24519 6661 22674
22674 6661 24519
6661 22674 24519
727 10800 13513
10800 727 13513
13513 727 10800
6900 3406 26453
3406 6900 26453
26453 3406 6900
2334 2563 15622
2563 2334 15622
15622 2334 2563
29923 18764 19098
18764 19098 29923
19098 18764 29923
10528 12566 16462
12566 10528 16462
16462 10528 12566
29760 17309 23006
17309 23006 29760
23006 17309 29760
24092 2206 14264
14264 2206 24092
2206 14264 24092
5360 13103 20100
13103 5360 20100
20100 5360 13103
2017 4575 7526
7526 2017 4575
4575 2017 7526
29386 1653 12015
1653 12015 29386
12015 1653 29386
25414 3596 13579
13579 3596 25414
3596 13579 25414
17500 17649 17653
17653 17500 17649
17649 17500 17653
14924 19747 19987
19747 14924 19987
19987 14924 19747
21990 54 29485
54 21990 29485
29485 54 21990
17393 8208 17100
8208 17100 17393
17100 8208 17393
21315 11652 14281
14281 11652 21315
11652 14281 21315
7117 12816 23521
12816 7117 23521
23521 7117 12816
12025 8115 29034
29034 8115 12025
8115 12025 29034
18803 13333 13970
13333 13970 18803
13970 13333 18803
26723 4570 26158
26158 4570 26723
4570 26158 26723
20630 9496 17091
17091 9496 20630
9496 17091 20630
4918 6942 17079
6942 4918 17079
17079 4918 6942
1910 18026 23610
18026 1910 23610
23610 1910 18026
19625 9339 23491
23491 9339 19625
9339 19625 23491
17863 11269 26850
11269 17863 26850
26850 11269 17863
12693 18722 21671
18722 12693 21671
21671 12693 18722
10808 19649 22995
19649 10808 22995
22995 10808 19649
9079 3584 20974
20974 3584 9079
3584 9079 20974
6174 2119 5193
5193 2119 6174
2119 5193 6174
21416 3611 6497
6497 3611 21416
3611 6497 21416
8955 18039 19332
18039 8955 19332
19332 8955 18039
467 9045 16876
9045 467 16876
16876 467 9045
13126 12221 15849
12221 13126 15849
15849 12221 13126
19901 21569 27845
27845 19901 21569
21569 19901 27845
15665 9771 16081
16081 9771 15665
9771 15665 16081
9953 9817 23267
9817 9953 23267
23267 9817 9953
7335 12930 22475
12930 7335 22475
22475 7335 12930
2766 9084 14487
9084 2766 14487
14487 2766 9084
26437 2494 6627
6627 2494 26437
2494 6627 26437
7585 9567 21474
9567 7585 21474
21474 7585 9567
7649 19058 20115
20115 7649 19058
19058 7649 20115
2612 8075 11252
11252 2612 8075
8075 2612 11252
6388 11455 26300
26300 6388 11455
11455 6388 26300
19680 11101 18173
18173 11101 19680
11101 18173 19680
9974 12133 18792
18792 9974 12133
12133 9974 18792
16573 8916 15756
15756 8916 16573
8916 15756 16573
29548 3603 12187
3603 12187 29548
12187 3603 29548
17516 10968 11008
11008 10968 17516
10968 11008 17516
25108 11461 19201
19201 11461 25108
11461 19201 25108
15910 18774 28760
28760 15910 18774
18774 15910 28760
26264 20518 28927
28927 20518 26264
20518 26264 28927
20539 10842 24216
10842 20539 24216
24216 10842 20539
9963 15320 21839
15320 9963 21839
21839 9963 15320
23192 4603 16186
4603 16186 23192
16186 4603 23192
23750 2599 28874
2599 23750 28874
28874 2599 23750
9843 4439 20533
4439 9843 20533
20533 4439 9843
2075 11220 22635
11220 2075 22635
22635 2075 11220
18523 10575 26371
26371 10575 18523
10575 18523 26371
29650 20071 27151
27151 20071 29650
20071 27151 29650
25 12534 14396
14396 25 12534
12534 25 14396
14621 17485 20678
20678 14621 17485
17485 14621 20678
15981 5661 17545
17545 5661 15981
5661 15981 17545
20570 11 27433
27433 11 20570
11 20570 27433
15052 8490 10001
8490 10001 15052
10001 8490 15052
2875 12159 26597
12159 2875 26597
26597 2875 12159
10796 16639 19072
16639 10796 19072
19072 10796 16639
2958 5184 29994
29994 2958 5184
5184 2958 29994
5809 719 19736
19736 719 5809
719 5809 19736
21775 3250 7830
7830 3250 21775
3250 7830 21775
1267 711 18731
18731 711 1267
711 1267 18731
9194 1466 7099
7099 1466 9194
1466 7099 9194
25187 9303 20946
20946 9303 25187
9303 20946 25187
21172 6129 18659
18659 6129 21172
6129 18659 21172
14398 5292 19367
5292 14398 19367
19367 5292 14398
21287 1782 17229
1782 17229 21287
17229 1782 21287
802 4477 13985
4477 802 13985
13985 802 4477
7255 19504 27636
19504 7255 27636
27636 7255 19504
22628 5079 28106
5079 22628 28106
28106 5079 22628
12631 6892 19710
6892 12631 19710
19710 6892 12631
12260 25426 25437
25426 12260 25437
25437 12260 25426
22798 7647 27222
7647 22798 27222
27222 7647 22798
17360 16534 29887
16534 17360 29887
29887 16534 17360
21047 19141 28748
19141 21047 28748
28748 19141 21047
5033 2444 5966
2444 5033 5966
5966 2444 5033
12526 22922 27466
22922 12526 27466
27466 12526 22922
25682 8255 27467
27467 8255 25682
8255 25682 27467
21401 29 12179
12179 29 21401
29 12179 21401
16772 6061 11948
6061 11948 16772
11948 6061 16772
13988 14191 15476
14191 13988 15476
15476 13988 14191
7691 248 2808
248 2808 7691
2808 248 7691
18381 10740 22378
10740 18381 22378
22378 10740 18381
27960 10723 25971
10723 25971 27960
25971 10723 27960
9725 13095 15478
13095 9725 15478
15478 9725 13095
24876 12329 16945
16945 12329 24876
12329 16945 24876
19218 1805 26318
1805 19218 26318
26318 1805 19218
11891 14464 14822
14822 11891 14464
14464 11891 14822
27938 14495 23990
23990 14495 27938
14495 23990 27938
3651 16442 29762
29762 3651 16442
16442 3651 29762
9463 15404 26880
15404 9463 26880
26880 9463 15404
5010 8549 24481
24481 5010 8549
8549 5010 24481
12268 14745 29364
29364 12268 14745
14745 12268 29364
1368 1465 6398
6398 1368 1465
1465 1368 6398
24094 19494 20751
20751 19494 24094
19494 20751 24094
25604 4895 23915
4895 23915 25604
23915 4895 25604
9183 4934 14890
14890 4934 9183
4934 9183 14890
13624 2397 3566
2397 3566 13624
3566 2397 13624
18154 4294 26921
26921 4294 18154
4294 18154 26921
9279 6506 26871
6506 9279 26871
26871 6506 9279
10343 12056 22031
22031 10343 12056
12056 10343 22031
24437 15225 22925
15225 22925 24437
22925 15225 24437
13050 2324 10788
10788 2324 13050
2324 10788 13050
9366 26768 29900
26768 9366 29900
29900 9366 26768
27729 583 11841
11841 583 27729
583 11841 27729
3977 5200 21688
5200 3977 21688
21688 3977 5200
27872 10423 13087
13087 10423 27872
10423 13087 27872
18094 15431 24781
15431 18094 24781
24781 15431 18094
27662 2916 16071
16071 2916 27662
2916 16071 27662
23200 9906 27340
9906 23200 27340
27340 9906 23200
9976 17379 25448
25448 9976 17379
17379 9976 25448
8894 18057 29275
18057 8894 29275
29275 8894 18057
22534 9311 12708
12708 9311 22534
9311 12708 22534
18067 28291 29150
28291 18067 29150
29150 18067 28291
23354 5069 18560
5069 18560 23354
18560 5069 23354
29976 4892 29031
29031 4892 29976
4892 29031 29976
24795 12205 14972
12205 14972 24795
14972 12205 24795
18269 5474 13017
5474 13017 18269
13017 5474 18269
13995 28638 29783
29783 13995 28638
28638 13995 29783
948 8818 24991
24991 948 8818
8818 948 24991
21506 16259 26321
16259 21506 26321
26321 16259 21506
3519 21815 29508
21815 3519 29508
29508 3519 21815
9987 26280 27286
27286 9987 26280
26280 9987 27286
13640 4548 29223
4548 13640 29223
29223 4548 13640
16269 10533 14018
10533 14018 16269
14018 10533 16269
15267 7687 18601
7687 15267 18601
18601 7687 15267
7387 11898 12375
12375 7387 11898
11898 7387 12375
10512 8385 16533
8385 10512 16533
16533 8385 10512
14341 13111 27520
27520 13111 14341
13111 14341 27520
24533 10028 27899
27899 10028 24533
10028 24533 27899
29252 17934 22651
17934 22651 29252
22651 17934 29252
16715 17673 20308
17673 16715 20308
20308 16715 17673
277 6618 23649
6618 277 23649
23649 277 6618
15407 17929 27035
17929 15407 27035
27035 15407 17929
8256 10284 14358
14358 8256 10284
10284 8256 14358
24622 3387 24866
24866 3387 24622
3387 24622 24866
21964 13052 26756
13052 21964 26756
26756 13052 21964
12955 1932 6316
6316 1932 12955
1932 6316 12955
5417 17902 20747
20747 5417 17902
17902 5417 20747
24930 4773 10773
10773 4773 24930
4773 10773 24930
4826 1617 7091
7091 1617 4826
1617 4826 7091
17336 20074 21125
20074 17336 21125
21125 17336 20074
25397 7327 27166
7327 25397 27166
27166 7327 25397
11127 17191 18667
17191 11127 18667
18667 11127 17191
8893 2525 21911
21911 2525 8893
2525 8893 21911
23440 24187 26261
26261 23440 24187
24187 23440 26261
23142 6785 20103
20103 6785 23142
6785 20103 23142
20927 2466 10628
2466 10628 20927
10628 2466 20927
10704 11213 20619
11213 10704 20619
20619 10704 11213
23578 25645 26631
25645 23578 26631
26631 23578 25645
24511 20140 27721
27721 20140 24511
20140 24511 27721
9073 2966 15703
2966 9073 15703
15703 2966 9073
20831 21404 28265
28265 20831 21404
21404 20831 28265
29494 14569 19465
14569 19465 29494
19465 14569 29494
24856 192 13939
192 13939 24856
13939 192 24856
14969 13981 15678
15678 13981 14969
13981 14969 15678
4533 13615 19790
19790 4533 13615
13615 4533 19790
1263 420 7947
420 1263 7947
7947 420 1263
26267 16207 24298
24298 16207 26267
16207 24298 26267
1411 13244 20392
13244 1411 20392
20392 1411 13244
12957 4434 8404
8404 4434 12957
4434 8404 12957
29123 5362 20149
5362 20149 29123
20149 5362 29123
8797 16669 22134
22134 8797 16669
16669 8797 22134
929 8608 17056
8608 929 17056
17056 929 8608
11380 12815 23138
23138 11380 12815
12815 11380 23138
9362 4205 15148
15148 4205 9362
4205 9362 15148
14730 3801 12269
12269 3801 14730
3801 12269 14730
27727 2846 17513
17513 2846 27727
2846 17513 27727
1382 7848 24791
7848 1382 24791
24791 1382 7848
10097 16352 19029
19029 10097 16352
16352 10097 19029
14562 496 29847
29847 496 14562
496 14562 29847
22003 6951 29980
6951 22003 29980
29980 6951 22003
13470 2762 12401
12401 2762 13470
2762 12401 13470
660 13177 25079
13177 660 25079
25079 660 13177
6810 1800 9433
9433 1800 6810
1800 6810 9433
4199 2193 16137
16137 2193 4199
2193 4199 16137
19645 17621 23690
23690 17621 19645
17621 19645 23690
5649 16747 27101
27101 5649 16747
16747 5649 27101
14216 25848 27049
27049 14216 25848
25848 14216 27049
6835 15152 26720
26720 6835 15152
15152 6835 26720
16651 17974 24356
24356 16651 17974
17974 16651 24356
18895 12822 27437
27437 12822 18895
12822 18895 27437
7577 20401 22166
20401 7577 22166
22166 7577 20401
7058 11000 11215
11215 7058 11000
11000 7058 11215
10248 1848 3118
1848 3118 10248
3118 1848 10248
20659 4702 22894
22894 4702 20659
4702 20659 22894
19220 12203 24163
12203 19220 24163
24163 12203 19220
8888 7528 10971
10971 7528 8888
7528 8888 10971
12448 19724 29551
19724 12448 29551
29551 12448 19724
2208 2769 20077
2769 2208 20077
20077 2208 2769
20304 2531 15876
2531 15876 20304
15876 2531 20304
23740 495 20802
20802 495 23740
495 20802 23740
17160 21661 25973
21661 17160 25973
25973 17160 21661
16179 6208 13977
13977 6208 16179
6208 13977 16179
5440 5539 7217
5539 5440 7217
7217 5440 5539
28519 4912 21384
21384 4912 28519
4912 21384 28519
22241 3931 7721
3931 7721 22241
7721 3931 22241
3680 709 29071
29071 709 3680
709 3680 29071
2985 15959 24337
24337 2985 15959
15959 2985 24337
22198 10586 19916
10586 19916 22198
19916 10586 22198
16585 5846 29141
5846 16585 29141
29141 5846 16585
17771 2513 2879
2513 2879 17771
2879 2513 17771
875 1213 21784
21784 875 1213
1213 875 21784
22855 3878 19623
19623 3878 22855
3878 19623 22855
17061 1883 12427
1883 12427 17061
12427 1883 17061
2697 14789 25708
25708 2697 14789
14789 2697 25708
20634 9155 14524
9155 14524 20634
14524 9155 20634
25887 22945 24134
24134 22945 25887
22945 24134 25887
5995 8158 15481
8158 5995 15481
15481 5995 8158
21658 5928 20144
20144 5928 21658
5928 20144 21658
26024 12556 21326
12556 21326 26024
21326 12556 26024
2033 18049 29607
18049 2033 29607
29607 2033 18049
21903 2152 13818
2152 13818 21903
13818 2152 21903
6733 20545 27879
27879 6733 20545
20545 6733 27879
3500 5296 25192
25192 3500 5296
5296 3500 25192
24425 16283 19354
19354 16283 24425
16283 19354 24425
26355 2320 21335
21335 2320 26355
2320 21335 26355
19331 26522 27026
26522 19331 27026
27026 19331 26522
20735 27599 27764
27599 20735 27764
27764 20735 27599
4178 13994 15081
13994 4178 15081
15081 4178 13994
16918 6203 26019
26019 6203 16918
6203 16918 26019
5058 1815 12429
12429 1815 5058
1815 5058 12429
1456 22056 28205
28205 1456 22056
22056 1456 28205
25230 4363 25884
4363 25230 25884
25884 4363 25230
17431 1745 29755
1745 17431 29755
29755 1745 17431
20367 2663 21560
21560 2663 20367
2663 20367 21560
13142 14296 28768
28768 13142 14296
14296 13142 28768
167 5886 15585
15585 167 5886
5886 167 15585
8715 1233 4415
1233 4415 8715
4415 1233 8715
5887 3918 14422
3918 5887 14422
14422 3918 5887
240 21426 25868
21426 240 25868
25868 240 21426
13416 15236 21186
21186 13416 15236
15236 13416 21186
27874 6309 8513
8513 6309 27874
6309 8513 27874
29220 19375 27061
27061 19375 29220
19375 27061 29220
17026 2735 4526
2735 4526 17026
4526 2735 17026
22727 9301 28604
9301 22727 28604
28604 9301 22727
21151 19670 29138
29138 19670 21151
19670 21151 29138
26386 25873 28796
25873 26386 28796
28796 25873 26386
18665 13117 14507
13117 14507 18665
14507 13117 18665
9618 7376 25462
7376 9618 25462
25462 7376 9618
25835 16236 22151
16236 22151 25835
22151 16236 25835
5669 20158 23271
20158 5669 23271
23271 5669 20158
11788 13361 28007
28007 11788 13361
13361 11788 28007
11874 3841 25127
3841 11874 25127
25127 3841 11874
29067 21333 25380
21333 25380 29067
25380 21333 29067
13958 2543 18251
18251 2543 13958
2543 13958 18251
20065 22189 29028
22189 20065 29028
29028 20065 22189
14799 2322 25764
2322 14799 25764
25764 2322 14799
8358 8694 19729
8694 8358 19729
19729 8358 8694
16306 12574 16601
12574 16306 16601
16601 12574 16306
3438 5768 12460
12460 3438 5768
5768 3438 12460
27820 2102 4213
2102 4213 27820
4213 2102 27820
6355 8514 10892
10892 6355 8514
8514 6355 10892
9629 15178 21405
21405 9629 15178
15178 9629 21405
16218 4987 16547
4987 16218 16547
16547 4987 16218
22471 9282 26879
26879 9282 22471
9282 22471 26879
22645 25312 27793
25312 22645 27793
27793 22645 25312
3051 2749 16797
2749 3051 16797
16797 2749 3051
21623 27127 29140
27127 21623 29140
29140 21623 27127
29726 2850 10520
2850 10520 29726
10520 2850 29726
10983 19711 21615
21615 10983 19711
19711 10983 21615
28776 4799 5984
4799 5984 28776
5984 4799 28776
26382 4141 14994
4141 14994 26382
14994 4141 26382
16966 2981 29782
2981 16966 29782
29782 2981 16966
29881 8441 11719
8441 11719 29881
11719 8441 29881
27472 16126 27595
16126 27472 27595
27595 16126 27472
12801 16593 22179
22179 12801 16593
16593 12801 22179
28032 15470 22661
15470 22661 28032
22661 15470 28032
29722 11190 28326
28326 11190 29722
11190 28326 29722
23389 954 6794
6794 954 23389
954 6794 23389
10988 23275 26877
26877 10988 23275
23275 10988 26877
12078 1247 3426
3426 1247 12078
1247 3426 12078
25859 3827 18224
3827 18224 25859
18224 3827 25859
24828 9321 21927
9321 21927 24828
21927 9321 24828
4836 7388 22519
22519 4836 7388
7388 4836 22519
23905 513 6863
513 6863 23905
6863 513 23905
2793 2020 2147
2147 2020 2793
2020 2147 2793
12366 6712 10049
10049 6712 12366
6712 10049 12366
18903 7913 24231
24231 7913 18903
7913 18903 24231
27927 9753 22604
9753 22604 27927
22604 9753 27927
21529 3982 7590
3982 7590 21529
7590 3982 21529
9087 8582 11974
11974 8582 9087
8582 9087 11974
12837 8004 28573
28573 8004 12837
8004 12837 28573
17289 3905 26109
3905 17289 26109
26109 3905 17289
7521 14534 18849
14534 7521 18849
18849 7521 14534
27952 2162 11336
11336 2162 27952
2162 11336 27952
18553 7176 8702
8702 7176 18553
7176 8702 18553
20721 8627 24687
24687 8627 20721
8627 20721 24687
24657 11914 16535
11914 16535 24657
16535 11914 24657
25304 8135 11069
11069 8135 25304
8135 11069 25304
29059 1070 1292
1292 1070 29059
1070 1292 29059
16226 18571 19906
18571 16226 19906
19906 16226 18571
15112 17039 18906
18906 15112 17039
17039 15112 18906
18493 15466 28944
15466 18493 28944
28944 15466 18493
27398 14918 28932
14918 27398 28932
28932 14918 27398
11050 10361 20820
10361 11050 20820
20820 10361 11050
13247 9559 26468
9559 13247 26468
26468 9559 13247
18391 5529 9973
9973 5529 18391
5529 9973 18391
11580 20908 24894
24894 11580 20908
20908 11580 24894
26878 4147 10534
4147 10534 26878
10534 4147 26878
27911 2900 7935
2900 7935 27911
7935 2900 27911
22680 889 28858
28858 889 22680
889 22680 28858
18472 13438 28551
13438 18472 28551
28551 13438 18472
6068 1668 17114
17114 1668 6068
1668 6068 17114
20243 6409 22672
22672 6409 20243
6409 20243 22672
17046 11993 17102
11993 17046 17102
17102 11993 17046
28882 2358 2892
2358 2892 28882
2892 2358 28882
28203 13363 20959
20959 13363 28203
13363 20959 28203
13147 20082 23177
23177 13147 20082
20082 13147 23177
24598 455 18876
18876 455 24598
455 18876 24598
21694 17239 24889
24889 17239 21694
17239 21694 24889
18559 2230 12763
2230 12763 18559
12763 2230 18559
7267 16438 28110
16438 7267 28110
28110 7267 16438
24580 1972 5980
5980 1972 24580
1972 5980 24580
25038 4397 16287
4397 16287 25038
16287 4397 25038
25458 561 14170
14170 561 25458
561 14170 25458
23103 7619 14458
14458 7619 23103
7619 14458 23103
16144 13280 23919
13280 16144 23919
23919 13280 16144
14014 8149 16877
8149 14014 16877
16877 8149 14014
14770 6685 26448
6685 14770 26448
26448 6685 14770
4652 14031 25576
25576 4652 14031
14031 4652 25576
10901 1483 25753
25753 1483 10901
1483 10901 25753
1567 19233 26780
26780 1567 19233
19233 1567 26780
18516 11294 21025
21025 11294 18516
11294 18516 21025
25601 1074 6650
6650 1074 25601
1074 6650 25601
23426 20201 23523
20201 23426 23523
23523 20201 23426
1736 1018 2476
1018 1736 2476
2476 1018 1736
26235 5750 29258
5750 26235 29258
29258 5750 26235
5575 15528 19311
15528 5575 19311
19311 5575 15528
11807 12273 27310
12273 11807 27310
27310 11807 12273
8832 6719 9060
6719 8832 9060
9060 6719 8832
29580 11471 23633
11471 23633 29580
23633 11471 29580
9077 3933 16316
16316 3933 9077
3933 9077 16316
23943 11400 28812
11400 23943 28812
28812 11400 23943
17846 12684 17073
17073 12684 17846
12684 17073 17846
20622 20756 27479
20756 20622 27479
27479 20622 20756
17497 4340 6552
6552 4340 17497
4340 6552 17497
20436 7641 26217
7641 20436 26217
26217 7641 20436
18937 26530 27601
27601 18937 26530
26530 18937 27601
9985 17048 18836
17048 9985 18836
18836 9985 17048
3108 8159 18137
8159 3108 18137
18137 3108 8159
19042 6472 16365
16365 6472 19042
6472 16365 19042
20712 172 2130
172 2130 20712
2130 172 20712
14412 10122 11307
10122 11307 14412
11307 10122 14412
18400 8772 28335
28335 8772 18400
8772 18400 28335
4419 17865 22085
17865 4419 22085
22085 4419 17865
15850 10760 28093
10760 15850 28093
28093 10760 15850
16915 10311 10481
10481 10311 16915
10311 10481 16915
1952 7368 10584
10584 1952 7368
7368 1952 10584
1792 2154 8991
8991 1792 2154
2154 1792 8991
32 7966 23980
7966 32 23980
23980 32 7966
23777 4911 15126
15126 4911 23777
4911 15126 23777
8018 6170 16698
16698 6170 8018
6170 8018 16698
1269 7728 27378
7728 1269 27378
27378 1269 7728
21904 26262 28975
26262 21904 28975
28975 21904 26262
26826 4988 7228
7228 4988 26826
4988 7228 26826
29546 15369 16871
15369 16871 29546
16871 15369 29546
10438 8546 26975
26975 8546 10438
8546 10438 26975
20954 9095 14811
9095 14811 20954
14811 9095 20954
24429 3534 28213
3534 24429 28213
28213 3534 24429
2323 674 2572
2572 674 2323
674 2323 2572
29790 5091 26735
5091 26735 29790
26735 5091 29790
29065 9268 16765
9268 16765 29065
16765 9268 29065
3305 1393 21311
1393 3305 21311
21311 1393 3305
5797 3652 29368
29368 3652 5797
3652 5797 29368
14666 16335 22021
16335 14666 22021
22021 14666 16335
16770 5140 15391
5140 15391 16770
15391 5140 16770
6332 12453 20626
12453 6332 20626
20626 6332 12453
21035 16880 19161
16880 19161 21035
19161 16880 21035
2783 14708 24006
14708 2783 24006
24006 2783 14708
2974 124 5479
124 2974 5479
5479 124 2974
15028 10303 17213
10303 15028 17213
17213 10303 15028
2640 1051 6788
1051 2640 6788
6788 1051 2640
28823 12575 22800
22800 12575 28823
12575 22800 28823
23439 9899 28276
9899 23439 28276
28276 9899 23439
4789 13213 24664
24664 4789 13213
13213 4789 24664
20417 3944 17703
17703 3944 20417
3944 17703 20417
24851 5458 9380
5458 9380 24851
9380 5458 24851
9376 14925 20685
14925 9376 20685
20685 9376 14925
18926 9248 25543
25543 9248 18926
9248 18926 25543
24343 17182 25894
25894 17182 24343
17182 24343 25894
14448 5591 9547
5591 9547 14448
9547 5591 14448
10176 14681 15416
14681 10176 15416
15416 10176 14681
15508 7780 28013
28013 7780 15508
7780 15508 28013
27552 11751 20301
20301 11751 27552
11751 20301 27552
7681 12135 16419
16419 7681 12135
12135 7681 16419
16294 8372 27614
27614 8372 16294
8372 16294 27614
19030 2638 10331
10331 2638 19030
2638 10331 19030
20173 4171 28139
28139 4171 20173
4171 20173 28139
1002 22910 27248
27248 1002 22910
22910 1002 27248
15406 2830 23822
2830 15406 23822
23822 2830 15406
23344 6233 22183
22183 6233 23344
6233 22183 23344
23282 2715 23130
23130 2715 23282
2715 23130 23282
2886 4738 6140
4738 2886 6140
6140 2886 4738
2380 6258 12818
6258 2380 12818
12818 2380 6258
14704 11107 26961
11107 14704 26961
26961 11107 14704
12977 4675 24184
4675 12977 24184
24184 4675 12977
1794 5036 9387
9387 1794 5036
5036 1794 9387
13032 2648 11009
2648 11009 13032
11009 2648 13032
16125 1237 11633
11633 1237 16125
1237 11633 16125
13102 4115 8222
8222 4115 13102
4115 8222 13102
1391 11916 28967
28967 1391 11916
11916 1391 28967
21411 5818 12790
12790 5818 21411
5818 12790 21411
16187 475 7700
475 7700 16187
7700 475 16187
15342 8008 29967
29967 8008 15342
8008 15342 29967
24813 21518 27981
27981 21518 24813
21518 24813 27981
2949 9657 16215
9657 2949 16215
16215 2949 9657
2562 3954 15825
15825 2562 3954
3954 2562 15825
5052 22014 29553
29553 5052 22014
22014 5052 29553
9966 6860 14479
14479 6860 9966
6860 9966 14479
11237 8060 16678
16678 8060 11237
8060 11237 16678
718 10043 18577
10043 718 18577
18577 718 10043
25264 20635 26456
26456 20635 25264
20635 25264 26456
28194 11065 29813
29813 11065 28194
11065 28194 29813
6856 2500 7139
7139 2500 6856
2500 6856 7139
5882 70 21510
70 5882 21510
21510 70 5882
17345 4677 14491
14491 4677 17345
4677 14491 17345
19266 8980 27666
27666 8980 19266
8980 19266 27666
11963 8519 27566
8519 11963 27566
27566 8519 11963
8171 20 24012
20 8171 24012
24012 20 8171
21906 19285 21630
21630 19285 21906
19285 21630 21906
29890 2449 18010
2449 18010 29890
18010 2449 29890
29799 10400 13717
13717 10400 29799
10400 13717 29799
6737 3267 25545
25545 3267 6737
3267 6737 25545
21265 7878 18870
7878 18870 21265
18870 7878 21265
16435 3771 19444
3771 16435 19444
19444 3771 16435
24404 19310 21076
19310 21076 24404
21076 19310 24404
16022 16488 22173
16488 16022 22173
22173 16022 16488
23246 6102 23446
6102 23246 23446
23446 6102 23246
22853 17592 27293
27293 17592 22853
17592 22853 27293
6998 11216 22329
11216 6998 22329
22329 6998 11216
2862 9223 27444
9223 2862 27444
27444 2862 9223
21348 10699 18702
18702 10699 21348
10699 18702 21348
6263 18332 22814
18332 6263 22814
22814 6263 18332
15436 10328 24277
24277 10328 15436
10328 15436 24277
9097 9357 10642
9357 9097 10642
10642 9097 9357
3184 8248 14121
14121 3184 8248
8248 3184 14121
8938 6675 15826
6675 8938 15826
15826 6675 8938
5508 539 1862
539 1862 5508
1862 539 5508
1886 1730 25260
1730 1886 25260
25260 1730 1886
16378 18868 19582
18868 16378 19582
19582 16378 18868
16562 24554 28285
28285 16562 24554
24554 16562 28285
8855 1515 15410
15410 1515 8855
1515 8855 15410
10824 11418 14520
11418 10824 14520
14520 10824 11418
14254 2265 13309
2265 13309 14254
13309 2265 14254
18250 14424 26392
26392 14424 18250
14424 18250 26392
13124 2140 5620
2140 5620 13124
5620 2140 13124
15463 13887 20056
13887 15463 20056
20056 13887 15463
16477 7026 8868
8868 7026 16477
7026 8868 16477
28481 1611 28935
28935 1611 28481
1611 28481 28935
16622 14852 22926
22926 14852 16622
14852 16622 22926
8733 21689 25522
21689 8733 25522
25522 8733 21689
851 12518 12921
12518 851 12921
12921 851 12518
13750 10993 24929
10993 13750 24929
24929 10993 13750
12153 6530 8826
6530 8826 12153
8826 6530 12153
9563 13781 14552
13781 9563 14552
14552 9563 13781
3922 7741 13684
7741 3922 13684
13684 3922 7741
16360 3554 9550
9550 3554 16360
3554 9550 16360
25141 19158 24196
24196 19158 25141
19158 24196 25141
18794 5875 9359
5875 9359 18794
9359 5875 18794
5043 10762 12316
10762 5043 12316
12316 5043 10762
22837 6910 20748
6910 20748 22837
20748 6910 22837
17832 3073 4295
4295 3073 17832
3073 4295 17832
7214 5381 24321
24321 5381 7214
5381 7214 24321
12306 7751 20510
20510 7751 12306
7751 12306 20510
16138 2103 29044
2103 16138 29044
29044 2103 16138
8644 24214 24627
24214 8644 24627
24627 8644 24214
25782 7629 18249
18249 7629 25782
7629 18249 25782
3567 17647 27388
27388 3567 17647
17647 3567 27388
24377 14588 23270
14588 23270 24377
23270 14588 24377
23574 10087 24633
10087 23574 24633
24633 10087 23574
20567 9481 29008
29008 9481 20567
9481 20567 29008
1940 4174 13842
13842 1940 4174
4174 1940 13842
29573 19454 19969
19454 19969 29573
19969 19454 29573
22091 27718 28953
28953 22091 27718
27718 22091 28953
14951 24152 27086
27086 14951 24152
24152 14951 27086
17332 5810 25935
25935 5810 17332
5810 17332 25935
25723 19957 28860
19957 25723 28860
28860 19957 25723
9377 6868 22281
22281 6868 9377
6868 9377 22281
4569 4819 9185
9185 4569 4819
4819 4569 9185
5608 12337 17960
12337 5608 17960
17960 5608 12337
11816 13149 13590
13590 11816 13149
13149 11816 13590
22304 17811 25593
25593 17811 22304
17811 22304 25593
21716 8648 13512
13512 8648 21716
8648 13512 21716
10171 18458 24447
18458 10171 24447
24447 10171 18458
1618 3261 3351
3351 1618 3261
3261 1618 3351
16697 8723 24992
24992 8723 16697
8723 16697 24992
5808 1789 20950
1789 5808 20950
20950 1789 5808
5721 3278 13833
3278 5721 13833
13833 3278 5721
8102 1963 18470
1963 8102 18470
18470 1963 8102
7536 2552 21753
21753 2552 7536
2552 7536 21753
16472 16176 17383
17383 16176 16472
16176 16472 17383
11773 17589 19176
19176 11773 17589
17589 11773 19176
28325 20557 28718
20557 28325 28718
28718 20557 28325
2578 9536 28044
28044 2578 9536
9536 2578 28044
27667 14013 21950
14013 21950 27667
21950 14013 27667
11636 10761 14265
14265 10761 11636
10761 11636 14265
24046 5327 6604
6604 5327 24046
5327 6604 24046
6076 10201 23230
23230 6076 10201
10201 6076 23230
9415 5015 27781
27781 5015 9415
5015 9415 27781
13898 6180 13203
13203 6180 13898
6180 13203 13898
9246 13677 27659
27659 9246 13677
13677 9246 27659
7760 15504 23443
23443 7760 15504
15504 7760 23443
384 15210 28528
28528 384 15210
15210 384 28528
17801 16611 27833
16611 17801 27833
27833 16611 17801
9501 19568 22658
22658 9501 19568
19568 9501 22658
5019 20357 22043
22043 5019 20357
20357 5019 22043
25045 120 508
120 508 25045
508 120 25045
29260 2396 10953
2396 10953 29260
10953 2396 29260
10780 397 4547
397 4547 10780
4547 397 10780
10326 15882 21415
21415 10326 15882
15882 10326 21415
25986 12258 22677
22677 12258 25986
12258 22677 25986
3306 1472 6168
6168 1472 3306
1472 3306 6168
3661 2774 21814
2774 3661 21814
21814 2774 3661
10765 23239 27356
23239 10765 27356
27356 10765 23239
13631 9486 11320
9486 11320 13631
11320 9486 13631
5170 11219 12739
12739 5170 11219
11219 5170 12739
20131 2269 20696
2269 20131 20696
20696 2269 20131
14291 8981 21728
8981 14291 21728
21728 8981 14291
16688 7921 11301
7921 11301 16688
11301 7921 16688
17847 3754 11459
11459 3754 17847
3754 11459 17847
22694 2835 22664
22664 2835 22694
2835 22664 22694
9782 8322 19888
8322 9782 19888
19888 8322 9782
25824 10783 15747
15747 10783 25824
10783 15747 25824
29227 17368 22033
22033 17368 29227
17368 22033 29227
26169 396 3287
396 3287 26169
3287 396 26169
9304 6890 28152
6890 9304 28152
28152 6890 9304
27574 3355 19653
19653 3355 27574
3355 19653 27574
22558 8287 20073
8287 20073 22558
20073 8287 22558
14089 5064 20921
5064 14089 20921
20921 5064 14089
28693 14896 20111
20111 14896 28693
14896 20111 28693
18504 3995 10431
3995 10431 18504
10431 3995 18504
873 5359 24599
5359 873 24599
24599 873 5359
25408 17123 19248
17123 19248 25408
19248 17123 25408
18585 13327 25537
13327 18585 25537
25537 13327 18585
16565 26898 29061
29061 16565 26898
26898 16565 29061
7325 17354 23692
17354 7325 23692
23692 7325 17354
5176 4038 7365
4038 5176 7365
7365 4038 5176
17421 1190 22611
1190 17421 22611
22611 1190 17421
11804 20791 29957
29957 11804 20791
20791 11804 29957
18128 2005 23052
2005 18128 23052
23052 2005 18128
26108 13542 18453
13542 18453 26108
18453 13542 26108
7696 1545 17085
17085 1545 7696
1545 7696 17085
15107 16162 17958
16162 15107 17958
17958 15107 16162
7905 524 19628
524 7905 19628
19628 524 7905
26450 7098 25066
25066 7098 26450
7098 25066 26450
3424 7520 21833
7520 3424 21833
21833 3424 7520
13450 13105 19738
19738 13105 13450
13105 13450 19738
22967 15139 21385
15139 21385 22967
21385 15139 22967
12756 14841 19533
19533 12756 14841
14841 12756 19533
15140 243 25223
25223 243 15140
243 15140 25223
14546 228 28887
28887 228 14546
228 14546 28887
8074 9616 10991
10991 8074 9616
9616 8074 10991
21362 5890 26339
5890 21362 26339
26339 5890 21362
28763 15685 25695
15685 25695 28763
25695 15685 28763
18596 5133 29236
5133 18596 29236
29236 5133 18596
24591 4832 9264
9264 4832 24591
4832 9264 24591
27484 4982 13928
13928 4982 27484
4982 13928 27484
27696 4886 7312
4886 7312 27696
7312 4886 27696
1837 3835 10386
3835 1837 10386
10386 1837 3835
23673 2076 14001
2076 14001 23673
14001 2076 23673
27814 26894 27392
26894 27392 27814
27392 26894 27814
27533 12609 26862
12609 26862 27533
26862 12609 27533
13216 4916 16557
16557 4916 13216
4916 13216 16557
14178 19126 24734
24734 14178 19126
19126 14178 24734
27974 2262 24739
24739 2262 27974
2262 24739 27974
15885 13329 18844
13329 15885 18844
18844 13329 15885
18411 6394 6937
6937 6394 18411
6394 6937 18411
27413 16928 19571
19571 16928 27413
16928 19571 27413
11177 10426 14879
14879 10426 11177
10426 11177 14879
21860 20779 22036
22036 20779 21860
20779 21860 22036
19391 6407 13997
13997 6407 19391
6407 13997 19391
9936 19970 22032
22032 9936 19970
19970 9936 22032
25429 3637 6643
3637 6643 25429
6643 3637 25429
25788 3393 18023
18023 3393 25788
3393 18023 25788
17914 22602 29198
29198 17914 22602
22602 17914 29198
24111 1053 6945
6945 1053 24111
1053 6945 24111
26864 3763 18148
18148 3763 26864
3763 18148 26864
27253 1602 28189
1602 27253 28189
28189 1602 27253
9856 5758 21649
5758 9856 21649
21649 5758 9856
9572 1104 22114
1104 9572 22114
22114 1104 9572
11042 23828 23867
23867 11042 23828
23828 11042 23867
18633 3692 12543
12543 3692 18633
3692 12543 18633
22231 3242 21387
3242 21387 22231
21387 3242 22231
14564 8014 10368
10368 8014 14564
8014 10368 14564
25495 2873 4365
4365 2873 25495
2873 4365 25495
21681 3054 17264
17264 3054 21681
3054 17264 21681
5157 8470 20832
8470 5157 20832
20832 5157 8470
15712 12643 17810
17810 12643 15712
12643 15712 17810
28209 15750 27412
27412 15750 28209
15750 27412 28209
3949 2990 6746
6746 2990 3949
2990 3949 6746
29051 11379 12392
11379 12392 29051
12392 11379 29051
5638 21132 25423
21132 5638 25423
25423 5638 21132
24061 3281 12919
12919 3281 24061
3281 12919 24061
23660 2858 13490
13490 2858 23660
2858 13490 23660
19784 15338 21648
15338 19784 21648
21648 15338 19784
8722 411 24821
411 8722 24821
24821 411 8722
13899 17987 19284
19284 13899 17987
17987 13899 19284
20722 18727 18826
18727 18826 20722
18826 18727 20722
5961 23784 28028
23784 5961 28028
28028 5961 23784
25907 16467 29188
29188 16467 25907
16467 25907 29188
16900 8486 10112
8486 10112 16900
10112 8486 16900
17454 17128 18157
18157 17128 17454
17128 17454 18157
4717 21302 24619
21302 4717 24619
24619 4717 21302
5195 1230 13198
13198 1230 5195
1230 5195 13198
28183 14123 17335
14123 17335 28183
17335 14123 28183
13265 8903 25628
8903 13265 25628
25628 8903 13265
13800 25605 27584
27584 13800 25605
25605 13800 27584
19326 15183 29272
29272 15183 19326
15183 19326 29272
25524 1475 15117
15117 1475 25524
1475 15117 25524
13851 18594 29218
29218 13851 18594
18594 13851 29218
16255 18186 19766
18186 16255 19766
19766 16255 18186
2241 15038 28019
28019 2241 15038
15038 2241 28019
5725 16058 22529
22529 5725 16058
16058 5725 22529
1628 17279 29297
17279 1628 29297
29297 1628 17279
3984 17470 21171
17470 3984 21171
21171 3984 17470
19672 5425 8233
5425 8233 19672
8233 5425 19672
27218 1746 29248
29248 1746 27218
1746 27218 29248
10845 18676 28346
28346 10845 18676
18676 10845 28346
28115 25224 29463
29463 25224 28115
25224 28115 29463
29838 4377 15471
15471 4377 29838
4377 15471 29838
12967 5127 12172
5127 12172 12967
12172 5127 12967
2415 3866 27586
3866 2415 27586
27586 2415 3866
18179 8187 26363
26363 8187 18179
8187 18179 26363
22618 12976 28173
12976 22618 28173
28173 12976 22618
18276 4421 4856
4856 4421 18276
4421 4856 18276
14675 19316 21883
19316 14675 21883
21883 14675 19316
2866 10221 25399
10221 2866 25399
25399 2866 10221
15758 17737 24708
17737 15758 24708
24708 15758 17737
3205 14696 29426
29426 3205 14696
14696 3205 29426
7397 6468 26851
6468 7397 26851
26851 6468 7397
2210 2588 15259
2588 2210 15259
15259 2210 2588
17578 12734 18340
12734 17578 18340
18340 12734 17578
1683 22721 27867
22721 1683 27867
27867 1683 22721
12023 17933 28534
28534 12023 17933
17933 12023 28534
8765 24922 26003
24922 8765 26003
26003 8765 24922
14346 7230 8132
7230 8132 14346
8132 7230 14346
29139 3117 25126
3117 25126 29139
25126 3117 29139
10186 388 24630
388 10186 24630
24630 388 10186
24594 1201 15526
1201 15526 24594
15526 1201 24594
26131 5047 13507
13507 5047 26131
5047 13507 26131
18497 18624 18925
18624 18497 18925
18925 18497 18624
8259 861 22816
861 8259 22816
22816 861 8259
17278 10813 27068
27068 10813 17278
10813 17278 27068
246 1249 7464
1249 246 7464
7464 246 1249
25287 18382 20833
18382 20833 25287
20833 18382 25287
29651 11556 12467
12467 11556 29651
11556 12467 29651
22118 20229 26869
20229 22118 26869
26869 20229 22118
14198 15602 18319
15602 14198 18319
18319 14198 15602
21542 8332 10680
8332 10680 21542
10680 8332 21542
2461 7646 28191
7646 2461 28191
28191 2461 7646
11051 9621 9738
9621 9738 11051
9738 9621 11051
12771 21211 26494
21211 12771 26494
26494 12771 21211
21198 20094 26582
20094 21198 26582
26582 20094 21198
27716 16569 21958
16569 21958 27716
21958 16569 27716
12665 4346 14357
14357 4346 12665
4346 12665 14357
27224 10578 15998
15998 10578 27224
10578 15998 27224
16692 6012 21277
21277 6012 16692
6012 16692 21277
18761 10468 19263
19263 10468 18761
10468 18761 19263
853 15243 16230
15243 853 16230
16230 853 15243
24520 9909 28108
9909 24520 28108
28108 9909 24520
19276 2434 23164
23164 2434 19276
2434 19276 23164
1255 23710 29552
23710 1255 29552
29552 1255 23710
2268 3994 26194
3994 2268 26194
26194 2268 3994
15333 3432 22053
22053 3432 15333
3432 15333 22053
22415 3322 17645
17645 3322 22415
3322 17645 22415
7061 7540 10050
10050 7061 7540
7540 7061 10050
22237 22702 24365
24365 22237 22702
22702 22237 24365
24390 3459 17384
17384 3459 24390
3459 17384 24390
4084 6638 17629
17629 4084 6638
6638 4084 17629
8697 3539 22750
3539 8697 22750
22750 3539 8697
25836 8737 22531
22531 8737 25836
8737 22531 25836
4921 14527 14931
14931 4921 14527
14527 4921 14931
799 15419 22737
15419 799 22737
22737 799 15419
29137 1369 10626
10626 1369 29137
1369 10626 29137
1898 5607 12438
5607 1898 12438
12438 1898 5607
1022 8267 17277
17277 1022 8267
8267 1022 17277
20642 12262 13630
13630 12262 20642
12262 13630 20642
18904 18655 19798
19798 18655 18904
18655 18904 19798
12335 2812 26859
26859 2812 12335
2812 12335 26859
2682 4467 5235
5235 2682 4467
4467 2682 5235
24466 2377 7266
7266 2377 24466
2377 7266 24466
14011 9624 20981
9624 14011 20981
20981 9624 14011
7418 6213 8633
8633 6213 7418
6213 7418 8633
4532 18651 23205
23205 4532 18651
18651 4532 23205
6653 8973 29423
8973 6653 29423
29423 6653 8973
10728 3548 18318
18318 3548 10728
3548 10728 18318
28171 14260 20879
14260 20879 28171
20879 14260 28171
21779 13699 20867
20867 13699 21779
13699 20867 21779
8 11266 12811
11266 8 12811
12811 8 11266
16577 2407 12353
12353 2407 16577
2407 12353 16577
12261 15911 17498
17498 12261 15911
15911 12261 17498
6709 10009 26356
26356 6709 10009
10009 6709 26356
4183 16018 25997
25997 4183 16018
16018 4183 25997
13567 12225 16706
16706 12225 13567
12225 13567 16706
8436 7285 25984
7285 8436 25984
25984 7285 8436
23562 2136 27076
27076 2136 23562
2136 23562 27076
26682 11532 15059
11532 15059 26682
15059 11532 26682
13434 624 27975
624 13434 27975
27975 624 13434
6224 2686 26418
26418 2686 6224
2686 6224 26418
1173 6452 20814
6452 1173 20814
20814 1173 6452
25479 10140 28978
28978 10140 25479
10140 25479 28978
17774 8592 25325
25325 8592 17774
8592 17774 25325
19861 8585 20527
8585 19861 20527
20527 8585 19861
11473 9405 21850
9405 11473 21850
21850 9405 11473
27641 20916 23855
23855 20916 27641
20916 23855 27641
18181 8835 26103
8835 18181 26103
26103 8835 18181
6246 4024 13016
13016 4024 6246
4024 6246 13016
9020 9775 10529
10529 9020 9775
9775 9020 10529
27247 18652 20438
20438 18652 27247
18652 20438 27247
15517 13349 26444
26444 13349 15517
13349 15517 26444
29516 969 19356
969 19356 29516
19356 969 29516
3309 4063 24443
4063 3309 24443
24443 3309 4063
25989 8356 24518
8356 24518 25989
24518 8356 25989
20474 26303 29152
29152 20474 26303
26303 20474 29152
28207 16736 25367
25367 16736 28207
16736 25367 28207
4522 3177 7740
7740 3177 4522
3177 4522 7740
18620 16745 22399
16745 18620 22399
22399 16745 18620
14306 21279 25520
25520 14306 21279
21279 14306 25520
20792 7915 10698
10698 7915 20792
7915 10698 20792
21974 10286 26286
26286 10286 21974
10286 21974 26286
14655 3093 29241
3093 14655 29241
29241 3093 14655
9514 4277 28530
28530 4277 9514
4277 9514 28530
4907 21634 21811
21634 4907 21811
21811 4907 21634
20906 2630 9955
2630 9955 20906
9955 2630 20906
2732 647 1872
1872 647 2732
647 1872 2732
1690 4529 29611
4529 1690 29611
29611 1690 4529
14250 15090 20418
15090 14250 20418
20418 14250 15090
12066 4800 15321
4800 12066 15321
15321 4800 12066
23520 16893 29809
29809 16893 23520
16893 23520 29809
22482 5364 27759
27759 5364 22482
