699 1859 2682
1859 699 2682
2682 699 1859
2769 204 1535
204 1535 2769
1535 204 2769
2269 1501 2997
1501 2269 2997
2997 1501 2269
309 2691 2864
2691 309 2864
2864 309 2691
664 2319 2423
2319 664 2423
2423 664 2319
175 9 94
9 94 175
94 9 175
1670 1064 2119
2119 1064 1670
1064 1670 2119
456 1355 2755
1355 456 2755
2755 456 1355
2882 328 1546
328 1546 2882
1546 328 2882
2489 1204 1997
1997 1204 2489
1204 1997 2489
35 262 1072
1072 35 262
262 35 1072
585 1965 2112
1965 585 2112
2112 585 1965
56 1203 2563
2563 56 1203
1203 56 2563
1368 2084 2428
2428 1368 2084
2084 1368 2428
498 891 2216
891 498 2216
2216 498 891
2282 1111 1894
1894 1111 2282
1111 1894 2282
893 318 1367
318 893 1367
1367 318 893
80 76 2642
76 80 2642
2642 76 80
2637 264 501
264 501 2637
501 264 2637
2472 793 2670
2670 793 2472
793 2472 2670
1924 6 1068
6 1068 1924
1068 6 1924
663 1039 2708
1039 663 2708
2708 663 1039
2369 2628 2746
2628 2369 2746
2746 2369 2628
1075 437 1984
437 1075 1984
1984 437 1075
405 197 2773
2773 197 405
197 405 2773
1665 1669 1981
1669 1665 1981
1981 1665 1669
1193 1848 2165
1848 1193 2165
2165 1193 1848
2890 1666 2949
1666 2890 2949
2949 1666 2890
2037 918 2512
918 2037 2512
2512 918 2037
869 1166 1285
1285 869 1166
1166 869 1285
2099 669 1628
1628 669 2099
669 1628 2099
788 1521 2155
1521 788 2155
2155 788 1521
1992 670 2435
2435 670 1992
670 1992 2435
2093 611 1532
611 1532 2093
1532 611 2093
2851 1015 1468
1468 1015 2851
1015 1468 2851
2372 2724 2861
2724 2372 2861
2861 2372 2724
509 1287 2668
2668 509 1287
1287 509 2668
952 359 2757
2757 359 952
359 952 2757
2385 191 222
191 222 2385
222 191 2385
2374 502 1912
1912 502 2374
502 1912 2374
2731 452 1542
452 1542 2731
1542 452 2731
2574 998 2918
2918 998 2574
998 2574 2918
1756 1073 2729
1073 1756 2729
2729 1073 1756
932 920 2379
920 932 2379
2379 920 932
38 1622 2666
1622 38 2666
2666 38 1622
1860 274 588
588 274 1860
274 588 1860
514 1403 2458
2458 514 1403
1403 514 2458
2860 927 2805
927 2805 2860
2805 927 2860
317 287 867
287 317 867
867 287 317
2239 984 2661
984 2239 2661
2661 984 2239
913 1922 2988
2988 913 1922
1922 913 2988
305 754 963
963 305 754
754 305 963
2837 1446 1549
1549 1446 2837
1446 1549 2837
1545 2362 2626
2362 1545 2626
2626 1545 2362
1301 1749 2335
1749 1301 2335
2335 1301 1749
1972 93 2611
93 1972 2611
2611 93 1972
951 2224 2645
2224 951 2645
2645 951 2224
1374 1377 2199
2199 1374 1377
1377 1374 2199
1856 1979 2310
2310 1856 1979
1979 1856 2310
1694 2340 2687
2687 1694 2340
2340 1694 2687
1281 524 802
524 802 1281
802 524 1281
2448 2194 2986
2986 2194 2448
2194 2448 2986
400 949 2314
2314 400 949
949 400 2314
2987 1590 2723
2723 1590 2987
1590 2723 2987
1865 693 2975
693 1865 2975
2975 693 1865
1663 1383 2770
1383 1663 2770
2770 1383 1663
1995 668 1584
668 1584 1995
1584 668 1995
2528 667 1013
1013 667 2528
667 1013 2528
2381 1442 2357
1442 2357 2381
2357 1442 2381
832 42 896
896 42 832
42 832 896
1339 1157 2287
1157 1339 2287
2287 1157 1339
321 2116 2318
2318 321 2116
2116 321 2318
152 837 1729
837 152 1729
1729 152 837
2038 2188 2706
2188 2038 2706
2706 2038 2188
1673 1380 2286
2286 1380 1673
1380 1673 2286
2850 1455 1518
1455 1518 2850
1518 1455 2850
785 1809 2593
1809 785 2593
2593 785 1809
2278 819 1790
1790 819 2278
819 1790 2278
441 140 771
771 140 441
140 441 771
246 212 1105
1105 212 246
212 246 1105
1059 689 1616
1616 689 1059
689 1059 1616
659 727 2778
2778 659 727
727 659 2778
265 440 2080
2080 265 440
440 265 2080
178 515 841
515 178 841
841 178 515
492 256 1048
1048 256 492
256 492 1048
1733 216 1819
1819 216 1733
216 1733 1819
349 426 599
426 349 599
599 349 426
2328 1993 2791
2791 1993 2328
1993 2328 2791
808 2679 2782
2782 808 2679
2679 808 2782
1045 1417 2419
1417 1045 2419
2419 1045 1417
2236 1460 2183
1460 2183 2236
2183 1460 2236
2284 2077 2699
2077 2284 2699
2699 2077 2284
266 676 2825
2825 266 676
676 266 2825
36 517 1492
1492 36 517
517 36 1492
1938 1094 2234
2234 1094 1938
1094 1938 2234
682 1800 2688
2688 682 1800
1800 682 2688
2163 557 2263
557 2163 2263
2263 557 2163
860 231 1780
231 860 1780
1780 231 860
2169 601 1414
1414 601 2169
601 1414 2169
1578 539 2402
2402 539 1578
539 1578 2402
519 2245 2921
2921 519 2245
2245 519 2921
575 276 1171
276 575 1171
1171 276 575
1327 615 1030
615 1030 1327
1030 615 1327
2500 1369 1791
1369 1791 2500
1791 1369 2500
2265 646 1016
646 1016 2265
1016 646 2265
1475 795 1900
1900 795 1475
795 1475 1900
770 221 2323
221 770 2323
2323 221 770
2032 1437 1883
1437 1883 2032
1883 1437 2032
1168 210 1439
1439 210 1168
210 1168 1439
1091 1213 2260
2260 1091 1213
1213 1091 2260
1153 24 1080
1080 24 1153
24 1080 1153
2561 1311 2347
2347 1311 2561
1311 2347 2561
2322 442 1899
1899 442 2322
442 1899 2322
112 280 1192
1192 112 280
280 112 1192
1266 2814 2953
2814 1266 2953
2953 1266 2814
1497 545 1956
545 1497 1956
1956 545 1497
1163 1467 2064
2064 1163 1467
1467 1163 2064
2348 301 2562
2562 301 2348
301 2348 2562
2123 61 147
147 61 2123
61 147 2123
1600 1399 1846
1399 1600 1846
1846 1399 1600
2338 863 1940
1940 863 2338
863 1940 2338
2440 314 1920
314 1920 2440
1920 314 2440
546 1098 2036
2036 546 1098
1098 546 2036
1112 1570 2215
2215 1112 1570
1570 1112 2215
935 146 736
736 146 935
146 736 935
2951 2312 2532
2532 2312 2951
2312 2532 2951
135 1363 1802
1363 135 1802
1802 135 1363
2375 1378 2889
1378 2375 2889
2889 1378 2375
1328 843 2203
843 1328 2203
2203 843 1328
2622 982 2743
982 2622 2743
2743 982 2622
1683 1523 2819
1523 1683 2819
2819 1523 1683
544 985 1029
985 544 1029
1029 544 985
1604 895 2222
2222 895 1604
895 1604 2222
2315 479 1755
1755 479 2315
479 1755 2315
2884 661 2329
2329 661 2884
661 2329 2884
925 1102 2693
2693 925 1102
1102 925 2693
1764 971 2557
971 1764 2557
2557 971 1764
728 1037 2585
1037 728 2585
2585 728 1037
1067 938 1990
938 1067 1990
1990 938 1067
2460 2270 2497
2497 2270 2460
2270 2460 2497
341 180 2159
2159 180 341
180 341 2159
1609 1261 2082
2082 1261 1609
1261 1609 2082
2271 378 469
378 469 2271
469 378 2271
1797 943 1825
943 1797 1825
1825 943 1797
591 1675 2151
1675 591 2151
2151 591 1675
2009 2343 2916
2343 2009 2916
2916 2009 2343
833 235 1488
235 833 1488
1488 235 833
632 2583 2929
2583 632 2929
2929 632 2583
2671 764 933
764 933 2671
933 764 2671
906 810 1511
810 906 1511
1511 810 906
2950 803 2522
2522 803 2950
803 2522 2950
612 1381 2788
2788 612 1381
1381 612 2788
2078 864 2214
864 2078 2214
2214 864 2078
1489 392 772
392 772 1489
772 392 1489
1384 122 2550
122 1384 2550
2550 122 1384
2018 468 1706
468 1706 2018
1706 468 2018
1323 1559 1909
1559 1323 1909
1909 1323 1559
1671 1306 2750
1306 1671 2750
2750 1306 1671
1201 86 1490
86 1201 1490
1490 86 1201
435 132 1646
1646 132 435
132 435 1646
1131 2554 2601
2601 1131 2554
2554 1131 2601
465 2383 2446
2383 465 2446
2446 465 2383
239 1785 2232
2232 239 1785
1785 239 2232
2293 1762 2494
1762 2293 2494
2494 1762 2293
871 1164 1611
1164 871 1611
1611 871 1164
995 1235 1576
1235 995 1576
1576 995 1235
1757 100 1298
1298 100 1757
100 1298 1757
466 1282 1839
1839 466 1282
1282 466 1839
2485 768 1158
1158 768 2485
768 1158 2485
2565 2126 2479
2126 2479 2565
2479 2126 2565
116 2020 2463
2463 116 2020
2020 116 2463
2006 1049 1230
1230 1049 2006
1049 1230 2006
2355 2226 2229
2226 2229 2355
2229 2226 2355
2136 529 1461
529 1461 2136
1461 529 2136
1231 1364 1917
1917 1231 1364
1364 1231 1917
2581 729 1707
729 1707 2581
1707 729 2581
1438 1333 1743
1743 1333 1438
1333 1438 1743
2303 1280 1889
1889 1280 2303
1280 1889 2303
200 911 2502
2502 200 911
911 200 2502
779 60 2453
60 779 2453
2453 60 779
2202 940 1027
940 1027 2202
1027 940 2202
900 731 775
731 775 900
775 731 900
531 149 2692
2692 149 531
149 531 2692
1505 416 1612
1612 416 1505
416 1505 1612
851 139 2798
139 851 2798
2798 139 851
658 284 2182
284 658 2182
2182 284 658
85 580 2797
2797 85 580
580 85 2797
1245 361 1410
361 1245 1410
1410 361 1245
346 365 2189
2189 346 365
365 346 2189
1824 1765 2766
2766 1765 1824
1765 1824 2766
2813 683 2989
683 2813 2989
2989 683 2813
2761 2569 2965
2965 2569 2761
2569 2761 2965
404 638 2560
2560 404 638
638 404 2560
655 1114 2862
1114 655 2862
2862 655 1114
708 490 1662
490 708 1662
1662 490 708
233 1657 2400
1657 233 2400
2400 233 1657
2994 1476 2470
2470 1476 2994
1476 2470 2994
2044 1528 1851
1851 1528 2044
1528 1851 2044
2075 846 2853
2853 846 2075
846 2075 2853
444 1689 2513
1689 444 2513
2513 444 1689
2594 1135 1713
1135 1713 2594
1713 1135 2594
2733 595 912
912 595 2733
595 912 2733
1772 684 1150
684 1150 1772
1150 684 1772
2545 223 2429
2429 223 2545
223 2429 2545
1717 2301 2530
2301 1717 2530
2530 1717 2301
2487 1032 2816
1032 2487 2816
2816 1032 2487
1092 782 1551
1551 782 1092
782 1092 1551
2187 1766 2546
2546 1766 2187
1766 2187 2546
2602 740 2660
740 2602 2660
2660 740 2602
1278 398 484
484 398 1278
398 484 1278
120 1087 1558
1558 120 1087
1087 120 1558
2808 300 1256
1256 300 2808
300 1256 2808
289 303 1614
1614 289 303
303 289 1614
2407 1251 2097
1251 2097 2407
2097 1251 2407
2972 1315 2137
2137 1315 2972
1315 2137 2972
2421 360 774
360 774 2421
774 360 2421
2368 1139 2923
1139 2368 2923
2923 1139 2368
2424 1360 2387
2387 1360 2424
1360 2387 2424
583 1130 2543
2543 583 1130
1130 583 2543
1817 255 497
497 255 1817
255 497 1817
1871 957 1524
957 1524 1871
1524 957 1871
384 1625 2938
1625 384 2938
2938 384 1625
749 1632 2535
1632 749 2535
2535 749 1632
2914 1752 2143
1752 2143 2914
2143 1752 2914
408 109 2763
109 408 2763
2763 109 408
2520 183 1224
183 1224 2520
1224 183 2520
78 1548 2481
1548 78 2481
2481 78 1548
166 784 2212
2212 166 784
784 166 2212
1051 504 691
504 691 1051
691 504 1051
1481 859 1676
1676 859 1481
859 1481 1676
23 2701 2803
2803 23 2701
2701 23 2803
2587 1237 2915
1237 2587 2915
2915 1237 2587
1603 792 1700
792 1603 1700
1700 792 1603
1795 1269 1977
1977 1269 1795
1269 1795 1977
382 160 520
520 160 382
160 382 520
1919 1329 1418
1418 1329 1919
1329 1418 1919
494 2128 2252
2252 494 2128
2128 494 2252
1820 813 2259
813 1820 2259
2259 813 1820
1299 199 2942
2942 199 1299
199 1299 2942
1886 902 2144
2144 902 1886
902 1886 2144
1337 84 1271
1271 84 1337
84 1271 1337
2822 459 2859
459 2822 2859
2859 459 2822
2431 2947 2985
2947 2431 2985
2985 2431 2947
1332 2114 2457
2457 1332 2114
2114 1332 2457
572 1062 2231
2231 572 1062
1062 572 2231
2807 271 1273
271 1273 2807
1273 271 2807
790 838 2794
2794 790 838
838 790 2794
1425 298 889
889 298 1425
298 889 1425
1686 83 2444
2444 83 1686
83 1686 2444
675 1055 1129
1129 675 1055
1055 675 1129
2877 1878 2728
1878 2728 2877
2728 1878 2877
2092 480 2207
2207 480 2092
480 2092 2207
1550 418 2648
2648 418 1550
418 1550 2648
375 542 1723
542 375 1723
1723 375 542
2345 1672 2138
2138 1672 2345
1672 2138 2345
1649 2142 2392
2142 1649 2392
2392 1649 2142
1436 1170 1221
1170 1221 1436
1221 1170 1436
842 861 1695
1695 842 861
861 842 1695
946 1527 1921
1527 946 1921
1921 946 1527
1452 2732 2883
2883 1452 2732
2732 1452 2883
2388 1334 1980
1980 1334 2388
1334 1980 2388
839 1556 2526
1556 839 2526
2526 839 1556
1788 2354 2582
2582 1788 2354
2354 1788 2582
495 626 2171
626 495 2171
2171 495 626
2536 348 924
924 348 2536
348 924 2536
1799 1187 2122
1187 1799 2122
2122 1187 1799
2048 1776 2577
2577 1776 2048
1776 2048 2577
988 1709 2573
2573 988 1709
1709 988 2573
1347 1076 1692
1076 1347 1692
1692 1076 1347
2025 1257 1389
1389 1257 2025
1257 1389 2025
2533 654 1552
654 1552 2533
1552 654 2533
201 1520 2644
1520 201 2644
2644 201 1520
2655 71 2592
71 2592 2655
2592 71 2655
2050 623 2033
2033 623 2050
623 2033 2050
1142 1596 2823
2823 1142 1596
1596 1142 2823
697 1134 2176
2176 697 1134
1134 697 2176
1636 710 2490
2490 710 1636
710 1636 2490
2115 628 2174
2174 628 2115
628 2115 2174
1350 2056 2235
2235 1350 2056
2056 1350 2235
1279 304 1651
304 1279 1651
1651 304 1279
2065 812 2669
2669 812 2065
812 2065 2669
335 607 1286
607 335 1286
1286 335 607
1715 1405 2432
1405 1715 2432
2432 1405 1715
2963 928 2198
928 2198 2963
2198 928 2963
2876 506 1525
1525 506 2876
506 1525 2876
563 1343 2741
1343 563 2741
2741 563 1343
2589 1202 1873
1202 1873 2589
1873 1202 2589
2841 968 2698
2698 968 2841
968 2698 2841
2973 1219 2613
2613 1219 2973
1219 2613 2973
1952 1321 2249
2249 1321 1952
1321 1952 2249
547 1391 2125
2125 547 1391
1391 547 2125
508 1933 2833
1933 508 2833
2833 508 1933
2627 213 356
356 213 2627
213 356 2627
1188 1365 2840
2840 1188 1365
1365 1188 2840
342 1035 1295
1035 342 1295
1295 342 1035
856 2433 2982
2433 856 2982
2982 856 2433
967 1458 2924
1458 967 2924
2924 967 1458
634 185 2106
2106 185 634
185 634 2106
1242 2073 2952
2073 1242 2952
2952 1242 2073
2361 142 2255
142 2255 2361
2255 142 2361
1190 308 2827
308 1190 2827
2827 308 1190
1156 2298 2979
2298 1156 2979
2979 1156 2298
2981 923 2321
2321 923 2981
923 2321 2981
107 275 1763
275 107 1763
1763 107 275
2534 2570 2960
2570 2534 2960
2960 2534 2570
214 269 2415
2415 214 269
269 214 2415
2141 390 2527
390 2141 2527
2527 390 2141
2754 240 1948
1948 240 2754
240 1948 2754
1189 2684 2694
2694 1189 2684
2684 1189 2694
475 505 1991
505 475 1991
1991 475 505
1106 1687 1822
1822 1106 1687
1687 1106 1822
1773 253 518
253 518 1773
518 253 1773
718 81 613
613 81 718
81 613 718
2935 106 131
131 106 2935
106 131 2935
1564 20 153
153 20 1564
20 153 1564
179 2936 2978
2978 179 2936
2936 179 2978
705 567 1296
567 705 1296
1296 567 705
2800 526 586
526 586 2800
586 526 2800
1097 340 1503
1503 340 1097
340 1097 1503
1996 2411 2449
2449 1996 2411
2411 1996 2449
550 1566 2094
1566 550 2094
2094 550 1566
430 391 1678
1678 391 430
391 430 1678
2612 673 1529
673 1529 2612
1529 673 2612
2654 1385 1702
1702 1385 2654
1385 1702 2654
2721 1668 2881
1668 2721 2881
2881 1668 2721
2005 1123 1434
1434 1123 2005
1123 1434 2005
829 794 1445
1445 794 829
794 829 1445
1340 163 2646
2646 163 1340
163 1340 2646
2185 387 530
387 530 2185
530 387 2185
165 538 1861
1861 165 538
538 165 1861
2680 1181 1966
1181 1966 2680
1966 1181 2680
2069 58 2896
58 2069 2896
2896 58 2069
922 425 2193
2193 425 922
425 922 2193
1895 247 752
752 247 1895
247 752 1895
640 2211 2634
2634 640 2211
2211 640 2634
319 549 2516
549 319 2516
2516 319 549
2412 208 2333
2333 208 2412
208 2333 2412
1415 1054 2177
2177 1054 1415
1054 1415 2177
2718 1638 2070
2070 1638 2718
1638 2070 2718
453 198 2846
198 453 2846
2846 198 453
2095 1571 2759
2759 1571 2095
1571 2095 2759
1326 1730 2264
1730 1326 2264
2264 1326 1730
1620 260 1229
1229 260 1620
260 1229 1620
2052 1056 2855
1056 2052 2855
2855 1056 2052
290 783 2373
783 290 2373
2373 290 783
1228 1267 1722
1267 1228 1722
1722 1228 1267
2250 2261 2901
2901 2250 2261
2261 2250 2901
380 194 562
194 380 562
562 194 380
2300 1148 1413
1148 1413 2300
1413 1148 2300
2739 1026 2273
2273 1026 2739
1026 2273 2739
2327 176 996
176 996 2327
996 176 2327
2762 1292 2725
2725 1292 2762
1292 2725 2762
389 1479 2742
1479 389 2742
2742 389 1479
2847 1547 2217
1547 2217 2847
2217 1547 2847
1841 704 2635
2635 704 1841
704 1841 2635
2378 2279 2828
2279 2378 2828
2828 2279 2378
351 1960 2717
1960 351 2717
2717 351 1960
2946 1647 1834
1647 1834 2946
1834 1647 2946
2835 776 1693
776 1693 2835
1693 776 2835
1962 1209 2925
1209 1962 2925
2925 1209 1962
288 136 207
207 136 288
136 207 288
1906 854 2325
2325 854 1906
854 1906 2325
1792 665 1560
665 1560 1792
1560 665 1792
2552 1793 2309
2309 1793 2552
1793 2309 2552
2887 249 1892
1892 249 2887
249 1892 2887
1726 1234 1619
1234 1619 1726
1619 1234 1726
1975 1853 2934
2934 1853 1975
1853 1975 2934
2370 2311 2568
2311 2370 2568
2568 2311 2370
2959 2221 2262
2262 2221 2959
2221 2262 2959
2659 96 1513
1513 96 2659
96 1513 2659
2932 1373 2156
2156 1373 2932
1373 2156 2932
1769 828 2459
828 1769 2459
2459 828 1769
2664 1081 2779
2779 1081 2664
1081 2664 2779
345 962 2181
962 345 2181
2181 345 962
2175 1012 2041
1012 2041 2175
2041 1012 2175
2868 1484 2641
2641 1484 2868
1484 2641 2868
554 455 1099
455 554 1099
1099 455 554
127 1183 1701
1183 127 1701
1701 127 1183
821 295 1618
1618 295 821
295 821 1618
2029 1843 2640
1843 2029 2640
2640 1843 2029
1774 182 1640
1640 182 1774
182 1640 1774
1970 368 1086
1086 368 1970
368 1086 1970
2117 291 2848
2848 291 2117
291 2117 2848
1375 1677 2291
2291 1375 1677
1677 1375 2291
1734 470 2166
2166 470 1734
470 1734 2166
2937 568 2443
2443 568 2937
568 2443 2937
830 248 2902
2902 248 830
248 830 2902
765 834 2618
834 765 2618
2618 765 834
2894 2158 2397
2158 2397 2894
2397 2158 2894
1858 322 1104
322 1104 1858
1104 322 1858
616 1453 2870
2870 616 1453
1453 616 2870
637 875 2305
875 637 2305
2305 637 875
2990 1540 1949
1540 1949 2990
1949 1540 2990
47 1483 2999
2999 47 1483
1483 47 2999
2547 1176 1963
1176 1963 2547
1963 1176 2547
1652 252 286
286 252 1652
252 286 1652
82 1294 2111
1294 82 2111
2111 82 1294
733 1466 2905
1466 733 2905
2905 733 1466
872 5 297
297 5 872
5 297 872
2715 714 1253
714 1253 2715
1253 714 2715
868 537 965
965 537 868
537 868 965
57 882 1205
882 57 1205
1205 57 882
2786 574 941
941 574 2786
574 941 2786
2049 128 1544
1544 128 2049
128 1544 2049
2695 777 905
905 777 2695
777 905 2695
760 439 2395
2395 439 760
439 760 2395
1718 1036 2558
2558 1036 1718
1036 1718 2558
2344 25 619
619 25 2344
25 619 2344
1061 2384 2874
2384 1061 2874
2874 1061 2384
1705 478 2283
2283 478 1705
478 1705 2283
1297 848 1736
1736 848 1297
848 1297 1736
1831 172 883
172 883 1831
883 172 1831
189 1110 1867
1867 189 1110
1110 189 1867
2609 2109 2238
2109 2238 2609
2238 2109 2609
2665 1725 2491
2491 1725 2665
1725 2491 2665
2102 454 2219
454 2102 2219
2219 454 2102
1499 202 2178
2178 202 1499
202 1499 2178
1454 885 2031
885 1454 2031
2031 885 1454
1262 826 1494
1494 826 1262
826 1262 1494
411 1449 2576
2576 411 1449
1449 411 2576
2511 395 2024
2024 395 2511
395 2024 2511
1958 32 1330
32 1330 1958
1330 32 1958
820 1165 2865
1165 820 2865
2865 820 1165
1207 897 1942
1942 897 1207
897 1207 1942
3000 457 1320
1320 457 3000
457 1320 3000
2085 1004 2683
2683 1004 2085
1004 2085 2683
1504 1593 1641
1593 1504 1641
1641 1504 1593
1711 1655 2749
2749 1655 1711
1655 1711 2749
1935 1356 1897
1897 1356 1935
1356 1897 1935
994 472 849
472 849 994
849 472 994
1805 701 1829
1829 701 1805
701 1805 1829
357 594 1240
1240 357 594
594 357 1240
2434 436 2133
2133 436 2434
436 2133 2434
323 1021 1904
1021 323 1904
1904 323 1021
1630 2652 2676
2676 1630 2652
2652 1630 2676
2943 226 1653
1653 226 2943
226 1653 2943
2416 401 1420
1420 401 2416
401 1420 2416
755 535 880
880 535 755
535 755 880
2067 48 2418
48 2067 2418
2418 48 2067
2578 1070 2977
1070 2578 2977
2977 1070 2578
13 344 1370
1370 13 344
344 13 1370
370 1720 2040
1720 370 2040
2040 370 1720
2004 402 1247
402 1247 2004
1247 402 2004
1194 14 1120
14 1120 1194
1120 14 1194
1583 1174 1291
1174 1291 1583
1291 1174 1583
536 205 1782
1782 205 536
205 536 1782
1376 578 1506
578 1376 1506
1506 578 1376
409 1008 1345
1345 409 1008
1008 409 1345
1387 427 1941
1941 427 1387
427 1387 1941
2149 692 781
781 692 2149
692 781 2149
2398 26 1486
26 1486 2398
1486 26 2398
978 818 1575
1575 818 978
818 978 1575
2886 593 2465
593 2465 2886
2465 593 2886
1272 2266 2364
2266 1272 2364
2364 1272 2266
606 2854 2958
2854 606 2958
2958 606 2854
887 2253 2567
2253 887 2567
2567 887 2253
1406 1708 1936
1708 1406 1936
1936 1406 1708
2621 273 2795
2795 273 2621
273 2621 2795
2962 476 1585
1585 476 2962
476 1585 2962
1308 1344 1684
1344 1308 1684
1684 1308 1344
1125 1441 2477
2477 1125 1441
1441 1125 2477
188 748 1430
748 188 1430
1430 188 748
92 662 2714
662 92 2714
2714 92 662
1206 2509 2555
2555 1206 2509
2509 1206 2555
2274 1624 1724
1724 1624 2274
1624 1724 2274
845 154 225
154 225 845
225 154 845
2237 2089 2784
2089 2237 2784
2784 2089 2237
1514 1974 2096
1974 1514 2096
2096 1514 1974
1477 1095 2704
1095 1477 2704
2704 1095 1477
650 1239 2068
2068 650 1239
1239 650 2068
2799 1096 1563
1096 1563 2799
1563 1096 2799
2584 259 1227
259 1227 2584
1227 259 2584
1395 948 1796
1796 948 1395
948 1395 1796
110 296 758
758 110 296
296 110 758
2735 717 2016
2016 717 2735
717 2016 2735
2438 894 2019
2019 894 2438
894 2019 2438
603 2162 2401
2401 603 2162
2162 603 2401
855 99 743
99 743 855
743 99 855
2824 2028 2588
2588 2028 2824
2028 2588 2824
2087 958 1565
1565 958 2087
958 1565 2087
1891 1352 2441
2441 1352 1891
1352 1891 2441
40 1471 1608
1471 40 1608
1608 40 1471
2496 312 1147
312 1147 2496
1147 312 2496
1432 850 1697
1697 850 1432
850 1432 1697
232 285 780
285 232 780
780 232 285
1643 410 1863
410 1643 1863
1863 410 1643
2658 415 2195
2195 415 2658
415 2195 2658
1703 161 552
552 161 1703
161 552 1703
1122 1322 2230
1322 1122 2230
2230 1122 1322
238 1971 2619
2619 238 1971
1971 238 2619
2744 706 1079
706 1079 2744
1079 706 2744
1777 799 1214
1214 799 1777
799 1214 1777
283 548 1144
548 283 1144
1144 283 548
1390 581 2922
581 1390 2922
2922 581 1390
2758 1533 2205
2205 1533 2758
1533 2205 2758
1557 1845 2390
2390 1557 1845
1845 1557 2390
2492 27 1658
1658 27 2492
27 1658 2492
1826 719 2410
719 1826 2410
2410 719 1826
254 244 1116
1116 244 254
244 254 1116
2888 1914 2350
2350 1914 2888
1914 2350 2888
2920 787 2414
787 2414 2920
2414 787 2920
1849 1601 2243
1601 1849 2243
2243 1601 1849
33 118 1151
118 33 1151
1151 33 118
1017 1007 2832
2832 1007 1017
1007 1017 2832
2184 159 707
707 159 2184
159 707 2184
354 1923 2781
1923 354 2781
2781 354 1923
541 2768 2801
2768 541 2801
2801 541 2768
2289 680 2059
680 2059 2289
2059 680 2289
487 186 2899
2899 186 487
186 487 2899
1530 493 2753
493 1530 2753
2753 493 1530
121 522 639
522 121 639
639 121 522
2001 1411 2079
2079 1411 2001
1411 2001 2079
1318 30 184
184 30 1318
30 184 1318
2508 1290 2771
2771 1290 2508
1290 2508 2771
1732 993 1599
1599 993 1732
993 1599 1732
690 644 687
687 644 690
644 687 690
1172 228 1394
1394 228 1172
228 1172 1394
2164 1870 2600
2600 1870 2164
1870 2164 2600
174 496 1342
1342 174 496
496 174 1342
576 570 986
570 576 986
986 570 576
1133 945 1404
1404 945 1133
945 1133 1404
2061 862 2139
862 2061 2139
2139 862 2061
630 250 527
527 250 630
250 527 630
2474 434 836
434 836 2474
836 434 2474
2110 1152 1263
1152 1263 2110
1263 1152 2110
1043 1495 2928
2928 1043 1495
1495 1043 2928
533 899 2519
2519 533 899
899 533 2519
2780 315 2107
315 2107 2780
2107 315 2780
19 2677 2880
2880 19 2677
2677 19 2880
1 840 2898
840 1 2898
2898 1 840
1121 243 1836
1836 243 1121
243 1121 1836
1605 1366 1561
1561 1366 1605
1366 1561 1605
70 2066 2180
2180 70 2066
2066 70 2180
1199 1531 2191
2191 1199 1531
1531 1199 2191
2976 362 2248
362 2248 2976
2248 362 2976
1416 814 974
974 814 1416
814 974 1416
2559 1020 1943
1020 1943 2559
1943 1020 2559
1754 947 1119
1119 947 1754
947 1119 1754
1071 778 1874
778 1071 1874
1874 778 1071
2008 211 1910
1910 211 2008
211 1910 2008
293 450 1109
1109 293 450
450 293 1109
1047 2167 2302
2302 1047 2167
2167 1047 2302
2220 279 327
327 279 2220
279 327 2220
1987 209 1160
209 1160 1987
1160 209 1987
59 1241 1779
1779 59 1241
1241 59 1779
458 641 2461
2461 458 641
641 458 2461
1661 1478 2933
2933 1478 1661
1478 1661 2933
789 698 2437
698 789 2437
2437 698 789
903 584 2663
2663 584 903
584 903 2663
1911 1177 2132
1177 1911 2132
2132 1177 1911
2631 1252 2295
2295 1252 2631
1252 2295 2631
1063 1185 2624
2624 1063 1185
1185 1063 2624
2720 725 956
725 956 2720
956 725 2720
2150 374 2793
374 2150 2793
2793 374 2150
313 513 2760
513 313 2760
2760 313 513
2651 2135 2879
2879 2135 2651
2135 2651 2879
2764 750 2829
2829 750 2764
750 2764 2829
2820 399 443
443 399 2820
399 443 2820
2931 417 2498
417 2498 2931
2498 417 2931
145 2482 2730
2730 145 2482
2482 145 2730
1277 21 203
203 21 1277
21 203 1277
2047 590 2417
2417 590 2047
590 2047 2417
2599 711 2413
711 2413 2599
2413 711 2599
1024 1621 2332
1621 1024 2332
2332 1024 1621
2130 137 2480
137 2130 2480
2480 137 2130
2620 337 1423
337 1423 2620
1423 337 2620
2495 1610 1747
1747 1610 2495
1610 1747 2495
597 1002 1196
1002 597 1196
1196 597 1002
2307 666 1268
666 1268 2307
1268 666 2307
970 2277 2703
2703 970 2277
2277 970 2703
2638 251 2179
2179 251 2638
251 2179 2638
609 1167 1968
1167 609 1968
1968 609 1167
2751 1876 2515
2515 1876 2751
1876 2515 2751
1804 835 921
835 921 1804
921 835 1804
602 817 2991
2991 602 817
817 602 2991
2366 1208 2170
2170 1208 2366
1208 2170 2366
1816 997 1659
1659 997 1816
997 1659 1816
735 1739 2091
2091 735 1739
1739 735 2091
2633 679 1572
679 1572 2633
1572 679 2633
75 229 898
229 75 898
898 75 229
2993 1372 2649
2649 1372 2993
1372 2649 2993
1422 1538 1989
1989 1422 1538
1538 1422 1989
2974 258 2674
258 2674 2974
2674 258 2974
720 1978 2439
1978 720 2439
2439 720 1978
1132 10 558
558 10 1132
10 558 1132
1248 339 1126
1126 339 1248
339 1126 1248
2727 1354 2900
2900 1354 2727
1354 2727 2900
2566 49 1456
49 1456 2566
1456 49 2566
1169 158 1750
1750 158 1169
158 1169 1750
2811 934 2152
934 2152 2811
2152 934 2811
316 739 2845
739 316 2845
2845 316 739
1353 102 2046
2046 102 1353
102 1353 2046
1155 2639 2767
2639 1155 2767
2767 1155 2639
2113 385 1210
385 1210 2113
1210 385 2113
1699 292 1818
292 1699 1818
1818 292 1699
2161 1742 1812
1742 1812 2161
1812 1742 2161
151 605 2104
2104 151 605
605 151 2104
463 206 414
206 414 463
414 206 463
1728 703 1679
1679 703 1728
703 1679 1728
1462 2336 2615
2615 1462 2336
2336 1462 2615
716 1053 2086
2086 716 1053
1053 716 2086
2765 1407 1896
1896 1407 2765
1407 1896 2765
2591 91 477
477 91 2591
91 477 2591
2021 551 2358
2358 551 2021
551 2021 2358
51 164 270
270 51 164
164 51 270
2425 1402 1928
1928 1402 2425
1402 1928 2425
1136 491 1901
1901 491 1136
491 1136 1901
2812 2478 2891
2891 2478 2812
2478 2812 2891
1855 909 1498
1498 909 1855
909 1498 1855
1108 566 1864
566 1108 1864
1864 566 1108
2556 1325 2299
2299 1325 2556
1325 2299 2556
2146 294 2427
294 2146 2427
2427 294 2146
2057 1602 2740
2740 1602 2057
1602 2057 2740
825 412 2885
412 825 2885
2885 412 825
1212 310 1882
310 1212 1882
1882 310 1212
888 844 1088
1088 844 888
844 888 1088
1574 618 2405
618 1574 2405
2405 618 1574
62 431 648
431 62 648
648 62 431
564 1078 2200
2200 564 1078
1078 564 2200
1594 1010 1964
1010 1594 1964
1964 1010 1594
1635 573 2702
573 1635 2702
2702 573 1635
2580 916 2571
916 2571 2580
2571 916 2580
528 461 2777
461 528 2777
2777 461 528
1303 1961 2409
2409 1303 1961
1961 1303 2409
2623 757 1118
1118 757 2623
757 1118 2623
2866 473 1396
1396 473 2866
473 1396 2866
168 1534 2579
1534 168 2579
2579 168 1534
155 34 474
474 34 155
34 155 474
2863 1969 2267
1969 2267 2863
2267 1969 2863
2817 336 1451
336 1451 2817
1451 336 2817
2873 7 827
827 7 2873
7 827 2873
2806 406 1999
406 1999 2806
1999 406 2806
2968 68 1143
68 1143 2968
1143 68 2968
1379 1254 1885
1885 1254 1379
1254 1379 1885
510 424 2707
2707 424 510
424 510 2707
2316 726 2539
726 2316 2539
2539 726 2316
1264 2572 2971
2971 1264 2572
2572 1264 2971
18 115 742
115 18 742
742 18 115
2940 2456 2955
2955 2456 2940
2456 2940 2955
2542 681 1502
681 1502 2542
1502 681 2542
2838 1508 1587
1508 1587 2838
1587 1508 2838
372 421 2518
421 372 2518
2518 372 421
651 2445 2748
2445 651 2748
2748 651 2445
2118 892 1236
892 1236 2118
1236 892 2118
1082 1215 2324
2324 1082 1215
1215 1082 2324
2524 617 1517
1517 617 2524
617 1517 2524
2523 1182 1872
1872 1182 2523
1182 1872 2523
324 806 2007
806 324 2007
2007 324 806
929 660 1691
660 929 1691
1691 660 929
811 1915 2023
1915 811 2023
2023 811 1915
2948 1714 1810
1810 1714 2948
1714 1810 2948
1902 1310 2334
1310 1902 2334
2334 1310 1902
3 744 901
901 3 744
744 3 901
169 8 2403
2403 8 169
8 169 2403
2607 1069 2650
1069 2607 2650
2650 1069 2607
1704 1005 2843
2843 1005 1704
1005 1704 2843
2869 1537 1887
1537 1887 2869
1887 1537 2869
2857 1217 1349
1349 1217 2857
1217 1349 2857
1735 831 2241
2241 831 1735
831 1735 2241
656 1589 1893
1893 656 1589
1589 656 1893
2995 763 1444
763 1444 2995
1444 763 2995
125 1680 2197
1680 125 2197
2197 125 1680
1808 2083 2124
2083 1808 2124
2124 1808 2083
653 2127 2553
2553 653 2127
2127 653 2553
556 171 1929
1929 171 556
171 556 1929
1149 674 1913
674 1149 1913
1913 674 1149
307 1191 1759
1759 307 1191
1191 307 1759
2908 364 629
629 364 2908
364 629 2908
1146 631 1023
1023 631 1146
631 1023 1146
2210 1412 1932
1412 1932 2210
1932 1412 2210
1127 1562 2281
2281 1127 1562
1562 1127 2281
1388 45 685
45 685 1388
685 45 1388
737 1180 1312
1180 737 1312
1312 737 1180
2201 873 2713
2713 873 2201
873 2201 2713
1408 633 2983
2983 633 1408
633 1408 2983
2389 157 1954
1954 157 2389
157 1954 2389
1579 801 2930
2930 801 1579
801 1579 2930
942 955 2280
955 942 2280
2280 942 955
1305 1806 2636
2636 1305 1806
1806 1305 2636
63 66 2548
66 63 2548
2548 63 66
2945 1588 2076
2076 1588 2945
1588 2076 2945
1821 2045 2831
2831 1821 2045
2045 1821 2831
1338 919 2399
2399 919 1338
919 1338 2399
577 449 2450
449 577 2450
2450 449 577
1623 299 1937
299 1623 1937
1937 299 1623
2712 460 1397
460 1397 2712
1397 460 2712
2696 2507 2719
2507 2696 2719
2719 2507 2696
53 879 2776
879 53 2776
2776 53 879
1634 423 2493
423 1634 2493
2493 423 1634
2451 1161 2247
2247 1161 2451
1161 2247 2451
621 1698 2774
1698 621 2774
2774 621 1698
69 150 2675
2675 69 150
150 69 2675
1050 678 1141
678 1050 1141
1141 678 1050
2039 1038 1615
1615 1038 2039
1038 1615 2039
1089 807 1838
807 1089 1838
1838 807 1089
2856 600 804
600 804 2856
804 600 2856
2517 1491 1787
1491 1787 2517
1787 1491 2517
910 559 2190
2190 559 910
559 910 2190
1265 123 2996
2996 123 1265
123 1265 2996
1837 753 2909
2909 753 1837
753 1837 2909
1760 363 2288
2288 363 1760
363 1760 2288
1682 745 1288
1288 745 1682
745 1288 1682
1362 592 713
713 592 1362
592 713 1362
598 2134 2956
2134 598 2956
2956 598 2134
1931 1814 2834
1814 1931 2834
2834 1814 1931
1884 1833 2541
2541 1833 1884
1833 1884 2541
2290 376 1270
1270 376 2290
376 1270 2290
1753 1631 2063
2063 1631 1753
1631 1753 2063
2892 29 1712
29 1712 2892
1712 29 2892
1472 1009 1243
1009 1243 1472
1243 1009 1472
2055 326 1875
326 1875 2055
1875 326 2055
2030 1274 1918
1274 1918 2030
1918 1274 2030
1465 915 2603
2603 915 1465
915 1465 2603
1507 853 1751
1751 853 1507
853 1507 1751
2564 467 1260
1260 467 2564
467 1260 2564
2875 278 1685
1685 278 2875
278 1685 2875
1220 124 1744
124 1220 1744
1744 124 1220
636 447 1197
447 636 1197
1197 447 636
1645 1567 1862
1862 1567 1645
1567 1645 1862
972 1316 1934
1316 972 1934
1934 972 1316
1905 759 1058
759 1058 1905
1058 759 1905
1195 1225 2011
1225 1195 2011
2011 1195 1225
2034 589 694
589 694 2034
694 589 2034
2468 422 1496
422 1496 2468
1496 422 2468
2598 1033 1386
1386 1033 2598
1033 1386 2598
540 1827 2469
2469 540 1827
1827 540 2469
2213 791 2906
791 2213 2906
2906 791 2213
2121 521 2810
521 2121 2810
2810 521 2121
1512 383 1925
1925 383 1512
383 1512 1925
1031 1319 1967
1967 1031 1319
1319 1031 1967
2304 532 1493
532 1493 2304
1493 532 2304
54 55 117
117 54 55
55 54 117
2360 1307 1480
1307 1480 2360
1480 1307 2360
1626 1569 1656
1656 1569 1626
1569 1626 1656
1516 816 1930
1930 816 1516
816 1516 1930
2893 608 981
608 981 2893
981 608 2893
1003 786 2227
786 1003 2227
2227 786 1003
2476 381 2426
2426 381 2476
381 2426 2476
1784 141 2790
141 1784 2790
2790 141 1784
769 486 2380
2380 486 769
486 769 2380
1553 138 471
138 471 1553
471 138 1553
2709 181 2722
2722 181 2709
181 2709 2722
2629 1173 2514
1173 2514 2629
2514 1173 2629
2919 990 1771
1771 990 2919
990 1771 2919
1801 167 2257
167 1801 2257
2257 167 1801
234 1351 2276
1351 234 2276
2276 234 1351
134 2003 2196
2196 134 2003
2003 134 2196
1847 823 1745
1745 823 1847
823 1745 1847
108 52 1985
52 108 1985
1985 52 108
2292 724 1617
1617 724 2292
724 1617 2292
761 1107 1775
1775 761 1107
1107 761 1775
113 1890 2643
1890 113 2643
2643 113 1890
2272 1581 2071
1581 2071 2272
2071 1581 2272
878 162 852
852 162 878
162 852 878
1606 1424 2657
2657 1424 1606
1424 1606 2657
2088 975 2789
975 2088 2789
2789 975 2088
2108 1184 2466
2466 1184 2108
1184 2108 2466
1813 403 1731
1731 403 1813
403 1731 1813
267 1781 2218
1781 267 2218
2218 267 1781
104 857 2867
2867 104 857
857 104 2867
2737 751 1233
1233 751 2737
751 1233 2737
534 2101 2251
2101 534 2251
2251 534 2101
1232 1740 2647
2647 1232 1740
1740 1232 2647
1398 1419 2223
2223 1398 1419
1419 1398 2223
1175 1541 1976
1541 1175 1976
1976 1175 1541
2081 877 954
954 877 2081
877 954 2081
999 46 1457
1457 46 999
46 999 1457
2393 677 1426
1426 677 2393
677 1426 2393
156 1515 1639
1639 156 1515
1515 156 1639
610 1644 2015
1644 610 2015
2015 610 1644
904 944 2349
2349 904 944
944 904 2349
334 620 2396
2396 334 620
620 334 2396
74 712 2842
2842 74 712
712 74 2842
2783 119 991
119 991 2783
991 119 2783
1463 352 2967
352 1463 2967
2967 352 1463
64 277 2917
277 64 2917
2917 64 277
1815 1238 1737
1238 1737 1815
1737 1238 1815
2454 2042 2330
2330 2042 2454
2042 2330 2454
1464 2054 2681
2681 1464 2054
2054 1464 2681
1485 2168 2228
2228 1485 2168
2168 1485 2228
1681 396 2391
396 1681 2391
2391 396 1681
98 1066 2710
2710 98 1066
1066 98 2710
1093 732 1393
1393 732 1093
732 1093 1393
358 2285 2313
2285 358 2313
2313 358 2285
1727 2129 2462
2129 1727 2462
2462 1727 2129
1613 2022 2826
2022 1613 2826
2826 1613 2022
1250 2756 2796
2796 1250 2756
2756 1250 2796
2913 105 241
241 105 2913
105 241 2913
798 353 884
884 353 798
353 798 884
195 1950 2941
2941 195 1950
1950 195 2941
2153 914 1258
914 1258 2153
1258 914 2153
2240 170 485
170 485 2240
485 170 2240
2736 12 1595
1595 12 2736
12 1595 2736
643 649 2404
649 643 2404
2404 643 649
2927 332 2430
2430 332 2927
332 2430 2927
268 1317 2802
1317 268 2802
2802 268 1317
2473 2297 2504
2297 2473 2504
2504 2297 2473
1642 263 1633
1633 263 1642
263 1633 1642
1482 876 1719
876 1482 1719
1719 876 1482
950 1162 1198
1162 950 1198
1198 950 1162
1335 1044 1721
1721 1044 1335
1044 1335 1721
371 282 642
642 282 371
282 371 642
2204 822 2339
2339 822 2204
822 2204 2339
543 1179 2538
2538 543 1179
1179 543 2538
1348 1293 2957
1293 1348 2957
2957 1293 1348
2878 377 2705
2705 377 2878
377 2705 2878
2872 1083 1304
1304 1083 2872
1083 1304 2872
1128 2590 2617
2590 1128 2617
2617 1128 2590
1857 1085 2148
2148 1085 1857
1085 1857 2148
2630 1011 2406
2406 1011 2630
1011 2406 2630
734 72 2233
2233 72 734
72 734 2233
28 386 866
866 28 386
386 28 866
101 1014 2483
1014 101 2483
2483 101 1014
1868 1140 1738
1140 1738 1868
1738 1140 1868
1660 815 2849
815 1660 2849
2849 815 1660
702 1040 2484
1040 702 2484
2484 702 1040
1474 1341 2772
2772 1341 1474
1341 1474 2772
1944 1289 1710
1289 1710 1944
1710 1289 1944
2678 1218 1433
1433 1218 2678
1218 1433 2678
413 236 525
525 236 413
236 413 525
747 366 2505
2505 366 747
366 747 2505
565 126 939
939 126 565
126 565 939
2246 257 1844
1844 257 2246
257 1844 2246
1138 1046 2656
1046 1138 2656
2656 1046 1138
1832 1101 1346
1101 1346 1832
1346 1101 1832
2745 433 980
433 980 2745
980 433 2745
114 272 2734
2734 114 272
272 114 2734
1637 741 1284
1284 741 1637
741 1284 1637
2787 369 419
419 369 2787
369 419 2787
2342 67 1957
1957 67 2342
67 1957 2342
1283 1117 2596
1117 1283 2596
2596 1117 1283
65 1573 1830
1830 65 1573
1573 65 1830
1543 1145 2610
2610 1145 1543
1145 1543 2610
2697 488 2242
2242 488 2697
488 2242 2697
355 130 2895
130 355 2895
2895 130 355
2944 129 2014
129 2014 2944
2014 129 2944
2140 756 2157
2157 756 2140
756 2140 2157
1392 1591 2792
2792 1392 1591
1591 1392 2792
561 17 2597
2597 17 561
17 561 2597
1100 230 2320
230 1100 2320
2320 230 1100
190 2306 2308
2306 190 2308
2308 190 2306
2614 261 1435
1435 261 2614
261 1435 2614
2000 1500 2690
2690 1500 2000
1500 2000 2690
1222 1336 2711
2711 1222 1336
1336 1222 2711
1324 1052 2689
1052 1324 2689
2689 1052 1324
1947 1428 2606
2606 1428 1947
1428 1947 2606
1746 579 671
671 579 1746
579 671 1746
330 1159 1629
1629 330 1159
1159 330 1629
1536 2010 2331
2010 1536 2331
2331 1536 2010
1361 196 773
196 773 1361
773 196 1361
1090 1716 1927
1716 1090 1927
1927 1090 1716
1554 1798 2365
2365 1554 1798
1798 1554 2365
987 973 1300
1300 973 987
973 987 1300
2268 95 237
237 95 2268
95 237 2268
1431 2060 2939
2939 1431 2060
2060 1431 2939
2341 50 847
50 847 2341
847 50 2341
1555 43 2586
43 1555 2586
2586 43 1555
1314 1598 2346
2346 1314 1598
1598 1314 2346
462 331 388
388 331 462
331 388 462
1674 2376 2377
2377 1674 2376
2376 1674 2377
1539 1025 2244
1025 1539 2244
2244 1025 1539
2012 281 2051
2051 281 2012
281 2012 2051
709 11 2371
11 709 2371
2371 11 709
767 1741 2616
1741 767 2616
2616 767 1741
2998 953 2105
953 2105 2998
2105 953 2998
2337 2100 2351
2100 2337 2351
2351 2100 2337
1850 187 2529
187 1850 2529
2529 187 1850
1939 1246 2359
1246 1939 2359
2359 1246 1939
2653 1000 1226
1000 1226 2653
1226 1000 2653
2363 393 858
393 858 2363
858 393 2363
2858 1186 2154
2154 1186 2858
1186 2154 2858
2673 1945 2910
1945 2673 2910
2910 1945 2673
2632 148 503
503 148 2632
148 503 2632
220 2467 2969
2969 220 2467
2467 220 2969
1688 373 645
645 373 1688
373 645 1688
762 511 1998
1998 511 762
511 762 1998
686 320 2256
320 686 2256
2256 320 686
16 325 1879
325 16 1879
1879 16 325
1302 800 2775
2775 800 1302
800 1302 2775
937 2510 2818
2818 937 2510
2510 937 2818
2700 79 1211
79 1211 2700
1211 79 2700
555 481 2804
2804 481 555
481 555 2804
890 1074 1440
1074 890 1440
1440 890 1074
1022 926 2027
926 1022 2027
2027 926 1022
193 1696 2131
1696 193 2131
2131 193 1696
77 652 2436
2436 77 652
652 77 2436
1018 1447 2662
2662 1018 1447
1447 1018 2662
2525 977 2206
977 2206 2525
2206 977 2525
1473 1276 2747
2747 1276 1473
1276 1473 2747
2984 1903 2043
2043 1903 2984
1903 2043 2984
523 1577 1916
1577 523 1916
1916 523 1577
2147 499 1888
499 1888 2147
1888 499 2147
721 343 2035
2035 343 721
343 721 2035
1852 224 1789
224 1789 1852
1789 224 1852
1881 874 1758
1758 874 1881
874 1758 1881
614 397 451
397 451 614
451 397 614
2192 483 2912
2912 483 2192
483 2192 2912
1178 2172 2254
2172 1178 2254
2254 1178 2172
1988 215 407
407 215 1988
215 407 1988
2296 2326 2785
2326 2296 2785
2785 2296 2326
560 1275 1823
1275 560 1823
1823 560 1275
2275 635 2317
635 2275 2317
2317 635 2275
2954 1807 1946
1946 1807 2954
1807 1946 2954
2353 1077 1994
1994 1077 2353
1077 1994 2353
464 1249 2442
2442 464 1249
1249 464 2442
964 1768 2026
2026 964 1768
1768 964 2026
1803 1065 2521
2521 1065 1803
1065 1803 2521
512 1854 2145
1854 512 2145
2145 512 1854
596 429 2072
429 596 2072
2072 429 596
2907 2058 2090
2090 2058 2907
2058 2090 2907
2809 22 992
22 992 2809
992 22 2809
979 143 1983
1983 143 979
143 979 1983
111 87 966
966 87 111
87 111 966
500 90 438
438 90 500
90 438 500
2540 1953 2685
2685 1953 2540
1953 2540 2685
1137 242 1041
1041 242 1137
242 1041 1137
1443 338 1828
1828 338 1443
338 1443 1828
1313 1510 1778
1510 1313 1778
1778 1313 1510
1568 2961 2980
2980 1568 2961
2961 1568 2980
1469 173 2897
2897 173 1469
173 1469 2897
930 700 2013
700 930 2013
2013 700 930
4 350 1973
1973 4 350
350 4 1973
1124 961 2186
961 1124 2186
2186 961 1124
1382 983 1770
983 1382 1770
1770 983 1382
2367 1001 1877
1877 1001 2367
1001 1877 2367
1908 1607 1959
1959 1607 1908
1607 1908 1959
88 1509 2839
2839 88 1509
1509 88 2839
809 144 908
908 144 809
144 809 908
2 73 2062
73 2 2062
2062 2 73
1371 1057 2074
1057 1371 2074
2074 1057 1371
1470 1522 1783
1783 1470 1522
1522 1470 1783
1898 1358 1580
1358 1580 1898
1580 1358 1898
805 41 2625
41 805 2625
2625 41 805
192 989 1907
989 192 1907
1907 192 989
507 1154 2017
1154 507 2017
2017 507 1154
1840 311 1019
1019 311 1840
311 1019 1840
1103 569 2605
2605 569 1103
569 1103 2605
2537 715 1951
715 1951 2537
1951 715 2537
730 931 2551
931 730 2551
2551 730 931
2258 1487 2225
1487 2225 2258
2225 1487 2258
2002 44 2815
44 2002 2815
2815 44 2002
379 1084 2544
2544 379 1084
1084 379 2544
1786 177 1597
1597 177 1786
177 1597 1786
31 1216 2452
2452 31 1216
1216 31 2452
1200 1459 2964
2964 1200 1459
1459 1200 2964
2911 1427 2716
2716 1427 2911
1427 2716 2911
39 133 1421
133 39 1421
1421 39 133
2447 245 2904
245 2447 2904
2904 245 2447
2408 604 647
647 604 2408
604 647 2408
15 582 2871
2871 15 582
582 15 2871
2672 2455 2903
2455 2672 2903
2903 2455 2672
420 1359 2208
2208 420 1359
1359 420 2208
1429 1060 1842
1842 1060 1429
1060 1429 1842
2464 881 1926
1926 881 2464
881 1926 2464
2356 1450 1648
1648 1450 2356
1450 1648 2356
2503 1259 1767
1259 1767 2503
1767 1259 2503
2386 432 1028
1028 432 2386
432 1028 2386
219 624 695
624 219 695
695 219 624
1654 571 766
571 766 1654
766 571 1654
824 367 936
