47 4 209
209 4 47
4 47 209
286 7 201
7 201 286
201 7 286
180 67 222
222 67 180
67 180 222
148 238 279
279 148 238
238 148 279
233 90 254
90 233 254
254 90 233
35 81 245
245 35 81
81 35 245
26 3 150
3 26 150
150 3 26
149 86 168
86 149 168
168 86 149
235 120 186
186 120 235
120 186 235
88 50 134
50 88 134
134 50 88
210 106 162
106 162 210
162 106 210
278 183 298
183 278 298
298 183 278
242 131 153
153 131 242
131 153 242
163 84 266
266 84 163
84 163 266
299 24 250
250 24 299
24 250 299
69 9 207
207 9 69
9 69 207
215 17 124
17 124 215
124 17 215
25 59 291
291 25 59
59 25 291
143 167 257
257 143 167
167 143 257
156 117 214
117 156 214
214 117 156
65 129 200
200 65 129
129 65 200
89 33 56
56 33 89
33 56 89
175 16 126
16 126 175
126 16 175
160 202 296
296 160 202
202 160 296
114 121 284
121 114 284
284 114 121
130 71 272
272 71 130
71 130 272
300 181 247
181 247 300
247 181 300
115 98 223
223 98 115
98 115 223
248 99 258
258 99 248
99 248 258
119 103 178
103 119 178
178 103 119
82 104 297
297 82 104
104 82 297
157 85 281
85 157 281
281 85 157
20 179 228
179 20 228
228 20 179
262 28 68
68 28 262
28 68 262
283 12 231
231 12 283
12 231 283
43 60 187
60 43 187
187 43 60
249 220 255
255 220 249
220 249 255
264 39 267
39 264 267
267 39 264
10 191 277
277 10 191
191 10 277
100 147 212
212 100 147
147 100 212
78 140 190
140 78 190
190 78 140
292 13 253
13 253 292
253 13 292
241 139 203
203 139 241
139 203 241
219 72 189
189 72 219
72 189 219
218 51 127
127 51 218
51 127 218
113 48 280
48 113 280
280 48 113
112 5 151
5 112 151
151 5 112
62 154 232
232 62 154
154 62 232
171 96 251
251 96 171
96 171 251
61 31 111
111 31 61
31 61 111
188 110 237
110 188 237
237 110 188
83 38 227
227 38 83
38 83 227
142 57 172
57 142 172
172 57 142
14 132 146
132 14 146
146 14 132
269 94 261
94 261 269
261 94 269
161 2 45
2 45 161
45 2 161
174 6 282
282 6 174
6 174 282
76 145 221
145 76 221
221 76 145
58 8 294
294 8 58
8 58 294
107 166 270
166 107 270
270 107 166
265 101 144
144 101 265
101 144 265
159 109 216
109 159 216
216 109 159
46 52 273
52 46 273
273 46 52
137 165 194
194 137 165
165 137 194
246 53 290
53 246 290
290 53 246
108 224 288
288 108 224
224 108 288
42 27 79
27 42 79
79 27 42
239 91 123
91 123 239
123 91 239
177 64 74
74 64 177
64 74 177
226 75 234
234 75 226
75 226 234
195 136 274
136 195 274
274 136 195
252 133 155
155 133 252
133 155 252
206 205 287
287 205 206
205 206 287
293 37 41
37 41 293
41 37 293
116 259 271
259 116 271
271 116 259
164 105 125
125 105 164
105 125 164
213 18 23
23 18 213
18 23 213
21 138 295
295 21 138
138 21 295
128 36 97
97 36 128
36 97 128
217 80 93
80 93 217
93 80 217
118 40 92
40 92 118
92 40 118
102 55 192
55 102 192
192 55 102
95 19 289
19 95 289
289 19 95
240 34 66
34 66 240
66 34 240
198 22 256
22 198 256
256 22 198
63 32 184
184 32 63
32 63 184
29 1 268
1 29 268
268 1 29
176 152 229
152 176 229
229 152 176
30 44 170
170 30 44
44 30 170
87 54 208
208 54 87
54 87 208
73 70 77
77 70 73
70 73 77
236 260 276
276 236 260
260 236 276
243 122 169
169 122 243
122 169 243
196 158 204
204 158 196
158 196 204
230 141 185
185 141 230
141 185 230
193 11 197
11 193 197
197 11 193
211 15 49
15 49 211
49 15 211
173 244 275
244 173 275
275 173 244
199 135 263
135 199 263
263 135 199
182 225 285
225 182 285
285 182 225
