17 254 258
254 17 258
258 17 254
203 172 293
172 203 293
293 172 203
21 68 271
68 21 271
271 21 68
66 242 284
242 66 284
284 66 242
161 45 128
128 45 161
45 128 161
263 40 133
40 133 263
133 40 263
156 76 238
238 76 156
76 156 238
241 5 182
5 182 241
182 5 241
163 48 82
48 82 163
82 48 163
116 25 157
157 25 116
25 116 157
62 151 192
192 62 151
151 62 192
114 167 208
167 114 208
208 114 167
107 51 143
51 107 143
143 51 107
121 154 184
184 121 154
154 121 184
256 85 197
85 197 256
197 85 256
181 75 286
75 181 286
286 75 181
141 77 183
77 141 183
183 77 141
64 200 250
200 64 250
250 64 200
74 170 198
170 74 198
198 74 170
274 33 148
148 33 274
33 148 274
279 135 252
135 252 279
252 135 279
71 15 295
295 15 71
15 71 295
37 213 290
213 37 290
290 37 213
276 36 117
36 117 276
117 36 276
52 73 100
73 52 100
100 52 73
10 92 237
237 10 92
92 10 237
95 70 196
196 70 95
70 95 196
281 209 297
209 281 297
297 209 281
173 39 288
288 39 173
39 173 288
171 27 169
169 27 171
27 169 171
211 137 245
137 211 245
245 137 211
122 195 299
195 122 299
299 122 195
140 127 229
229 127 140
127 140 229
232 126 194
126 194 232
194 126 232
19 105 247
105 19 247
247 19 105
262 201 267
267 201 262
201 262 267
24 221 300
300 24 221
221 24 300
20 136 243
136 20 243
243 20 136
109 210 236
236 109 210
210 109 236
83 227 264
227 83 264
264 83 227
204 97 185
97 185 204
185 97 204
255 226 294
226 255 294
294 226 255
282 22 65
65 22 282
22 65 282
285 16 102
102 16 285
16 102 285
240 158 199
199 158 240
158 199 240
12 164 253
164 12 253
253 12 164
272 218 259
259 218 272
218 259 272
189 132 186
132 186 189
186 132 189
123 90 165
165 90 123
90 123 165
50 53 168
53 50 168
168 50 53
176 47 144
144 47 176
47 144 176
269 72 104
104 72 269
72 104 269
248 88 292
292 88 248
88 248 292
108 67 79
79 67 108
67 79 108
187 30 160
160 30 187
30 160 187
179 112 266
112 179 266
266 112 179
296 2 149
149 2 296
2 149 296
23 106 129
129 23 106
106 23 129
139 162 230
230 139 162
162 139 230
99 110 180
110 99 180
180 99 110
101 120 270
120 101 270
270 101 120
131 115 289
115 131 289
289 115 131
6 55 234
234 6 55
55 6 234
94 118 257
118 94 257
257 94 118
8 42 188
188 8 42
42 8 188
49 3 206
3 49 206
206 3 49
58 111 193
111 58 193
193 58 111
14 87 175
87 14 175
175 14 87
93 35 246
35 93 246
246 35 93
98 124 150
124 98 150
150 98 124
125 26 91
26 91 125
91 26 125
145 251 268
251 145 268
268 145 251
29 46 207
46 29 207
207 29 46
174 80 215
80 174 215
215 80 174
178 13 283
283 13 178
13 178 283
228 63 153
63 153 228
153 63 228
155 219 261
219 155 261
261 155 219
225 69 278
278 69 225
69 225 278
32 147 273
147 32 273
273 32 147
56 113 239
113 56 239
239 56 113
54 18 119
119 18 54
18 54 119
86 31 89
31 86 89
89 31 86
166 44 202
44 166 202
202 44 166
265 43 190
190 43 265
43 190 265
138 60 61
60 61 138
61 60 138
216 103 280
280 103 216
103 216 280
96 7 260
260 7 96
7 96 260
244 59 249
249 59 244
59 244 249
177 57 134
134 57 177
57 134 177
223 1 159
1 159 223
159 1 223
277 78 231
231 78 277
78 231 277
38 41 287
287 38 41
41 38 287
84 152 275
152 84 275
275 84 152
205 28 214
214 28 205
28 205 214
34 222 235
235 34 222
222 34 235
212 9 130
130 9 212
9 130 212
220 4 11
11 4 220
4 11 220
217 224 291
224 217 291
291 217 224
298 191 233
191 233 298
233 191 298
146 81 142
81 142 146
142 81 146
