50 7 191
7 50 191
191 7 50
105 107 239
107 105 239
239 105 107
108 139 280
280 108 139
139 108 280
147 40 290
290 40 147
40 147 290
245 18 183
183 18 245
18 183 245
102 104 175
104 102 175
175 102 104
228 129 167
167 129 228
129 167 228
84 22 128
22 84 128
128 22 84
248 76 150
76 150 248
150 76 248
59 152 233
233 59 152
152 59 233
165 232 269
232 165 269
269 165 232
244 166 249
166 244 249
249 166 244
208 188 271
188 208 271
271 188 208
51 28 299
28 51 299
299 28 51
138 109 112
112 109 138
109 112 138
30 113 124
113 30 124
124 30 113
210 35 88
88 35 210
35 88 210
241 144 259
144 241 259
259 144 241
66 19 264
19 66 264
264 19 66
9 36 217
217 9 36
36 9 217
86 6 31
6 31 86
31 6 86
4 87 281
87 4 281
281 4 87
235 2 10
2 10 235
10 2 235
288 53 240
240 53 288
53 240 288
49 32 44
32 44 49
44 32 49
274 237 295
237 274 295
295 237 274
54 41 121
41 54 121
121 41 54
256 135 149
149 135 256
135 149 256
174 192 300
192 174 300
300 174 192
96 100 230
230 96 100
100 96 230
255 92 181
92 181 255
181 92 255
159 81 168
168 81 159
81 159 168
140 95 283
283 95 140
95 140 283
48 73 258
73 48 258
258 48 73
116 131 205
131 116 205
205 116 131
177 12 180
180 12 177
12 177 180
287 27 94
27 94 287
94 27 287
115 21 161
21 115 161
161 21 115
194 117 238
238 117 194
117 194 238
162 65 158
65 158 162
158 65 162
77 58 176
176 58 77
58 77 176
172 17 67
17 67 172
67 17 172
145 106 156
156 106 145
106 145 156
29 5 214
5 29 214
214 5 29
267 127 298
298 127 267
127 267 298
57 23 273
273 23 57
23 57 273
15 221 265
221 15 265
265 15 221
262 33 225
33 225 262
225 33 262
215 45 291
291 45 215
45 215 291
178 130 297
297 130 178
130 178 297
247 143 231
143 231 247
231 143 247
209 202 222
202 209 222
222 202 209
47 123 270
123 47 270
270 47 123
151 24 224
224 24 151
24 151 224
186 146 179
179 146 186
146 179 186
163 78 89
78 89 163
89 78 163
293 91 206
206 91 293
91 206 293
284 157 253
253 157 284
157 253 284
141 61 250
61 141 250
250 61 141
72 153 187
187 72 153
153 72 187
279 120 285
285 120 279
120 279 285
13 16 173
173 13 16
16 13 173
242 83 114
114 83 242
83 114 242
196 26 79
79 26 196
26 79 196
282 52 246
246 52 282
52 246 282
278 133 261
133 261 278
261 133 278
85 90 263
263 85 90
90 85 263
20 99 207
99 20 207
207 20 99
266 111 219
219 111 266
111 219 266
213 101 260
101 213 260
260 101 213
212 46 93
93 46 212
46 93 212
257 137 189
137 189 257
189 137 257
110 3 98
98 3 110
3 98 110
126 70 160
70 126 160
160 70 126
252 43 294
294 43 252
43 252 294
204 42 62
62 42 204
42 62 204
74 190 229
229 74 190
190 74 229
220 195 197
197 195 220
195 197 220
39 68 198
198 39 68
68 39 198
236 119 203
203 119 236
119 203 236
171 193 201
193 171 201
201 171 193
199 11 296
296 11 199
11 199 296
1 8 277
277 1 8
8 1 277
37 132 182
182 37 132
132 37 182
227 251 275
251 227 275
275 227 251
276 60 218
218 60 276
60 218 276
38 118 170
118 38 170
170 38 118
25 136 272
272 25 136
136 25 272
184 154 268
268 154 184
154 184 268
56 103 185
103 56 185
185 56 103
69 122 134
122 69 134
134 69 122
243 34 63
63 34 243
34 63 243
71 64 234
234 64 71
64 71 234
226 82 292
82 226 292
292 82 226
211 75 164
75 164 211
164 75 211
55 155 200
155 55 200
200 55 155
142 97 148
148 97 142
97 142 148
80 254 286
286 80 254
254 80 286
216 125 289
289 125 216
125 216 289
169 14 223
223 14 169
14 169 223
