1088 319 1903
319 1088 1903
1903 319 1088
2388 1005 2016
1005 2016 2388
2016 1005 2388
918 659 681
681 659 918
659 681 918
2115 725 1086
725 1086 2115
1086 725 2115
1365 1077 1574
1077 1365 1574
1574 1077 1365
638 537 663
663 537 638
537 638 663
2336 906 1078
1078 906 2336
906 1078 2336
694 961 1680
1680 694 961
961 694 1680
1034 163 2816
163 1034 2816
2816 163 1034
1863 1578 2537
1578 1863 2537
2537 1578 1863
1174 1247 1788
1247 1174 1788
1788 1174 1247
2690 474 2807
474 2690 2807
2807 474 2690
2585 546 1692
546 1692 2585
1692 546 2585
1076 462 2617
2617 462 1076
462 1076 2617
483 1160 2257
1160 483 2257
2257 483 1160
1232 684 1300
1300 684 1232
684 1232 1300
410 389 2946
389 410 2946
2946 389 410
2850 1481 1507
1481 1507 2850
1507 1481 2850
1931 311 2994
2994 311 1931
311 1931 2994
296 1185 1409
1409 296 1185
1185 296 1409
588 1332 2921
1332 588 2921
2921 588 1332
141 1095 2923
2923 141 1095
1095 141 2923
2790 2758 2874
2874 2758 2790
2758 2790 2874
1715 716 2424
2424 716 1715
716 1715 2424
149 386 1852
386 149 1852
1852 149 386
1695 345 2526
345 1695 2526
2526 345 1695
1106 2404 2653
2404 1106 2653
2653 1106 2404
2302 196 2521
2521 196 2302
196 2302 2521
258 793 1390
1390 258 793
793 258 1390
162 1256 2280
2280 162 1256
1256 162 2280
1262 1454 2838
2838 1262 1454
1454 1262 2838
2218 61 1833
61 1833 2218
1833 61 2218
586 307 1296
1296 307 586
307 586 1296
2940 353 723
723 353 2940
353 723 2940
2639 260 1184
260 1184 2639
1184 260 2639
1521 2155 2398
2398 1521 2155
2155 1521 2398
682 2462 2967
2462 682 2967
2967 682 2462
1669 611 1023
611 1023 1669
1023 611 1669
1003 2314 2705
2705 1003 2314
2314 1003 2705
2911 436 1057
1057 436 2911
436 1057 2911
666 276 1986
276 666 1986
1986 276 666
423 1410 2031
1410 423 2031
2031 423 1410
1626 541 1942
541 1626 1942
1942 541 1626
217 802 2498
2498 217 802
802 217 2498
1714 524 700
700 524 1714
524 700 1714
927 1407 1992
1407 927 1992
1992 927 1407
917 525 2274
2274 525 917
525 917 2274
291 923 2165
2165 291 923
923 291 2165
984 492 2481
492 984 2481
2481 492 984
1473 2019 2299
2299 1473 2019
2019 1473 2299
1396 1492 2047
2047 1396 1492
1492 1396 2047
1274 2211 2855
2211 1274 2855
2855 1274 2211
732 1766 2339
1766 732 2339
2339 732 1766
279 1021 2018
2018 279 1021
1021 279 2018
437 400 446
400 437 446
446 400 437
184 612 1532
612 184 1532
1532 184 612
1952 1110 2232
2232 1110 1952
1110 1952 2232
2171 818 2268
818 2171 2268
2268 818 2171
486 2491 2561
2561 486 2491
2491 486 2561
970 2015 2095
2095 970 2015
2015 970 2095
481 2200 2890
2890 481 2200
2200 481 2890
643 427 511
511 427 643
427 511 643
1325 54 701
701 54 1325
54 701 1325
1619 549 2711
549 1619 2711
2711 549 1619
1678 2411 2582
2411 1678 2582
2582 1678 2411
2072 1550 2412
1550 2072 2412
2412 1550 2072
1094 1330 2285
1330 1094 2285
2285 1094 1330
2673 2191 2663
2191 2663 2673
2663 2191 2673
425 143 974
143 425 974
974 143 425
891 1441 1447
1447 891 1441
1441 891 1447
1123 1930 2910
2910 1123 1930
1930 1123 2910
1547 752 1793
1793 752 1547
752 1547 1793
759 1141 1236
1141 759 1236
1236 759 1141
801 1825 1914
1825 801 1914
1914 801 1825
592 2132 2255
2255 592 2132
2132 592 2255
2381 361 1385
361 1385 2381
1385 361 2381
1455 1413 2033
2033 1413 1455
1413 1455 2033
2313 1344 1880
1344 1880 2313
1880 1344 2313
201 1071 2461
1071 201 2461
2461 201 1071
444 1642 2348
2348 444 1642
1642 444 2348
228 233 434
434 228 233
233 228 434
971 972 1589
972 971 1589
1589 971 972
2017 383 2027
2027 383 2017
383 2017 2027
1059 1799 2409
2409 1059 1799
1799 1059 2409
1399 117 1167
117 1167 1399
1167 117 1399
566 838 1960
838 566 1960
1960 566 838
1958 2045 2071
2071 1958 2045
2045 1958 2071
2065 810 1801
810 1801 2065
1801 810 2065
783 1257 2528
2528 783 1257
1257 783 2528
115 519 1588
519 115 1588
1588 115 519
794 252 2742
2742 252 794
252 794 2742
2396 177 1352
1352 177 2396
177 1352 2396
1554 109 2160
2160 109 1554
109 1554 2160
880 304 1741
304 880 1741
1741 304 880
2692 376 2003
2003 376 2692
376 2003 2692
542 628 878
878 542 628
628 542 878
882 513 770
513 770 882
770 513 882
1671 570 1004
1004 570 1671
570 1004 1671
2847 34 2658
2658 34 2847
34 2658 2847
939 1114 1767
1114 939 1767
1767 939 1114
336 2121 2929
2929 336 2121
2121 336 2929
5 424 2607
424 5 2607
2607 5 424
1928 780 1621
1621 780 1928
780 1621 1928
2306 186 2725
2725 186 2306
186 2306 2725
209 1971 2765
2765 209 1971
1971 209 2765
1082 1716 2198
2198 1082 1716
1716 1082 2198
633 508 2520
508 633 2520
2520 508 633
809 248 2840
248 809 2840
2840 248 809
1461 274 2662
274 1461 2662
2662 274 1461
2329 1768 2030
2030 1768 2329
1768 2030 2329
799 475 897
897 475 799
475 799 897
2478 1227 2616
2616 1227 2478
1227 2478 2616
2510 781 1881
1881 781 2510
781 1881 2510
2421 958 1817
1817 958 2421
958 1817 2421
1515 212 1882
1882 212 1515
212 1515 1882
1306 1013 1932
1013 1306 1932
1932 1013 1306
2284 2264 2914
2914 2264 2284
2264 2284 2914
1318 1208 2509
1208 1318 2509
2509 1208 1318
2407 1899 2112
2112 1899 2407
1899 2112 2407
2578 344 2209
344 2209 2578
2209 344 2578
135 183 721
183 135 721
721 135 183
1895 1403 1873
1873 1403 1895
1403 1873 1895
23 246 387
387 23 246
246 23 387
833 632 1383
1383 632 833
632 833 1383
2835 1706 2391
1706 2391 2835
2391 1706 2835
1137 1032 2456
2456 1032 1137
1032 1137 2456
401 357 2618
357 401 2618
2618 357 401
1504 1331 1916
1916 1331 1504
1331 1504 1916
1188 800 1020
800 1020 1188
1020 800 1188
2291 1795 2147
1795 2147 2291
2147 1795 2291
729 608 2716
608 729 2716
2716 608 729
2901 435 2609
2609 435 2901
435 2609 2901
1105 1513 2823
1513 1105 2823
2823 1105 1513
292 669 1922
1922 292 669
669 292 1922
419 1405 2756
1405 419 2756
2756 419 1405
2161 320 2169
2169 320 2161
320 2161 2169
738 390 1345
390 738 1345
1345 390 738
1462 1323 2665
2665 1323 1462
1323 1462 2665
1876 776 2805
776 1876 2805
2805 776 1876
1376 2207 2628
2207 1376 2628
2628 1376 2207
2545 393 1684
1684 393 2545
393 1684 2545
720 1011 2731
2731 720 1011
1011 720 2731
1055 1158 1267
1158 1055 1267
1267 1055 1158
2720 333 1786
333 1786 2720
1786 333 2720
2400 171 1860
171 1860 2400
1860 171 2400
1890 727 1366
1366 727 1890
727 1366 1890
1749 82 2492
82 1749 2492
2492 82 1749
2435 1978 2215
2215 1978 2435
1978 2215 2435
691 1976 2600
2600 691 1976
1976 691 2600
496 235 2486
235 496 2486
2486 235 496
1484 134 1143
134 1143 1484
1143 134 1484
521 1412 1820
1412 521 1820
1820 521 1412
2931 402 2829
402 2829 2931
2829 402 2931
1649 266 931
931 266 1649
266 931 1649
2584 1180 1909
1909 1180 2584
1180 1909 2584
1336 787 2504
2504 787 1336
787 1336 2504
2680 1426 1489
1426 1489 2680
1489 1426 2680
1774 308 1884
1884 308 1774
308 1774 1884
2026 1189 2999
2999 1189 2026
1189 2026 2999
1131 1800 2448
1800 1131 2448
2448 1131 1800
17 609 2253
609 17 2253
2253 17 609
598 190 744
190 598 744
744 190 598
83 1215 2780
1215 83 2780
2780 83 1215
2767 2547 2990
2547 2767 2990
2990 2547 2767
173 1966 2098
1966 173 2098
2098 173 1966
1229 660 1511
1511 660 1229
660 1229 1511
2637 703 1533
1533 703 2637
703 1533 2637
1429 1472 1781
1781 1429 1472
1472 1429 1781
1760 1655 2453
1655 1760 2453
2453 1655 1760
2104 1277 2158
1277 2104 2158
2158 1277 2104
1242 2151 2422
2422 1242 2151
2151 1242 2422
1560 1962 2451
2451 1560 1962
1962 1560 2451
1315 1530 2135
2135 1315 1530
1530 1315 2135
1249 179 2671
2671 179 1249
179 1249 2671
581 1488 2985
1488 581 2985
2985 581 1488
2797 1150 1845
1150 1845 2797
1845 1150 2797
2969 591 1850
1850 591 2969
591 1850 2969
2442 991 2933
2933 991 2442
991 2442 2933
2457 1010 1113
1113 1010 2457
1010 1113 2457
2698 764 2936
2936 764 2698
764 2698 2936
2738 121 2718
2718 121 2738
121 2718 2738
42 815 1672
1672 42 815
815 42 1672
2580 760 1970
1970 760 2580
760 1970 2580
1422 544 2429
544 1422 2429
2429 544 1422
1041 97 1656
1656 97 1041
97 1041 1656
2360 1688 2755
1688 2360 2755
2755 1688 2360
1748 1425 2148
2148 1425 1748
1425 1748 2148
1006 469 829
469 829 1006
829 469 1006
934 587 1068
587 934 1068
1068 587 934
2432 1166 1289
1166 1289 2432
1289 1166 2432
2624 487 2246
2246 487 2624
487 2246 2624
2759 140 2822
140 2759 2822
2822 140 2759
1264 305 2154
305 1264 2154
2154 305 1264
2240 316 485
316 485 2240
485 316 2240
484 1908 2365
1908 484 2365
2365 484 1908
2749 417 2282
417 2282 2749
2282 417 2749
1416 1217 2963
1217 1416 2963
2963 1217 1416
2744 551 785
785 551 2744
551 785 2744
1630 1803 2180
1803 1630 2180
2180 1630 1803
1769 1220 1367
1367 1220 1769
1220 1367 1769
488 1878 2717
1878 488 2717
2717 488 1878
92 578 850
578 92 850
850 92 578
2229 1953 2241
1953 2229 2241
2241 1953 2229
315 392 697
392 315 697
697 315 392
1195 989 1904
1904 989 1195
989 1195 1904
2529 88 560
88 560 2529
560 88 2529
98 2558 2996
2558 98 2996
2996 98 2558
908 103 2261
103 908 2261
2261 103 908
2276 1710 2670
2670 1710 2276
1710 2276 2670
2036 1453 2962
1453 2036 2962
2962 1453 2036
2354 148 1048
148 1048 2354
1048 148 2354
2648 717 1527
1527 717 2648
717 1527 2648
1216 518 2863
2863 518 1216
518 1216 2863
2603 1319 2357
1319 2357 2603
2357 1319 2603
1 1664 1982
1982 1 1664
1664 1 1982
529 796 2908
2908 529 796
796 529 2908
1171 647 826
647 826 1171
826 647 1171
2811 901 2884
901 2811 2884
2884 901 2811
218 65 286
286 65 218
65 218 286
2605 753 1743
1743 753 2605
753 1743 2605
480 516 1934
516 480 1934
1934 480 516
1090 2137 2179
2179 1090 2137
2137 1090 2179
2446 166 2897
2897 166 2446
166 2446 2897
2769 2332 2982
2332 2769 2982
2982 2332 2769
2630 238 2325
238 2325 2630
2325 238 2630
1659 351 920
351 920 1659
920 351 1659
122 1199 2614
1199 122 2614
2614 122 1199
2046 385 2182
385 2046 2182
2182 385 2046
2235 1605 2463
2463 1605 2235
1605 2235 2463
1535 1311 2374
1311 1535 2374
2374 1311 1535
2146 1118 2842
1118 2146 2842
2842 1118 2146
1193 356 1154
356 1154 1193
1154 356 1193
1019 1265 1392
1392 1019 1265
1265 1019 1392
530 1030 2188
1030 530 2188
2188 530 1030
2644 318 2074
2074 318 2644
318 2074 2644
2512 736 2099
736 2099 2512
2099 736 2512
1693 2107 2697
2107 1693 2697
2697 1693 2107
45 820 1369
820 45 1369
1369 45 820
2052 2254 2632
2254 2052 2632
2632 2052 2254
2525 1493 2341
1493 2341 2525
2341 1493 2525
2228 1947 2238
1947 2228 2238
2238 1947 2228
378 2034 2183
2183 378 2034
2034 378 2183
1210 37 2058
37 1210 2058
2058 37 1210
105 59 2810
59 105 2810
2810 59 105
6 1592 2233
1592 6 2233
2233 6 1592
77 1133 2392
2392 77 1133
1133 77 2392
2970 139 2041
139 2041 2970
2041 139 2970
1559 160 343
160 343 1559
343 160 1559
2384 1893 2746
1893 2384 2746
2746 1893 2384
1919 1830 1831
1830 1831 1919
1831 1830 1919
24 1512 2565
1512 24 2565
2565 24 1512
1849 2210 2892
2210 1849 2892
2892 1849 2210
1902 199 2679
199 1902 2679
2679 199 1902
1608 501 2507
501 1608 2507
2507 501 1608
1757 1135 2443
1135 1757 2443
2443 1135 1757
973 993 1064
993 973 1064
1064 973 993
1054 656 1349
656 1054 1349
1349 656 1054
2364 2038 2483
2038 2364 2483
2483 2038 2364
1044 1813 2998
2998 1044 1813
1813 1044 2998
2335 1526 2724
2724 1526 2335
1526 2335 2724
1864 975 1772
975 1772 1864
1772 975 1864
696 167 1207
167 696 1207
1207 167 696
877 433 2370
433 877 2370
2370 433 877
2502 380 1298
1298 380 2502
380 1298 2502
1099 837 2889
2889 837 1099
837 1099 2889
2361 365 2656
2656 365 2361
365 2361 2656
1456 1822 1993
1993 1456 1822
1822 1456 1993
2762 1173 2669
1173 2669 2762
2669 1173 2762
1731 1435 2247
1435 1731 2247
2247 1435 1731
916 278 2723
278 916 2723
2723 278 916
954 1841 2097
2097 954 1841
1841 954 2097
142 831 1254
831 142 1254
1254 142 831
210 2011 2310
2310 210 2011
2011 210 2310
2196 676 1842
1842 676 2196
676 1842 2196
1335 130 1423
1423 130 1335
130 1335 1423
2359 391 1098
1098 391 2359
391 1098 2359
1651 2772 2849
2772 1651 2849
2849 1651 2772
2340 50 1273
50 1273 2340
1273 50 2340
522 20 538
20 522 538
538 20 522
2925 709 2959
2959 709 2925
709 2925 2959
2390 1616 2666
2666 1616 2390
1616 2390 2666
1087 168 806
806 168 1087
168 806 1087
2542 1476 2734
2734 1476 2542
1476 2542 2734
1544 1052 1745
1052 1544 1745
1745 1052 1544
12 193 1739
1739 12 193
193 12 1739
2221 847 2752
847 2221 2752
2752 847 2221
890 1222 1581
1222 890 1581
1581 890 1222
567 1572 2307
2307 567 1572
1572 567 2307
2414 527 1718
527 1718 2414
1718 527 2414
2722 1378 2595
1378 2595 2722
2595 1378 2722
2534 1270 1361
1361 1270 2534
1270 1361 2534
2428 2260 2951
2951 2260 2428
2260 2428 2951
2162 851 1542
851 1542 2162
1542 851 2162
408 708 2804
708 408 2804
2804 408 708
1612 1837 2696
1837 1612 2696
2696 1612 1837
491 590 2501
590 491 2501
2501 491 590
1498 362 686
686 362 1498
362 686 1498
2237 1176 1810
1810 1176 2237
1176 1810 2237
2627 1541 2263
1541 2263 2627
2263 1541 2627
714 426 1012
426 714 1012
1012 426 714
1206 169 887
887 169 1206
169 887 1206
1072 1056 1999
1999 1056 1072
1056 1072 1999
1983 533 1652
533 1652 1983
1652 533 1983
1641 545 922
922 545 1641
545 922 1641
1408 987 1770
987 1408 1770
1770 987 1408
2533 2111 2783
2783 2111 2533
2111 2533 2783
2882 1258 1654
1654 1258 2882
1258 1654 2882
704 1178 1338
1338 704 1178
1178 704 1338
128 1287 2256
1287 128 2256
2256 128 1287
2988 1299 1980
1980 1299 2988
1299 1980 2988
2250 1503 2490
1503 2250 2490
2490 1503 2250
2831 1719 2475
2475 1719 2831
1719 2475 2831
2562 613 1557
613 1557 2562
1557 613 2562
2415 226 976
226 976 2415
976 226 2415
119 1632 2249
1632 119 2249
2249 119 1632
9 840 1070
840 9 1070
1070 9 840
137 284 933
933 137 284
284 137 933
1595 869 2245
869 1595 2245
2245 869 1595
728 940 1990
940 728 1990
1990 728 940
67 565 2242
565 67 2242
2242 67 565
805 221 1165
221 805 1165
1165 221 805
1606 63 136
63 136 1606
136 63 1606
2362 2567 2615
2615 2362 2567
2567 2362 2615
953 451 1497
1497 451 953
451 953 1497
178 1568 2157
2157 178 1568
1568 178 2157
2351 180 2871
180 2351 2871
2871 180 2351
2021 555 2024
555 2021 2024
2024 555 2021
2186 763 1394
1394 763 2186
763 1394 2186
1212 2131 2482
2482 1212 2131
2131 1212 2482
1784 2924 2939
2939 1784 2924
2924 1784 2939
1243 779 2606
779 1243 2606
2606 779 1243
1846 495 1598
1598 495 1846
495 1598 1846
1662 154 2122
154 1662 2122
2122 154 1662
2418 1935 2675
2675 1935 2418
1935 2418 2675
574 112 2826
112 574 2826
2826 112 574
1565 1811 2367
1811 1565 2367
2367 1565 1811
1478 968 1969
968 1478 1969
1969 968 1478
1580 614 2460
614 1580 2460
2460 614 1580
96 1937 1974
1937 96 1974
1974 96 1937
2508 1377 2589
2589 1377 2508
1377 2508 2589
2292 737 1752
1752 737 2292
737 1752 2292
399 514 1162
1162 399 514
514 399 1162
388 309 2300
309 388 2300
2300 309 388
371 403 2557
2557 371 403
403 371 2557
1879 2358 2920
2920 1879 2358
2358 1879 2920
231 348 1502
348 231 1502
1502 231 348
1474 2791 2993
2791 1474 2993
2993 1474 2791
2952 1116 1910
1910 1116 2952
1116 1910 2952
2954 2150 2879
2150 2879 2954
2879 2150 2954
2124 330 2066
330 2066 2124
2066 330 2124
593 866 1000
866 593 1000
1000 593 866
1496 675 2514
2514 675 1496
675 1496 2514
573 124 1491
1491 124 573
124 573 1491
2136 858 2598
858 2136 2598
2598 858 2136
214 1989 2891
2891 214 1989
1989 214 2891
1191 111 2347
2347 111 1191
111 1191 2347
447 1312 2349
2349 447 1312
1312 447 2349
1961 1421 1500
1500 1421 1961
1421 1500 1961
649 631 2597
2597 631 649
631 649 2597
2735 582 1658
582 1658 2735
1658 582 2735
463 1727 2167
1727 463 2167
2167 463 1727
2294 1480 1661
1661 1480 2294
1480 1661 2294
2909 1465 2206
2206 1465 2909
1465 2206 2909
1853 1393 1720
1720 1393 1853
1393 1720 1853
95 539 900
900 95 539
539 95 900
1295 1205 2088
2088 1205 1295
1205 1295 2088
52 1233 1302
1302 52 1233
1233 52 1302
2500 2272 2574
2574 2272 2500
2272 2500 2574
1285 520 1347
520 1285 1347
1347 520 1285
786 203 1674
203 786 1674
1674 203 786
2770 89 636
89 636 2770
636 89 2770
946 1363 1444
1444 946 1363
1363 946 1444
1891 1955 2493
2493 1891 1955
1955 1891 2493
1689 1495 2779
1495 1689 2779
2779 1495 1689
2320 366 1028
366 1028 2320
1028 366 2320
2120 2091 2619
2091 2120 2619
2619 2091 2120
1854 1266 1777
1266 1777 1854
1777 1266 1854
1280 1314 2991
2991 1280 1314
1314 1280 2991
2204 532 1398
1398 532 2204
532 1398 2204
253 1449 2356
2356 253 1449
1449 253 2356
2739 189 1119
1119 189 2739
189 1119 2739
2613 405 2487
2487 405 2613
405 2487 2613
1600 1607 2806
1607 1600 2806
2806 1600 1607
2651 651 2803
651 2651 2803
2803 651 2651
807 956 2326
956 807 2326
2326 807 956
969 367 1428
367 969 1428
1428 367 969
1510 2556 2729
2556 1510 2729
2729 1510 2556
283 158 1246
158 283 1246
1246 158 283
85 445 1486
1486 85 445
445 85 1486
1402 113 2176
2176 113 1402
113 1402 2176
172 688 1814
688 172 1814
1814 172 688
131 289 1245
289 131 1245
1245 131 289
1466 1625 2458
1625 1466 2458
2458 1466 1625
2818 503 540
503 540 2818
540 503 2818
2646 461 2566
461 2566 2646
2566 461 2646
1025 465 2308
465 1025 2308
2308 465 1025
14 71 2397
2397 14 71
71 14 2397
1927 1438 2436
2436 1438 1927
1438 1927 2436
2934 1865 2262
2262 1865 2934
1865 2262 2934
27 756 885
756 27 885
885 27 756
903 1816 2634
2634 903 1816
1816 903 2634
2760 2118 2559
2118 2559 2760
2559 2118 2760
1646 1223 2020
2020 1223 1646
1223 1646 2020
411 53 2629
53 411 2629
2629 53 411
1855 966 1867
1867 966 1855
966 1855 1867
1925 1276 1381
1381 1276 1925
1276 1381 1925
1828 416 1520
416 1520 1828
1520 416 1828
2181 207 1660
207 1660 2181
1660 207 2181
925 2117 2930
2117 925 2930
2930 925 2117
157 2888 2957
2888 157 2957
2957 157 2888
44 625 1536
1536 44 625
625 44 1536
1234 415 1639
415 1234 1639
1639 415 1234
240 1650 2995
2995 240 1650
1650 240 2995
2251 655 2513
655 2251 2513
2513 655 2251
2610 1182 2887
1182 2610 2887
2887 1182 2610
872 441 2311
2311 441 872
441 872 2311
211 19 2689
19 211 2689
2689 19 211
1313 174 2279
174 1313 2279
2279 174 1313
2470 1785 2539
2539 1785 2470
1785 2470 2539
349 1857 2295
2295 349 1857
1857 349 2295
1717 332 2401
332 1717 2401
2401 332 1717
575 1124 1812
1812 575 1124
1124 575 1812
243 1240 1911
1911 243 1240
1240 243 1911
306 622 699
699 306 622
622 306 699
1337 430 667
430 667 1337
667 430 1337
1261 577 2647
2647 577 1261
577 1261 2647
1868 2288 2454
2454 1868 2288
2288 1868 2454
1821 182 1543
1543 182 1821
182 1543 1821
2761 381 2069
2069 381 2761
381 2069 2761
2868 1209 1702
1209 1702 2868
1702 1209 2868
2056 816 1434
1434 816 2056
816 1434 2056
106 653 2063
653 106 2063
2063 106 653
2708 2426 2625
2426 2625 2708
2625 2426 2708
87 379 1211
1211 87 379
379 87 1211
572 394 452
452 394 572
394 452 572
988 159 2572
159 988 2572
2572 159 988
472 792 2973
2973 472 792
792 472 2973
2904 150 1202
150 1202 2904
1202 150 2904
2416 777 2327
777 2327 2416
2327 777 2416
607 1042 2485
2485 607 1042
1042 607 2485
719 1924 2138
2138 719 1924
1924 719 2138
2654 298 724
298 724 2654
724 298 2654
165 1898 2333
2333 165 1898
1898 165 2333
1446 323 1482
1482 323 1446
323 1446 1482
2297 1149 2856
1149 2297 2856
2856 1149 2297
268 1601 2035
1601 268 2035
2035 268 1601
863 1157 2978
1157 863 2978
2978 863 1157
1920 626 2316
2316 626 1920
626 1920 2316
1370 455 875
875 455 1370
455 875 1370
1796 985 2535
985 1796 2535
2535 985 1796
2042 983 1451
983 1451 2042
1451 983 2042
2471 1685 1866
1685 1866 2471
1866 1685 2471
299 1125 2234
2234 299 1125
1125 299 2234
1548 639 2378
639 1548 2378
2378 639 1548
94 1981 2110
1981 94 2110
2110 94 1981
406 1549 2771
1549 406 2771
2771 406 1549
734 2591 2687
2591 734 2687
2687 734 2591
1156 1778 2497
2497 1156 1778
1778 1156 2497
123 453 2090
2090 123 453
453 123 2090
1485 1984 2980
2980 1485 1984
1984 1485 2980
967 326 668
668 326 967
326 668 967
2601 339 1883
1883 339 2601
339 1883 2601
2293 740 1397
740 1397 2293
1397 740 2293
1433 552 2645
2645 552 1433
552 1433 2645
1357 22 2577
22 1357 2577
2577 22 1357
2216 374 2082
2082 374 2216
374 2082 2216
360 1219 2555
2555 360 1219
1219 360 2555
8 1747 1805
1805 8 1747
1747 8 1805
1514 674 2707
2707 674 1514
674 1514 2707
2846 1037 1442
1442 1037 2846
1037 1442 2846
1528 126 774
126 774 1528
774 126 1528
321 650 814
814 321 650
650 321 814
2438 2366 2748
2366 2438 2748
2748 2366 2438
39 470 2106
2106 39 470
470 39 2106
1818 1327 2410
1327 1818 2410
2410 1327 1818
370 26 1036
1036 26 370
26 370 1036
1093 358 1260
1260 358 1093
358 1093 1260
790 998 1146
998 790 1146
1146 790 998
1628 133 2266
133 1628 2266
2266 133 1628
1624 1901 2927
2927 1624 1901
1901 1624 2927
2893 1944 2977
1944 2893 2977
2977 1944 2893
1382 601 2133
601 1382 2133
2133 601 1382
2782 1537 1698
1698 1537 2782
1537 1698 2782
2688 458 2706
2706 458 2688
458 2688 2706
1591 110 2064
110 1591 2064
2064 110 1591
1666 937 2554
937 1666 2554
2554 937 1666
950 2372 2900
2372 950 2900
2900 950 2372
771 1776 1856
1856 771 1776
1776 771 1856
1235 893 1570
1570 893 1235
893 1235 1570
1679 1340 2575
2575 1340 1679
1340 1679 2575
2142 879 980
980 879 2142
879 980 2142
834 2449 2494
2449 834 2494
2494 834 2449
1269 743 1563
743 1269 1563
1563 743 1269
683 512 606
606 512 683
512 606 683
848 894 2860
2860 848 894
894 848 2860
2701 107 2230
2230 107 2701
107 2230 2701
583 269 2550
269 583 2550
2550 269 583
1579 170 2495
170 1579 2495
2495 170 1579
618 449 1847
1847 449 618
449 618 1847
1977 603 1085
1085 603 1977
603 1085 1977
2703 2799 2820
2820 2703 2799
2799 2703 2820
265 615 2896
615 265 2896
2896 265 615
2870 489 2376
489 2376 2870
2376 489 2870
1686 78 2159
78 1686 2159
2159 78 1686
2796 267 1418
1418 267 2796
267 1418 2796
1203 822 1826
1826 822 1203
822 1203 1826
1324 1783 1792
1792 1324 1783
1783 1324 1792
2737 310 1950
1950 310 2737
310 1950 2737
2841 1297 2551
1297 2551 2841
2551 1297 2841
996 523 1159
1159 523 996
523 996 1159
1308 2068 2277
2068 1308 2277
2277 1308 2068
1197 2730 2899
2899 1197 2730
2730 1197 2899
1809 620 2754
2754 620 1809
620 1809 2754
2125 194 942
194 942 2125
942 194 2125
2337 1100 1309
1309 1100 2337
1100 1309 2337
1387 43 913
43 913 1387
913 43 1387
46 535 766
766 46 535
535 46 766
1221 644 817
644 817 1221
817 644 1221
2848 359 2290
359 2290 2848
2290 359 2848
505 1228 1320
1228 505 1320
1320 505 1228
1889 652 1871
1871 652 1889
652 1871 1889
2956 623 2452
2452 623 2956
623 2452 2956
1272 49 1341
49 1272 1341
1341 49 1272
1161 561 1333
561 1161 1333
1333 561 1161
1956 905 1117
1117 905 1956
905 1117 1956
2861 645 1522
1522 645 2861
645 1522 2861
1358 955 1819
955 1358 1819
1819 955 1358
1024 789 1744
789 1024 1744
1744 789 1024
2667 2345 2787
2787 2345 2667
2345 2667 2787
1918 1132 1163
1132 1163 1918
1163 1132 1918
249 1787 2741
1787 249 2741
2741 249 1787
1840 1797 1861
1861 1797 1840
1797 1840 1861
2903 553 1179
1179 553 2903
553 1179 2903
2499 1596 2918
1596 2499 2918
2918 1596 2499
2672 338 1440
1440 338 2672
338 1440 2672
782 18 1807
18 782 1807
1807 18 782
502 325 2474
2474 325 502
325 502 2474
2103 557 1145
1145 557 2103
557 1145 2103
1350 2007 2197
2007 1350 2197
2197 1350 2007
685 960 2986
960 685 2986
2986 685 960
2524 1201 1712
1712 1201 2524
1201 1712 2524
2593 120 2981
120 2593 2981
2981 120 2593
1239 477 2203
2203 477 1239
477 1239 2203
1015 745 2496
2496 745 1015
745 1015 2496
757 1126 2821
2821 757 1126
1126 757 2821
275 1142 1231
1231 275 1142
1142 275 1231
1304 91 2025
2025 91 1304
91 1304 2025
2763 1518 1764
1518 1764 2763
1764 1518 2763
478 559 2604
2604 478 559
559 478 2604
898 2334 2649
2649 898 2334
2334 898 2649
2050 347 2824
2824 347 2050
347 2050 2824
2420 909 2652
909 2420 2652
2652 909 2420
10 281 1058
281 10 1058
1058 10 281
1723 129 679
129 679 1723
679 129 1723
295 1080 2105
2105 295 1080
1080 295 2105
556 775 1957
1957 556 775
775 556 1957
1509 678 1415
678 1415 1509
1415 678 1509
93 460 1730
1730 93 460
460 93 1730
648 1562 1949
1949 648 1562
1562 648 1949
2089 629 1073
629 1073 2089
1073 629 2089
2979 431 2484
431 2484 2979
2484 431 2979
1583 531 2552
2552 531 1583
531 1583 2552
2190 1307 1623
1623 1307 2190
1307 1623 2190
2898 471 2766
471 2766 2898
2766 471 2898
945 2517 2602
2602 945 2517
2517 945 2602
2800 580 2527
2527 580 2800
580 2527 2800
2676 1214 1353
1353 1214 2676
1214 1353 2676
2012 803 2872
2872 803 2012
803 2012 2872
2223 506 2788
506 2223 2788
2788 506 2223
2549 76 2733
2733 76 2549
76 2549 2733
2875 443 715
443 715 2875
715 443 2875
230 2134 2281
2281 230 2134
2134 230 2281
1704 75 2935
75 1704 2935
2935 75 1704
755 2002 2040
2040 755 2002
2002 755 2040
2375 769 2814
2814 769 2375
769 2375 2814
1915 56 749
749 56 1915
56 749 1915
101 1567 2866
1567 101 2866
2866 101 1567
1575 874 2713
874 1575 2713
2713 874 1575
2834 354 1255
354 1255 2834
1255 354 2834
1531 262 2612
2612 262 1531
262 1531 2612
2441 1016 2781
2781 1016 2441
1016 2441 2781
1972 384 1808
1808 384 1972
384 1808 1972
1604 808 1736
1736 808 1604
808 1604 1736
896 824 2873
2873 824 896
824 896 2873
1622 1107 1152
1107 1152 1622
1152 1107 1622
1561 1700 2915
1700 1561 2915
2915 1561 1700
1872 941 2267
2267 941 1872
941 1872 2267
29 241 1168
241 29 1168
1168 29 241
1128 1885 2937
2937 1128 1885
1885 1128 2937
2857 2166 2548
2548 2166 2857
2166 2548 2857
409 1725 2553
1725 409 2553
2553 409 1725
2775 2536 2864
2864 2536 2775
2536 2775 2864
1848 589 1354
589 1354 1848
1354 589 1848
919 1691 2213
1691 919 2213
2213 919 1691
2992 2085 2827
2085 2827 2992
2827 2085 2992
293 147 2273
2273 147 293
147 293 2273
1200 11 813
11 813 1200
813 11 1200
1066 1389 1477
1477 1066 1389
1389 1066 1477
2079 418 1291
418 1291 2079
1291 418 2079
25 1053 2076
1053 25 2076
2076 25 1053
1183 711 995
711 995 1183
995 711 1183
1697 1395 2217
2217 1395 1697
1395 1697 2217
739 1224 2368
1224 739 2368
2368 739 1224
1618 1943 2377
1943 1618 2377
2377 1618 1943
2984 1047 2912
1047 2912 2984
2912 1047 2984
2801 16 2459
2459 16 2801
16 2459 2801
1815 2785 2919
2919 1815 2785
2785 1815 2919
692 741 2080
741 692 2080
2080 692 741
899 250 992
992 250 899
250 899 992
1923 979 2802
2802 979 1923
979 1923 2802
2968 642 1585
642 1585 2968
1585 642 2968
1192 1104 1862
1104 1192 1862
1862 1104 1192
1790 938 977
938 977 1790
977 938 1790
422 206 1400
1400 206 422
206 422 1400
1448 1602 2477
1602 1448 2477
2477 1448 1602
1494 543 2296
2296 543 1494
543 1494 2296
1933 48 2878
48 1933 2878
2878 48 1933
2303 1424 2928
2928 1424 2303
1424 2303 2928
907 277 1988
1988 277 907
277 907 1988
2406 846 1791
1791 846 2406
846 1791 2406
7 81 2853
2853 7 81
81 7 2853
2974 904 2309
904 2309 2974
2309 904 2974
1147 104 1555
1555 104 1147
104 1147 1555
1218 118 263
263 118 1218
118 263 1218
2271 1913 1991
1991 1913 2271
1913 1991 2271
2278 1001 2298
1001 2278 2298
2298 1001 2278
2757 630 1571
630 1571 2757
1571 630 2757
2917 191 658
658 191 2917
191 658 2917
2643 2029 2153
2153 2029 2643
2029 2153 2643
1386 372 2430
372 1386 2430
2430 372 1386
1611 718 1248
718 1248 1611
1248 718 1611
1372 871 1529
1529 871 1372
871 1372 1529
2488 981 1638
981 1638 2488
1638 981 2488
38 1708 2379
1708 38 2379
2379 38 1708
1130 377 1288
377 1130 1288
1288 377 1130
1729 1851 2283
1851 1729 2283
2283 1729 1851
1134 1998 2304
1998 1134 2304
2304 1134 1998
1874 116 2586
2586 116 1874
116 1874 2586
2764 146 1556
146 1556 2764
1556 146 2764
2712 457 2622
2622 457 2712
457 2622 2712
1648 689 1230
689 1230 1648
1230 689 1648
1238 161 2350
161 1238 2350
2350 161 1238
2092 2836 2932
2836 2092 2932
2932 2092 2836
1328 594 1067
1067 594 1328
594 1067 1328
712 73 564
564 73 712
73 564 712
1603 661 1186
661 1186 1603
1186 661 1603
2833 398 2714
2714 398 2833
398 2714 2833
1177 1469 1690
1690 1177 1469
1469 1177 1690
175 515 2417
2417 175 515
515 175 2417
517 1401 2369
1401 517 2369
2369 517 1401
2544 2638 2815
2815 2544 2638
2638 2544 2815
442 600 2073
600 442 2073
2073 442 600
1761 1103 2674
1103 1761 2674
2674 1103 1761
2768 21 2623
2623 21 2768
21 2623 2768
1610 459 1634
1634 459 1610
459 1610 1634
2383 695 1516
1516 695 2383
695 1516 2383
282 313 1967
313 282 1967
1967 282 313
2721 1470 2641
1470 2641 2721
2641 1470 2721
2808 164 2328
2328 164 2808
164 2328 2808
2773 2140 2569
2569 2140 2773
2140 2569 2773
1584 2506 2971
2506 1584 2971
2971 1584 2506
883 412 1139
412 883 1139
1139 412 883
748 99 706
706 99 748
99 706 748
1096 70 151
151 70 1096
70 151 1096
2560 662 832
662 832 2560
832 662 2560
467 145 257
145 257 467
257 145 467
259 1905 2522
2522 259 1905
1905 259 2522
788 1279 2922
2922 788 1279
1279 788 2922
665 690 2885
2885 665 690
690 665 2885
605 1711 2751
2751 605 1711
1711 605 2751
2727 621 707
707 621 2727
621 707 2727
499 1917 2784
1917 499 2784
2784 499 1917
2226 1936 2440
2440 1936 2226
1936 2226 2440
74 1083 2086
2086 74 1083
1083 74 2086
1703 1551 2812
1551 1703 2812
2812 1551 1703
1566 375 710
375 710 1566
710 375 1566
1075 84 2913
2913 84 1075
84 1075 2913
1780 337 1351
337 1351 1780
1351 337 1780
261 1109 1301
1109 261 1301
1301 261 1109
821 562 1647
562 821 1647
1647 562 821
1062 888 2032
888 1062 2032
2032 888 1062
2983 1677 1758
1677 1758 2983
1758 1677 2983
2252 1286 2061
1286 2061 2252
2061 1286 2252
2570 2480 2715
2480 2570 2715
2715 2480 2570
1002 301 2152
301 1002 2152
2152 301 1002
843 921 2212
2212 843 921
921 843 2212
1471 1597 2005
2005 1471 1597
1597 1471 2005
2813 2163 2972
2163 2813 2972
2972 2163 2813
1241 476 1896
1896 476 1241
476 1241 1896
1237 641 2851
641 1237 2851
2851 641 1237
619 828 2353
828 619 2353
2353 619 828
2699 627 1346
1346 627 2699
627 1346 2699
1629 964 1687
1687 964 1629
964 1629 1687
1144 1445 2305
2305 1144 1445
1445 1144 2305
468 352 926
926 352 468
352 468 926
1888 2054 2865
2865 1888 2054
2054 1888 2865
1836 664 1293
1293 664 1836
664 1293 1836
1027 1033 2330
1033 1027 2330
2330 1027 1033
2538 1039 1843
1039 1843 2538
1843 1039 2538
2399 534 1329
534 1329 2399
1329 534 2399
200 1670 2275
1670 200 2275
2275 200 1670
2594 2287 2867
2867 2287 2594
2287 2594 2867
188 585 2599
2599 188 585
585 188 2599
1721 1170 2794
2794 1170 1721
1170 1721 2794
1614 456 962
962 456 1614
456 962 1614
2149 369 672
369 672 2149
672 369 2149
2004 312 730
312 730 2004
730 312 2004
1437 1226 2964
1226 1437 2964
2964 1226 1437
2636 857 1359
1359 857 2636
857 1359 2636
2464 548 2043
548 2043 2464
2043 548 2464
1014 772 1089
772 1014 1089
1089 772 1014
2777 726 2518
726 2518 2777
2518 726 2777
1779 1432 2531
2531 1432 1779
1432 1779 2531
2009 294 791
791 294 2009
294 791 2009
2067 1404 2039
1404 2039 2067
2039 1404 2067
2037 579 698
698 579 2037
579 698 2037
2077 490 2466
2466 490 2077
490 2077 2466
2010 251 778
251 778 2010
778 251 2010
2938 1164 2997
1164 2938 2997
2997 1164 2938
1553 1753 2385
1753 1553 2385
2385 1553 1753
185 1894 2199
1894 185 2199
2199 185 1894
197 526 997
997 197 526
526 197 997
536 1997 2926
1997 536 2926
2926 536 1997
1022 1031 1945
1945 1022 1031
1031 1022 1945
845 886 1627
1627 845 886
886 845 1627
768 670 2323
670 768 2323
2323 670 768
2608 856 1979
856 1979 2608
1979 856 2608
1834 677 2164
677 1834 2164
2164 677 1834
2684 836 2682
836 2682 2684
2682 836 2684
2511 1140 2702
1140 2511 2702
2702 1140 2511
986 335 1148
335 986 1148
1148 335 986
2825 2736 2854
2854 2736 2825
2736 2825 2854
2778 504 1190
1190 504 2778
504 1190 2778
2113 1724 2431
1724 2113 2431
2431 1724 2113
364 849 2955
849 364 2955
2955 364 849
60 949 2916
949 60 2916
2916 60 949
2208 429 1921
429 1921 2208
1921 429 2208
959 72 2809
2809 72 959
72 959 2809
1364 952 1683
1683 952 1364
952 1364 1683
2123 550 2108
2108 550 2123
550 2108 2123
58 870 1587
1587 58 870
870 58 1587
2726 784 1519
784 1519 2726
1519 784 2726
1802 3 1975
3 1802 1975
1975 3 1802
302 2532 2792
2792 302 2532
2532 302 2792
334 912 1439
912 334 1439
1439 334 912
2546 1832 2465
2465 1832 2546
1832 2465 2546
125 414 2907
414 125 2907
2907 125 414
2101 1127 1728
1728 1127 2101
1127 1728 2101
1427 1593 2695
1593 1427 2695
2695 1427 1593
2949 1009 2587
2587 1009 2949
1009 2587 2949
842 1897 2342
1897 842 2342
2342 842 1897
1754 2631 2965
2631 1754 2965
2965 1754 2631
617 2006 2434
2434 617 2006
2006 617 2434
69 929 1108
1108 69 929
929 69 1108
963 994 2265
994 963 2265
2265 963 994
844 340 864
864 340 844
340 844 864
138 852 2596
2596 138 852
852 138 2596
181 610 1951
1951 181 610
610 181 1951
2059 1707 2139
2139 1707 2059
1707 2059 2139
1735 1964 2700
2700 1735 1964
1964 1735 2700
198 1631 1643
1631 198 1643
1643 198 1631
1746 176 624
624 176 1746
176 624 1746
687 928 1406
928 687 1406
1406 687 928
1701 153 1499
153 1499 1701
1499 153 1701
79 773 1263
773 79 1263
1263 79 773
314 1250 2227
2227 314 1250
1250 314 2227
2677 227 2423
227 2423 2677
2423 227 2677
1940 646 1026
646 1026 1940
1026 646 1940
2468 1060 2530
2530 1060 2468
1060 2468 2530
1282 1411 1436
1436 1282 1411
1411 1282 1436
2828 36 1342
36 1342 2828
1342 36 2828
2044 1487 2444
2444 1487 2044
1487 2044 2444
944 1900 2094
1900 944 2094
2094 944 1900
355 1759 2678
2678 355 1759
1759 355 2678
1985 33 2592
33 1985 2592
2592 33 1985
1097 754 1948
754 1097 1948
1948 754 1097
1938 144 804
144 804 1938
804 144 1938
1775 1138 1804
1804 1138 1775
1138 1775 1804
1362 599 1823
599 1362 1823
1823 599 1362
86 2060 2413
2060 86 2413
2413 86 2060
1965 255 1722
1722 255 1965
255 1722 1965
350 1640 1665
1640 350 1665
1665 350 1640
2563 1450 1681
1681 1450 2563
1450 1681 2563
2942 1733 2876
1733 2876 2942
2876 1733 2942
1929 1709 2469
1709 1929 2469
2469 1709 1929
2750 229 1635
229 1635 2750
1635 229 2750
2324 830 2096
830 2096 2324
2096 830 2324
2450 584 1594
584 1594 2450
1594 584 2450
41 742 2236
2236 41 742
742 41 2236
2564 654 1151
1151 654 2564
654 1151 2564
2051 108 1326
1326 108 2051
108 1326 2051
1973 329 827
827 329 1973
329 827 1973
1283 31 914
31 914 1283
914 31 1283
884 1018 2859
2859 884 1018
1018 884 2859
915 2185 2798
2185 915 2798
2798 915 2185
2184 448 1281
448 1281 2184
1281 448 2184
55 713 2543
2543 55 713
713 55 2543
2028 1334 2389
1334 2028 2389
2389 1334 2028
2621 862 2301
862 2301 2621
2301 862 2621
1181 761 2817
2817 761 1181
761 1181 2817
1875 1040 2732
1040 1875 2732
2732 1040 1875
1750 1590 2093
1590 1750 2093
2093 1590 1750
290 1726 1773
1726 290 1773
1773 290 1726
2661 1534 2869
1534 2661 2869
2869 1534 2661
746 2084 2948
2084 746 2948
2948 746 2084
2709 735 1278
1278 735 2709
735 1278 2709
731 2143 2694
2694 731 2143
2143 731 2694
2 28 497
28 2 497
497 2 28
1121 1573 2286
1573 1121 2286
2286 1121 1573
1074 1673 2906
1673 1074 2906
2906 1074 1673
1996 1501 1713
1501 1713 1996
1713 1501 1996
2683 1782 2205
1782 2205 2683
2205 1782 2683
2540 1373 2445
1373 2445 2540
2445 1373 2540
2049 102 1756
1756 102 2049
102 1756 2049
1155 2386 2419
2419 1155 2386
2386 1155 2419
2102 1244 2523
2523 1244 2102
1244 2102 2523
2174 1751 2289
1751 2174 2289
2289 1751 2174
930 1271 2819
2819 930 1271
1271 930 2819
2941 1838 2635
1838 2635 2941
2635 1838 2941
1963 1379 2571
1379 1963 2571
2571 1379 1963
1806 1251 2976
1251 1806 2976
2976 1251 1806
1798 924 2894
924 1798 2894
2894 924 1798
2958 1348 2126
2126 1348 2958
1348 2126 2958
1310 1355 1887
1887 1310 1355
1355 1310 1887
1941 932 1316
1316 932 1941
932 1316 1941
825 1061 2270
1061 825 2270
2270 825 1061
1946 155 2657
2657 155 1946
155 1946 2657
1877 2479 2852
2852 1877 2479
2479 1877 2852
1644 680 1995
680 1644 1995
1995 680 1644
965 114 1912
114 965 1912
1912 114 965
855 1892 1968
1892 855 1968
1968 855 1892
558 1464 1505
1505 558 1464
1464 558 1505
2225 2259 2774
2259 2225 2774
2774 2225 2259
1939 1419 2013
1419 1939 2013
2013 1419 1939
1371 2116 2611
2116 1371 2611
2611 1371 2116
438 421 1829
421 438 1829
1829 421 438
819 1292 2786
2786 819 1292
1292 819 2786
2177 2519 2740
2519 2177 2740
2740 2177 2519
2321 1092 2883
2883 1092 2321
1092 2321 2883
2083 2719 2845
2719 2083 2845
2845 2083 2719
1303 215 2248
215 1303 2248
2248 215 1303
2119 1391 2008
1391 2008 2119
2008 1391 2119
860 1765 2776
2776 860 1765
1765 860 2776
1079 466 1959
1959 466 1079
466 1079 1959
910 264 765
264 765 910
765 264 910
2001 854 1508
1508 854 2001
854 1508 2001
2704 1668 1835
1835 1668 2704
1668 1835 2704
722 1524 2387
1524 722 2387
2387 722 1524
220 1035 1762
1762 220 1035
1035 220 1762
1615 285 1360
1360 285 1615
285 1360 1615
1460 693 1038
1038 693 1460
693 1038 1460
1907 1050 1368
1368 1050 1907
1050 1368 1907
2315 404 2581
404 2315 2581
2581 404 2315
1617 239 1294
239 1294 1617
1294 239 1617
1954 2473 2640
2473 1954 2640
2640 1954 2473
2832 876 2961
2961 876 2832
876 2832 2961
2516 1063 1322
1322 1063 2516
1063 1322 2516
1452 911 1017
1017 911 1452
911 1017 1452
2427 2141 2393
2393 2141 2427
2141 2393 2427
1213 47 2145
2145 47 1213
47 1213 2145
2352 187 1187
187 1187 2352
1187 187 2352
1029 1317 2380
1317 1029 2380
2380 1029 1317
2975 1987 2214
2214 1987 2975
1987 2214 2975
2439 1525 2014
2014 1525 2439
1525 2014 2439
2642 889 2588
889 2588 2642
2588 889 2642
2843 750 1539
750 1539 2843
1539 750 2843
982 1101 2747
1101 982 2747
2747 982 1101
635 2403 2437
2403 635 2437
2437 635 2403
439 396 1275
1275 396 439
396 439 1275
2373 2505 2633
2633 2373 2505
2505 2373 2633
2100 859 2201
2201 859 2100
859 2100 2201
1374 208 2319
2319 208 1374
208 1374 2319
245 705 2902
705 245 2902
2902 245 705
1696 702 1742
1742 702 1696
702 1696 1742
2568 568 1102
568 1102 2568
1102 568 2568
1259 127 2023
2023 127 1259
127 1259 2023
236 90 2881
2881 90 236
90 236 2881
867 2222 2573
2222 867 2573
2573 867 2222
2129 1084 2541
2541 1084 2129
1084 2129 2541
1384 1517 2269
1517 1384 2269
2269 1384 1517
1120 1175 2686
2686 1120 1175
1175 1120 2686
1380 450 2128
2128 450 1380
450 1380 2128
861 1789 2075
1789 861 2075
2075 861 1789
2455 2467 2590
2467 2455 2590
2590 2455 2467
407 2022 2472
2022 407 2472
2472 407 2022
2355 1667 2947
1667 2355 2947
2947 1667 2355
2193 2000 2655
2000 2193 2655
2655 2000 2193
346 1065 2743
2743 346 1065
1065 346 2743
428 957 1732
957 428 1732
1732 428 957
204 811 2202
2202 204 811
811 204 2202
2130 1479 2394
1479 2130 2394
2394 1479 2130
2447 2346 2837
2346 2447 2837
2837 2346 2447
2175 216 1475
216 1475 2175
1475 216 2175
2950 1582 2109
1582 2109 2950
2109 1582 2950
2877 1538 2127
1538 2127 2877
2127 1538 2877
1051 1645 1694
1645 1051 1694
1694 1051 1645
2055 604 1122
1122 604 2055
604 1122 2055
947 51 2156
2156 51 947
51 947 2156
482 1268 2192
2192 482 1268
1268 482 2192
2579 324 1204
1204 324 2579
324 1204 2579
1827 494 597
494 597 1827
597 494 1827
1043 1420 1457
1420 1043 1457
1457 1043 1420
2070 132 2953
2953 132 2070
132 2070 2953
1321 1388 2830
2830 1321 1388
1388 1321 2830
2168 2194 2844
2844 2168 2194
2194 2168 2844
2343 195 1225
195 1225 2343
1225 195 2343
2425 152 657
657 152 2425
152 657 2425
1657 1506 2433
2433 1506 1657
1506 1657 2433
1663 2224 2231
2231 1663 2224
2224 1663 2231
576 237 273
273 237 576
237 273 576
1069 507 1045
507 1045 1069
1045 507 1069
1577 841 1858
841 1577 1858
1858 841 1577
2753 317 2344
2344 317 2753
317 2344 2753
1305 935 2170
2170 935 1305
935 1305 2170
2405 762 839
762 839 2405
839 762 2405
3000 943 2189
2189 943 3000
943 2189 3000
990 2258 2626
2626 990 2258
2258 990 2626
2172 1523 1545
1545 1523 2172
1523 1545 2172
758 234 1675
234 758 1675
1675 234 758
1906 80 881
80 881 1906
881 80 1906
2395 432 1153
1153 432 2395
432 1153 2395
1468 2685 2795
2795 1468 2685
2685 1468 2795
2945 1112 2620
1112 2620 2945
2620 1112 2945
322 32 2660
2660 32 322
32 322 2660
671 100 1869
100 671 1869
1869 100 671
1049 797 2691
2691 797 1049
797 1049 2691
2363 1636 2331
2331 1636 2363
1636 2331 2363
2515 2402 2862
2402 2515 2862
2862 2402 2515
1870 64 1172
1172 64 1870
64 1172 1870
2078 242 1613
242 1613 2078
1613 242 2078
297 224 595
595 224 297
224 297 595
873 68 2062
68 873 2062
2062 68 873
2989 223 2583
2583 223 2989
223 2583 2989
1169 213 254
254 213 1169
213 254 1169
571 30 2317
30 571 2317
2317 30 571
2905 331 395
395 331 2905
331 395 2905
300 1637 2371
2371 300 1637
1637 300 2371
936 510 1620
1620 510 936
510 936 1620
602 865 2408
865 602 2408
2408 602 865
798 673 733
673 733 798
733 673 798
2219 303 835
835 303 2219
303 835 2219
1008 156 256
256 156 1008
156 256 1008
1463 413 2243
413 1463 2243
2243 413 1463
40 892 2960
2960 40 892
892 40 2960
1375 1081 1859
1859 1081 1375
1081 1375 1859
1771 493 1705
493 1705 1771
1705 493 1771
999 1682 2081
1682 999 2081
2081 999 1682
948 1467 1763
1467 948 1763
1763 948 1467
2789 35 2668
35 2668 2789
2668 35 2789
479 202 1111
1111 202 479
202 479 1111
1552 498 1633
1633 498 1552
498 1552 1633
554 1046 1653
1653 554 1046
1046 554 1653
454 1569 2220
1569 454 2220
2220 454 1569
2057 473 2966
2966 473 2057
473 2057 2966
951 902 2048
902 951 2048
2048 902 951
1699 341 596
596 341 1699
341 596 1699
1839 634 1430
634 1430 1839
1430 634 1839
868 751 1483
751 868 1483
1483 751 868
2382 1431 1734
1431 1734 2382
1734 1431 2382
