1097 1734 1745
1734 1097 1745
1745 1097 1734
1493 1297 2264
2264 1297 1493
1297 1493 2264
2204 154 1816
1816 154 2204
154 1816 2204
1418 1721 2644
1721 1418 2644
2644 1418 1721
130 2205 2603
2603 130 2205
2205 130 2603
1512 538 2426
538 1512 2426
2426 538 1512
2258 1779 2010
1779 2010 2258
2010 1779 2258
2487 275 2238
2238 275 2487
275 2238 2487
1954 1499 2946
2946 1499 1954
1499 1954 2946
2606 2203 2681
2203 2606 2681
2681 2203 2606
1488 46 2414
2414 46 1488
46 1488 2414
728 589 872
589 728 872
872 589 728
332 2058 2356
2058 332 2356
2356 332 2058
812 1660 2933
1660 812 2933
2933 812 1660
202 1120 2112
1120 202 2112
2112 202 1120
306 2579 2920
2920 306 2579
2579 306 2920
368 1429 2257
1429 368 2257
2257 368 1429
70 48 978
978 48 70
48 70 978
507 1880 2614
2614 507 1880
1880 507 2614
404 61 815
815 61 404
61 404 815
1798 2169 2250
2169 1798 2250
2250 1798 2169
904 24 657
24 657 904
657 24 904
625 10 1183
1183 10 625
10 625 1183
1190 1285 2260
1285 1190 2260
2260 1190 1285
1897 552 2810
2810 552 1897
552 1897 2810
2898 509 2918
509 2898 2918
2918 509 2898
2437 1650 2248
2248 1650 2437
1650 2248 2437
644 2337 2696
2696 644 2337
2337 644 2696
1611 454 1563
1563 454 1611
454 1563 1611
1305 804 1777
1777 804 1305
804 1305 1777
2207 390 1497
390 1497 2207
1497 390 2207
1202 992 1990
1990 992 1202
992 1202 1990
2896 803 818
818 803 2896
803 818 2896
2791 866 2919
2919 866 2791
866 2791 2919
1116 679 2141
2141 679 1116
679 1116 2141
1946 1320 2256
1320 1946 2256
2256 1320 1946
489 673 2821
673 489 2821
2821 489 673
1506 654 1987
1987 654 1506
654 1506 1987
2600 420 1393
420 1393 2600
1393 420 2600
2533 841 956
841 956 2533
956 841 2533
2156 551 2180
551 2156 2180
2180 551 2156
71 1260 1876
1876 71 1260
1260 71 1876
1939 767 2959
767 1939 2959
2959 767 1939
389 683 2083
2083 389 683
683 389 2083
611 1783 2718
1783 611 2718
2718 611 1783
234 1252 1810
1810 234 1252
1252 234 1810
2515 140 984
140 984 2515
984 140 2515
600 499 2290
2290 499 600
499 600 2290
1351 455 2704
2704 455 1351
455 1351 2704
2747 874 1542
874 1542 2747
1542 874 2747
2665 1451 2033
1451 2033 2665
2033 1451 2665
1566 2449 2544
2544 1566 2449
2449 1566 2544
2209 159 2018
159 2018 2209
2018 159 2209
1354 488 1096
488 1096 1354
1096 488 1354
2121 72 2750
72 2121 2750
2750 72 2121
617 313 2023
313 617 2023
2023 313 617
2361 1868 1888
1868 1888 2361
1888 1868 2361
285 486 1380
1380 285 486
486 285 1380
1703 1902 2895
2895 1703 1902
1902 1703 2895
2255 838 867
867 838 2255
838 867 2255
1606 2367 2647
2647 1606 2367
2367 1606 2647
1741 522 2309
2309 522 1741
522 1741 2309
1694 1226 2136
2136 1226 1694
1226 1694 2136
327 435 901
435 327 901
901 327 435
1899 342 2560
2560 342 1899
342 1899 2560
2858 519 2662
2662 519 2858
519 2662 2858
857 122 2667
2667 122 857
122 857 2667
963 254 674
674 254 963
254 674 963
2787 622 1883
622 1883 2787
1883 622 2787
147 478 2303
478 147 2303
2303 147 478
1277 920 1574
920 1277 1574
1574 920 1277
30 2599 2889
2889 30 2599
2599 30 2889
1170 756 1834
1834 756 1170
756 1170 1834
1069 341 1861
1861 341 1069
341 1069 1861
1933 1141 1291
1291 1141 1933
1141 1291 1933
2720 593 1108
1108 593 2720
593 1108 2720
307 205 2617
205 307 2617
2617 205 307
1767 132 1667
132 1667 1767
1667 132 1767
1941 1070 1728
1728 1070 1941
1070 1728 1941
871 384 2844
384 871 2844
2844 384 871
2531 2491 2526
2526 2491 2531
2491 2526 2531
821 667 1084
667 821 1084
1084 667 821
31 165 1248
165 31 1248
1248 31 165
2773 1560 1822
1822 1560 2773
1560 1822 2773
1245 1091 2106
2106 1091 1245
1091 1245 2106
1308 81 1009
81 1009 1308
1009 81 1308
1993 987 2999
987 1993 2999
2999 987 1993
1215 87 1112
1112 87 1215
87 1112 1215
367 1652 2795
1652 367 2795
2795 367 1652
2004 697 2483
697 2004 2483
2483 697 2004
716 1287 2545
1287 716 2545
2545 716 1287
76 2292 2358
2292 76 2358
2358 76 2292
1872 1266 2151
1266 1872 2151
2151 1266 1872
1706 1056 1932
1932 1056 1706
1056 1706 1932
614 1281 2216
2216 614 1281
1281 614 2216
2409 1214 1931
1214 1931 2409
1931 1214 2409
743 733 1844
1844 733 743
733 743 1844
712 1469 1556
1556 712 1469
1469 712 1556
2532 15 1823
1823 15 2532
15 1823 2532
1900 935 1821
1821 935 1900
935 1821 1900
1956 1106 2906
2906 1106 1956
1106 1956 2906
2540 411 2639
411 2540 2639
2639 411 2540
1105 1833 2417
2417 1105 1833
1833 1105 2417
2005 496 2369
2369 496 2005
496 2005 2369
1365 2234 2559
2234 1365 2559
2559 1365 2234
1593 768 1521
768 1521 1593
1521 768 1593
308 1503 2324
1503 308 2324
2324 308 1503
1344 227 1847
1847 227 1344
227 1344 1847
1664 1582 1793
1793 1582 1664
1582 1664 1793
1313 645 754
645 754 1313
754 645 1313
1343 1671 2061
2061 1343 1671
1671 1343 2061
1881 62 1349
62 1349 1881
1349 62 1881
2598 647 2982
2982 647 2598
647 2598 2982
962 52 2758
52 962 2758
2758 52 962
2893 322 2469
2469 322 2893
322 2469 2893
2717 915 2801
2801 915 2717
915 2717 2801
2692 39 1909
39 1909 2692
1909 39 2692
403 742 2935
742 403 2935
2935 403 742
929 2186 2453
2453 929 2186
2186 929 2453
2621 1515 1976
1976 1515 2621
1515 1976 2621
1449 938 2270
2270 938 1449
938 1449 2270
466 319 2396
319 466 2396
2396 319 466
1942 1516 2514
2514 1516 1942
1516 1942 2514
1092 1338 1766
1766 1092 1338
1338 1092 1766
208 151 888
888 151 208
151 208 888
1916 1261 2956
2956 1261 1916
1261 1916 2956
1481 255 1627
255 1481 1627
1627 255 1481
1623 36 1818
36 1623 1818
1818 36 1623
878 414 2498
414 878 2498
2498 414 878
1982 848 1156
1156 848 1982
848 1156 1982
2433 2488 2738
2488 2433 2738
2738 2433 2488
2627 753 1969
1969 753 2627
753 1969 2627
249 41 885
885 41 249
41 249 885
432 985 1934
1934 432 985
985 432 1934
29 335 1024
335 29 1024
1024 29 335
2827 2424 2583
2583 2424 2827
2424 2583 2827
1737 6 2325
2325 6 1737
6 1737 2325
621 973 2465
2465 621 973
973 621 2465
1088 1929 2278
2278 1088 1929
1929 1088 2278
1483 392 2728
2728 392 1483
392 1483 2728
1200 2371 2882
2882 1200 2371
2371 1200 2882
78 998 1955
1955 78 998
998 78 1955
337 177 197
177 197 337
197 177 337
1852 520 2026
2026 520 1852
520 1852 2026
912 896 2288
2288 896 912
896 912 2288
468 1625 2320
2320 468 1625
1625 468 2320
699 532 2725
2725 532 699
532 699 2725
2349 2279 2556
2556 2279 2349
2279 2349 2556
1401 2226 2444
2444 1401 2226
2226 1401 2444
1715 686 2069
2069 686 1715
686 1715 2069
1548 2084 2631
2631 1548 2084
2084 1548 2631
1258 684 2635
684 1258 2635
2635 684 1258
2984 268 1229
1229 268 2984
268 1229 2984
19 1036 1300
1036 19 1300
1300 19 1036
1359 836 2042
2042 836 1359
836 1359 2042
2615 1055 2658
1055 2615 2658
2658 1055 2615
173 1165 1898
1165 173 1898
1898 173 1165
1377 983 1544
983 1377 1544
1544 983 1377
2297 365 422
365 422 2297
422 365 2297
2577 1018 1489
1489 1018 2577
1018 1489 2577
2146 1323 1382
1382 1323 2146
1323 1382 2146
2803 1921 2243
2243 1921 2803
1921 2243 2803
707 505 1466
505 707 1466
1466 505 707
2094 895 2500
895 2094 2500
2500 895 2094
2225 1192 2847
1192 2225 2847
2847 1192 2225
774 67 796
796 67 774
67 774 796
1238 168 2630
168 1238 2630
2630 168 1238
1134 1205 2430
2430 1134 1205
1205 1134 2430
734 1279 2506
1279 734 2506
2506 734 1279
776 429 510
510 429 776
429 510 776
2039 572 2966
2966 572 2039
572 2039 2966
1276 887 1369
887 1276 1369
1369 887 1276
160 251 2619
251 160 2619
2619 160 251
2150 826 1458
1458 826 2150
826 1458 2150
1716 1589 1607
1589 1607 1716
1607 1589 1716
694 2114 2983
2114 694 2983
2983 694 2114
2762 894 2807
2807 894 2762
894 2762 2807
553 714 2253
2253 553 714
714 553 2253
1569 149 483
149 483 1569
483 149 1569
1196 1536 2315
2315 1196 1536
1536 1196 2315
1989 145 1275
145 1275 1989
1275 145 1989
75 34 1240
34 75 1240
1240 34 75
1138 1111 2353
1111 1138 2353
2353 1111 1138
1273 518 2709
2709 518 1273
518 1273 2709
1332 2675 2917
2917 1332 2675
2675 1332 2917
2438 910 2910
910 2438 2910
2910 910 2438
1922 1011 1348
1011 1348 1922
1348 1011 1922
560 58 1618
1618 58 560
58 560 1618
2938 12 1143
12 1143 2938
1143 12 2938
1824 1322 1920
1920 1322 1824
1322 1824 1920
2227 1425 1846
1846 1425 2227
1425 1846 2227
2254 1207 1683
1207 1683 2254
1683 1207 2254
2188 858 2068
2068 858 2188
858 2068 2188
261 386 1675
386 261 1675
1675 261 386
1130 863 2550
2550 863 1130
863 1130 2550
2546 107 1804
1804 107 2546
107 1804 2546
1561 662 2138
662 1561 2138
2138 662 1561
1860 672 892
892 672 1860
672 892 1860
1527 800 2464
2464 800 1527
800 1527 2464
1621 564 1977
564 1621 1977
1977 564 1621
934 1005 1757
1005 934 1757
1757 934 1005
166 1710 2961
2961 166 1710
1710 166 2961
2231 930 1007
930 1007 2231
1007 930 2231
1412 772 1979
1979 772 1412
772 1412 1979
2197 972 2335
972 2197 2335
2335 972 2197
1583 1854 2060
2060 1583 1854
1854 1583 2060
718 1188 2740
1188 718 2740
2740 718 1188
2955 463 2107
2107 463 2955
463 2107 2955
958 353 1684
353 958 1684
1684 353 958
2715 471 2489
2489 471 2715
471 2489 2715
1022 185 1396
185 1022 1396
1396 185 1022
423 1223 2002
1223 423 2002
2002 423 1223
2671 244 1221
244 1221 2671
1221 244 2671
2374 745 2166
2166 745 2374
745 2166 2374
338 1078 1654
1078 338 1654
1654 338 1078
2565 2032 2869
2869 2032 2565
2032 2565 2869
1498 1358 1719
1719 1358 1498
1358 1498 1719
2845 634 975
975 634 2845
634 975 2845
2096 790 2482
790 2096 2482
2482 790 2096
1772 1293 1324
1324 1293 1772
1293 1324 1772
2591 1478 2062
1478 2062 2591
2062 1478 2591
2678 1869 1903
1903 1869 2678
1869 1903 2678
2690 675 1290
1290 675 2690
675 1290 2690
1840 210 830
210 830 1840
830 210 1840
2246 1033 1756
1756 1033 2246
1033 1756 2246
2047 592 1330
1330 592 2047
592 1330 2047
1086 359 638
638 359 1086
359 638 1086
708 1139 2979
2979 708 1139
1139 708 2979
2326 1347 2490
2490 1347 2326
1347 2326 2490
1017 1326 1762
1326 1017 1762
1762 1017 1326
381 1065 2504
2504 381 1065
1065 381 2504
2405 831 2683
2683 831 2405
831 2405 2683
693 1770 2711
1770 693 2711
2711 693 1770
2786 1502 1936
1502 1936 2786
1936 1502 2786
843 533 1435
533 843 1435
1435 533 843
2355 2259 2357
2357 2259 2355
2259 2355 2357
2707 1624 2701
2701 1624 2707
1624 2701 2707
5 57 2792
2792 5 57
57 5 2792
828 587 2178
587 828 2178
2178 587 828
1782 11 1699
1699 11 1782
11 1699 1782
2880 424 2029
424 2029 2880
2029 424 2880
2339 110 2348
2348 110 2339
110 2339 2348
1118 282 777
282 777 1118
777 282 1118
2089 1690 2582
1690 2089 2582
2582 1690 2089
1720 578 1216
578 1216 1720
1216 578 1720
131 1677 2873
1677 131 2873
2873 131 1677
2672 1021 1999
1021 1999 2672
1999 1021 2672
2174 501 1255
501 1255 2174
1255 501 2174
2299 155 2809
2809 155 2299
155 2299 2809
2528 1384 2642
1384 2528 2642
2642 1384 2528
2399 677 1743
1743 677 2399
677 1743 2399
1224 201 1376
201 1224 1376
1376 201 1224
2035 418 2457
2457 418 2035
418 2035 2457
2486 1666 2422
2422 1666 2486
1666 2422 2486
2830 1423 2722
1423 2722 2830
2722 1423 2830
759 2360 2761
2360 759 2761
2761 759 2360
2073 1329 2044
2044 1329 2073
1329 2044 2073
1831 1204 1272
1204 1272 1831
1272 1204 1831
2775 1558 1973
1558 1973 2775
1973 1558 2775
2963 1501 1603
1501 1603 2963
1603 1501 2963
374 1189 2172
1189 374 2172
2172 374 1189
55 312 1790
1790 55 312
312 55 1790
350 1362 2331
2331 350 1362
1362 350 2331
230 345 1836
345 230 1836
1836 230 345
737 1573 2783
2783 737 1573
1573 737 2783
1529 795 1161
1161 795 1529
795 1161 1529
554 294 2295
294 554 2295
2295 294 554
1071 1038 2921
1038 1071 2921
2921 1038 1071
311 456 2805
2805 311 456
456 311 2805
2063 407 911
407 911 2063
911 407 2063
246 378 2268
2268 246 378
378 246 2268
2265 53 1364
53 1364 2265
1364 53 2265
1125 1586 2475
1586 1125 2475
2475 1125 1586
1037 383 2190
383 1037 2190
2190 383 1037
739 1295 2874
1295 739 2874
2874 739 1295
1433 1160 1269
1269 1160 1433
1160 1269 1433
643 724 2534
724 643 2534
2534 643 724
2823 216 610
216 610 2823
610 216 2823
2731 485 1062
485 1062 2731
1062 485 2731
2451 2008 2306
2306 2008 2451
2008 2306 2451
2588 1470 2220
1470 2220 2588
2220 1470 2588
2884 2000 2870
2000 2870 2884
2870 2000 2884
2767 517 2557
517 2557 2767
2557 517 2767
827 660 748
748 660 827
660 748 827
1626 111 1878
1878 111 1626
111 1626 1878
1600 937 1485
1485 937 1600
937 1485 1600
2221 788 2951
2951 788 2221
788 2221 2951
2574 1386 2082
1386 2082 2574
2082 1386 2574
1319 977 1080
1080 977 1319
977 1080 1319
784 2239 2478
2239 784 2478
2478 784 2239
300 305 1995
1995 300 305
305 300 1995
2057 467 770
770 467 2057
467 770 2057
2677 778 1616
1616 778 2677
778 1616 2677
1525 591 2286
2286 591 1525
591 1525 2286
1662 1043 2450
2450 1043 1662
1043 1662 2450
1113 669 2471
669 1113 2471
2471 669 1113
1746 2283 2817
2283 1746 2817
2817 1746 2283
822 616 1597
1597 616 822
616 822 1597
2505 605 2887
605 2505 2887
2887 605 2505
400 1298 1657
1298 400 1657
1657 400 1298
633 326 546
546 326 633
326 546 633
2866 1614 1851
1851 1614 2866
1614 1851 2866
2855 1434 1896
1434 1896 2855
1896 1434 2855
2206 1725 2145
1725 2145 2206
2145 1725 2206
1885 4 348
4 348 1885
348 4 1885
245 993 2943
2943 245 993
993 245 2943
2211 372 2812
2812 372 2211
372 2211 2812
2780 2336 2585
2336 2585 2780
2585 2336 2780
597 710 1467
710 597 1467
1467 597 710
1492 1655 1891
1891 1492 1655
1655 1492 1891
2113 604 816
604 816 2113
816 604 2113
66 497 1981
497 66 1981
1981 66 497
2129 481 1923
481 1923 2129
1923 481 2129
2037 1383 1917
1383 1917 2037
1917 1383 2037
2466 334 1342
1342 334 2466
334 1342 2466
428 464 981
464 428 981
981 428 464
1409 808 976
808 976 1409
976 808 1409
2653 349 513
349 513 2653
513 349 2653
1169 729 952
952 729 1169
729 952 1169
1491 1453 2733
2733 1453 1491
1453 1491 2733
2596 1231 1724
1231 1724 2596
1724 1231 2596
2835 2796 2859
2796 2835 2859
2859 2796 2835
2215 542 1074
1074 542 2215
542 1074 2215
2908 666 1908
1908 666 2908
666 1908 2908
393 1441 1647
1441 393 1647
1647 393 1441
2397 947 2446
947 2397 2446
2446 947 2397
1826 798 2222
798 1826 2222
2222 798 1826
253 2091 2928
2091 253 2928
2928 253 2091
2192 1098 2753
2753 1098 2192
1098 2192 2753
170 1424 2986
1424 170 2986
2986 170 1424
2100 1052 2413
1052 2100 2413
2413 1052 2100
320 1039 2228
1039 320 2228
2228 320 1039
1050 267 506
267 506 1050
506 267 1050
1813 997 1082
997 1082 1813
1082 997 1813
974 1991 2080
1991 974 2080
2080 974 1991
779 433 2241
2241 433 779
433 779 2241
528 2020 2281
2281 528 2020
2020 528 2281
2046 890 2610
890 2046 2610
2610 890 2046
2316 99 1373
99 1373 2316
1373 99 2316
1390 761 1701
761 1390 1701
1701 761 1390
2879 946 1505
1505 946 2879
946 1505 2879
2217 676 1306
676 1306 2217
1306 676 2217
2140 303 2077
303 2077 2140
2077 303 2140
959 447 1646
447 959 1646
1646 447 959
2381 235 1095
1095 235 2381
235 1095 2381
229 535 1028
535 229 1028
1028 229 535
1538 2097 2340
2340 1538 2097
2097 1538 2340
360 49 584
49 360 584
584 49 360
286 397 2152
2152 286 397
397 286 2152
690 387 2054
2054 387 690
387 690 2054
2727 211 2765
2765 211 2727
211 2727 2765
1341 222 620
222 620 1341
620 222 1341
2070 999 2883
2883 999 2070
999 2070 2883
1927 1387 2317
1387 1927 2317
2317 1387 1927
83 1535 1874
1874 83 1535
1535 83 1874
2864 2142 2828
2828 2142 2864
2142 2828 2864
437 1129 2158
2158 437 1129
1129 437 2158
2123 287 2462
2462 287 2123
287 2123 2462
1968 141 2235
141 1968 2235
2235 141 1968
2808 1994 2888
1994 2808 2888
2888 1994 2808
1031 1635 1676
1635 1031 1676
1676 1031 1635
2990 406 2511
406 2511 2990
2511 406 2990
1930 1749 2124
2124 1749 1930
1749 1930 2124
2175 656 2474
2474 656 2175
656 2175 2474
1155 799 1602
1602 799 1155
799 1155 1602
2447 1691 2330
1691 2330 2447
2330 1691 2447
2520 340 2040
2040 340 2520
340 2040 2520
1256 599 1388
599 1256 1388
1388 599 1256
791 112 1201
1201 112 791
112 791 1201
1553 900 1935
900 1553 1935
1935 900 1553
2237 512 853
512 853 2237
853 512 2237
1407 297 650
297 650 1407
650 297 1407
103 195 462
195 103 462
462 103 195
2934 988 1121
1121 988 2934
988 1121 2934
1249 1213 1389
1213 1249 1389
1389 1213 1249
1705 1696 2666
1696 1705 2666
2666 1696 1705
1948 427 521
521 427 1948
427 521 1948
2365 144 2944
144 2365 2944
2944 144 2365
1622 851 876
876 851 1622
851 876 1622
1984 1918 2562
1918 1984 2562
2562 1918 1984
1166 864 2842
2842 864 1166
864 1166 2842
555 1959 2386
2386 555 1959
1959 555 2386
1713 1513 2144
1513 1713 2144
2144 1513 1713
2403 609 1436
1436 609 2403
609 1436 2403
214 1452 2170
1452 214 2170
2170 214 1452
215 550 2187
550 215 2187
2187 215 550
1799 2608 2645
2645 1799 2608
2608 1799 2645
1827 2179 2774
2774 1827 2179
2179 1827 2774
135 194 1405
1405 135 194
194 135 1405
596 128 413
413 128 596
128 413 596
2372 325 897
897 325 2372
325 897 2372
703 219 847
219 703 847
847 219 703
1687 114 1368
1368 114 1687
114 1368 1687
1008 2041 2232
2041 1008 2232
2232 1008 2041
1571 443 2407
443 1571 2407
2407 443 1571
883 23 932
932 23 883
23 883 932
1182 35 2423
2423 35 1182
35 1182 2423
2436 491 511
491 511 2436
511 491 2436
705 1299 2240
1299 705 2240
2240 705 1299
639 217 2224
217 639 2224
2224 217 639
2649 2164 2247
2247 2164 2649
2164 2247 2649
189 771 1219
771 189 1219
1219 189 771
1620 1736 1755
1736 1620 1755
1755 1620 1736
238 1890 2127
1890 238 2127
2127 238 1890
2688 692 1310
692 1310 2688
1310 692 2688
2962 738 1461
1461 738 2962
738 1461 2962
1940 786 2669
786 1940 2669
2669 786 1940
2359 680 1949
1949 680 2359
680 1949 2359
670 1819 2024
1819 670 2024
2024 670 1819
477 163 2929
2929 163 477
163 477 2929
475 886 2891
886 475 2891
2891 475 886
2925 731 1765
731 1765 2925
1765 731 2925
1778 990 2090
2090 990 1778
990 1778 2090
1875 290 2752
290 1875 2752
2752 290 1875
2905 472 2766
472 2766 2905
2766 472 2905
226 331 2402
2402 226 331
331 226 2402
2568 115 2623
115 2568 2623
2623 115 2568
2909 698 1839
1839 698 2909
698 1839 2909
603 293 1179
293 603 1179
1179 293 603
2212 77 1208
1208 77 2212
77 1208 2212
1225 1584 2788
2788 1225 1584
1584 1225 2788
266 558 1780
558 266 1780
1780 266 558
125 2377 2668
2377 125 2668
2668 125 2377
1455 2012 2028
2028 1455 2012
2012 1455 2028
64 480 1073
1073 64 480
480 64 1073
265 153 1863
1863 153 265
153 265 1863
2201 382 1791
382 1791 2201
1791 382 2201
1531 909 1962
1962 909 1531
909 1531 1962
232 1302 2014
2014 232 1302
1302 232 2014
436 1395 1722
1722 436 1395
1395 436 1722
2793 1914 2789
1914 2789 2793
2789 1914 2793
1251 1432 1789
1789 1251 1432
1432 1251 1789
2829 228 1629
228 1629 2829
1629 228 2829
1462 722 1142
1142 722 1462
722 1142 1462
1025 1457 1753
1457 1025 1753
1753 1025 1457
2868 1835 2117
1835 2117 2868
2117 1835 2868
2991 63 2834
63 2834 2991
2834 63 2991
939 2075 2953
2075 939 2953
2953 939 2075
2601 190 2509
190 2509 2601
2509 190 2601
2772 735 953
953 735 2772
735 953 2772
1785 277 741
277 741 1785
741 277 1785
401 1144 2867
2867 401 1144
1144 401 2867
1508 116 2064
2064 116 1508
116 1508 2064
2648 2272 2458
2272 2458 2648
2458 2272 2648
1605 376 2182
2182 376 1605
376 1605 2182
949 9 2244
9 949 2244
2244 9 949
369 156 960
960 156 369
156 369 960
1158 2523 2994
2523 1158 2994
2994 1158 2523
1592 498 2277
2277 498 1592
498 1592 2277
2507 563 2721
563 2507 2721
2721 563 2507
2524 813 2038
2038 813 2524
813 2038 2524
2770 1919 2098
2098 1919 2770
1919 2098 2770
2499 1460 2189
1460 2189 2499
2189 1460 2499
1857 1732 2790
2790 1732 1857
1732 1857 2790
598 2945 2950
2950 598 2945
2945 598 2950
1355 408 794
794 408 1355
408 794 1355
2702 623 1811
623 1811 2702
1811 623 2702
1910 1104 1980
1104 1910 1980
1980 1104 1910
1172 764 2652
764 1172 2652
2652 764 1172
1801 409 1659
1659 409 1801
409 1659 1801
1670 1371 1444
1371 1444 1670
1444 1371 1670
579 273 292
292 273 579
273 292 579
1867 100 2160
2160 100 1867
100 1867 2160
1003 1904 2419
1904 1003 2419
2419 1003 1904
2848 193 2441
2441 193 2848
193 2441 2848
2967 1591 2571
1591 2571 2967
2571 1591 2967
1122 2066 2373
2373 1122 2066
2066 1122 2373
2301 1374 1601
1601 1374 2301
1374 1601 2301
726 1957 2907
2907 726 1957
1957 726 2907
379 1176 2754
1176 379 2754
2754 379 1176
1316 321 2131
321 1316 2131
2131 321 1316
629 430 1046
430 629 1046
1046 430 629
529 594 678
594 529 678
678 529 594
839 1613 2620
2620 839 1613
1613 839 2620
304 2890 2960
2960 304 2890
2890 304 2960
2558 26 2529
26 2529 2558
2529 26 2558
725 995 2693
995 725 2693
2693 725 995
344 1280 2321
1280 344 2321
2321 344 1280
28 855 1718
855 28 1718
1718 28 855
2992 1035 1669
1035 1669 2992
1669 1035 2992
1257 309 2467
309 1257 2467
2467 309 1257
787 943 1253
1253 787 943
943 787 1253
247 917 1411
917 247 1411
1411 247 917
43 1171 1967
1171 43 1967
1967 43 1171
2105 92 2343
92 2105 2343
2343 92 2105
1410 351 844
844 351 1410
351 844 1410
2034 252 1439
252 1439 2034
1439 252 2034
1270 1651 2729
1651 1270 2729
2729 1270 1651
1378 1479 1509
1479 1378 1509
1509 1378 1479
1085 1727 2548
1727 1085 2548
2548 1085 1727
936 720 1882
1882 720 936
720 936 1882
20 1083 1426
1083 20 1426
1426 20 1083
2602 1081 1244
1081 1244 2602
1244 1081 2602
2856 138 1464
138 1464 2856
1464 138 2856
2748 1532 2484
2484 1532 2748
1532 2484 2748
373 2110 2363
2110 373 2363
2363 373 2110
612 18 2973
2973 18 612
18 612 2973
458 69 2155
69 458 2155
2155 69 458
819 1645 2154
1645 819 2154
2154 819 1645
2493 702 2512
2512 702 2493
702 2493 2512
1060 448 574
574 448 1060
448 574 1060
118 994 2195
994 118 2195
2195 118 994
2705 534 2682
534 2682 2705
2682 534 2705
133 239 1132
239 133 1132
1132 133 239
1870 2298 2305
2298 1870 2305
2305 1870 2298
1812 1534 2954
2954 1534 1812
1534 1812 2954
1438 1775 2171
2171 1438 1775
1775 1438 2171
1689 162 444
444 162 1689
162 444 1689
1312 405 613
405 613 1312
613 405 1312
1191 1203 1428
1203 1191 1428
1428 1191 1203
206 1114 2538
2538 206 1114
1114 206 2538
2400 1402 2629
1402 2400 2629
2629 1402 2400
1331 142 1579
142 1331 1579
1579 142 1331
2784 302 1500
1500 302 2784
302 1500 2784
1034 1151 1692
1692 1034 1151
1151 1034 1692
1041 913 1032
913 1032 1041
1032 913 1041
1550 508 2095
2095 508 1550
508 1550 2095
2978 357 2001
357 2001 2978
2001 357 2978
1848 97 2079
97 1848 2079
2079 97 1848
1565 2087 2502
2502 1565 2087
2087 1565 2502
1000 1595 1639
1595 1000 1639
1639 1000 1595
1304 1 1528
1 1304 1528
1528 1 1304
2388 250 573
573 250 2388
250 573 2388
329 630 1886
1886 329 630
630 329 1886
1414 1054 1708
1054 1414 1708
1708 1054 1414
2618 98 2756
2756 98 2618
98 2618 2756
1061 13 1375
13 1061 1375
1375 13 1061
903 90 2927
90 903 2927
2927 90 903
2383 2942 2971
2942 2383 2971
2971 2383 2942
658 717 2611
2611 658 717
717 658 2611
105 1199 2613
1199 105 2613
2613 105 1199
1787 1040 2101
2101 1040 1787
1040 1787 2101
1496 2886 2997
2997 1496 2886
2886 1496 2997
1674 451 2713
2713 451 1674
451 1674 2713
2015 868 2412
868 2015 2412
2412 868 2015
2936 543 1702
1702 543 2936
543 1702 2936
2208 1709 1769
1769 1709 2208
1709 1769 2208
1288 257 879
257 879 1288
879 257 1288
2734 825 1944
825 1944 2734
1944 825 2734
1733 581 2078
581 1733 2078
2078 581 1733
986 1926 2495
2495 986 1926
1926 986 2495
2300 1494 1887
1887 1494 2300
1494 1887 2300
928 241 1239
1239 241 928
241 928 1239
2016 1739 2542
2542 1739 2016
1739 2016 2542
832 74 1576
74 832 1576
1576 74 832
440 1604 2318
1604 440 2318
2318 440 1604
54 760 1379
1379 54 760
760 54 1379
1825 1952 2181
1952 1825 2181
2181 1825 1952
2513 1519 1668
1519 1668 2513
1668 1519 2513
2398 1889 2849
1889 2398 2849
2849 1889 2398
460 85 2276
85 460 2276
2276 85 460
2036 1012 1274
1274 1012 2036
1012 1274 2036
2007 315 902
315 902 2007
902 315 2007
2779 3 1175
3 1175 2779
1175 3 2779
635 1533 2236
2236 635 1533
1533 635 2236
2230 970 2694
2694 970 2230
970 2230 2694
2732 1317 2273
1317 2273 2732
2273 1317 2732
575 431 2137
2137 431 575
431 575 2137
1578 730 2376
730 1578 2376
2376 730 1578
2843 412 2643
412 2643 2843
2643 412 2843
2030 744 1738
744 1738 2030
1738 744 2030
2923 567 2135
567 2135 2923
2135 567 2923
2104 1963 2043
1963 2043 2104
2043 1963 2104
642 719 1381
719 642 1381
1381 642 719
2655 178 1895
1895 178 2655
178 1895 2655
8 204 1232
204 8 1232
1232 8 204
2624 17 1768
1768 17 2624
17 1768 2624
1334 1339 2865
2865 1334 1339
1339 1334 2865
434 898 2011
2011 434 898
898 434 2011
1892 1992 2494
2494 1892 1992
1992 1892 2494
1641 1549 1837
1549 1641 1837
1837 1549 1641
2345 324 1020
324 1020 2345
1020 324 2345
1447 184 781
184 781 1447
781 184 1447
1850 119 2536
2536 119 1850
119 1850 2536
2085 2271 2937
2271 2085 2937
2937 2085 2271
1194 1047 1704
1704 1047 1194
1047 1194 1704
2814 1781 2840
1781 2814 2840
2840 1781 2814
150 637 979
979 150 637
637 150 979
2455 1594 2354
1594 2354 2455
2354 1594 2455
343 1059 2485
1059 343 2485
2485 343 1059
747 1631 1774
1774 747 1631
1631 747 1774
2425 1731 2427
1731 2425 2427
2427 1731 2425
207 1698 1953
1698 207 1953
1953 207 1698
671 1150 2554
2554 671 1150
1150 671 2554
2223 696 1673
696 1673 2223
1673 696 2223
926 1788 1843
1843 926 1788
1788 926 1843
476 474 2481
474 476 2481
2481 474 476
889 487 846
487 846 889
846 487 889
2771 1103 2985
1103 2771 2985
2985 1103 2771
1884 1608 2609
2609 1608 1884
1608 1884 2609
514 221 2111
221 514 2111
2111 221 514
689 2157 2575
2157 689 2575
2575 689 2157
2341 908 2527
2527 908 2341
908 2341 2527
1391 1076 2553
1076 1391 2553
2553 1076 1391
2185 2389 2818
2389 2185 2818
2818 2185 2389
1370 2379 2988
2379 1370 2988
2988 1370 2379
1776 1427 1612
1612 1427 1776
1427 1612 1776
199 982 1243
982 199 1243
1243 199 982
1507 627 1997
1997 627 1507
627 1507 1997
2567 317 2480
317 2480 2567
2480 317 2567
1511 224 1109
1109 224 1511
224 1109 1511
2492 479 2594
2594 479 2492
479 2492 2594
2776 1417 1938
1938 1417 2776
1417 1938 2776
2352 2191 2957
2957 2191 2352
2191 2352 2957
2368 25 2213
25 2213 2368
2213 25 2368
1131 187 1318
187 1131 1318
1318 187 1131
1406 283 2965
283 1406 2965
2965 283 1406
284 923 1672
1672 284 923
923 284 1672
2242 954 1695
954 1695 2242
1695 954 2242
1947 264 713
713 264 1947
264 713 1947
223 2387 2393
2393 223 2387
2387 223 2393
1965 258 2972
2972 258 1965
258 1965 2972
192 1894 2838
2838 192 1894
1894 192 2838
1010 1440 1856
1856 1010 1440
1440 1010 1856
356 450 1484
1484 356 450
450 356 1484
789 314 1058
314 789 1058
1058 314 789
649 442 2564
2564 442 649
442 649 2564
1133 687 749
687 749 1133
749 687 1133
2086 891 1473
891 1473 2086
1473 891 2086
419 1360 2819
2819 419 1360
1360 419 2819
1750 2421 2442
2421 1750 2442
2442 1750 2421
1079 1067 1523
1523 1067 1079
1067 1079 1523
2739 32 845
845 32 2739
32 845 2739
1366 1072 2832
2832 1072 1366
1072 1366 2832
2072 1026 2612
2612 1026 2072
1026 2072 2612
556 2429 2926
2429 556 2926
2926 556 2429
2948 1520 1832
1832 1520 2948
1520 1832 2948
1740 1714 2115
2115 1714 1740
1714 1740 2115
2949 1537 2751
1537 2751 2949
2751 1537 2949
2563 27 473
27 473 2563
473 27 2563
2193 1068 2143
1068 2143 2193
2143 1068 2193
2196 2109 2607
2109 2196 2607
2607 2109 2196
388 1446 2638
1446 388 2638
2638 388 1446
1264 1057 2549
1057 1264 2549
2549 1057 1264
570 416 740
740 416 570
416 570 740
2392 884 961
961 884 2392
884 961 2392
2056 1271 2052
2052 1271 2056
1271 2052 2056
1230 1399 1764
1764 1230 1399
1399 1230 1764
2184 709 2941
709 2184 2941
2941 709 2184
2989 916 2804
916 2804 2989
2804 916 2989
2569 1587 2851
1587 2569 2851
2851 1587 2569
1773 323 2269
323 1773 2269
2269 323 1773
2680 2395 2716
2716 2395 2680
2395 2680 2716
1228 318 586
586 318 1228
318 586 1228
86 469 967
469 86 967
967 86 469
1730 1465 2860
1465 1730 2860
2860 1465 1730
2214 948 2027
2027 948 2214
948 2027 2214
121 395 641
395 121 641
641 121 395
218 198 1711
198 218 1711
1711 198 218
212 298 1356
1356 212 298
298 212 1356
2017 806 2587
806 2017 2587
2587 806 2017
2006 1450 1551
1450 1551 2006
1551 1450 2006
688 2503 2622
2503 688 2622
2622 688 2503
1735 188 1681
1681 188 1735
188 1681 1735
375 1049 1403
1049 375 1403
1403 375 1049
1539 899 1552
899 1539 1552
1552 899 1539
51 814 2410
2410 51 814
814 51 2410
852 2566 2763
2763 852 2566
2566 852 2763
1658 1263 2663
2663 1263 1658
1263 1658 2663
59 646 2059
2059 59 646
646 59 2059
706 157 269
269 157 706
157 269 706
1353 1030 3000
3000 1030 1353
1030 1353 3000
1217 1640 2592
1640 1217 2592
2592 1217 1640
2132 1136 2714
1136 2132 2714
2714 1136 2132
1972 2009 2366
2009 1972 2366
2366 1972 2009
209 56 1518
56 209 1518
1518 56 209
2901 84 88
84 88 2901
88 84 2901
2183 272 1568
272 1568 2183
1568 272 2183
2448 1526 2970
1526 2448 2970
2970 1526 2448
158 16 1198
1198 16 158
16 158 1198
143 927 2654
927 143 2654
2654 143 927
1345 2628 2839
2839 1345 2628
2628 1345 2839
2684 127 1443
127 1443 2684
1443 127 2684
21 805 1866
805 21 1866
1866 21 805
1617 2304 2530
2530 1617 2304
2304 1617 2530
965 126 1633
1633 126 965
126 965 1633
1678 1580 2698
1580 1678 2698
2698 1580 1678
2878 1747 2519
1747 2519 2878
2519 1747 2878
2811 339 2551
2551 339 2811
339 2551 2811
665 1267 2021
1267 665 2021
2021 665 1267
1135 425 608
608 425 1135
425 608 1135
1157 1126 2708
2708 1126 1157
1126 1157 2708
1102 79 769
769 79 1102
79 769 1102
906 279 565
279 565 906
565 279 906
1448 802 1259
802 1259 1448
1259 802 1448
1173 1093 1830
1093 1173 1830
1830 1093 1173
2964 1029 1945
1029 1945 2964
1945 1029 2964
1471 785 2931
785 1471 2931
2931 785 1471
2053 580 582
580 582 2053
582 580 2053
1066 736 2578
2578 736 1066
736 1066 2578
824 44 1760
44 824 1760
1760 44 824
1027 2382 2632
2632 1027 2382
2382 1027 2632
1006 721 1744
721 1006 1744
1744 721 1006
881 1333 1803
1803 881 1333
1333 881 1803
1206 200 1950
200 1206 1950
1950 200 1206
2313 370 1913
370 1913 2313
1913 370 2313
2404 453 577
453 577 2404
577 453 2404
842 1413 1524
1413 842 1524
1524 842 1413
515 196 2735
2735 196 515
196 515 2735
426 1100 1137
1100 426 1137
1137 426 1100
704 971 1099
1099 704 971
971 704 1099
1422 45 2777
45 1422 2777
2777 45 1422
2274 38 494
38 494 2274
494 38 2274
2700 1233 2050
2050 1233 2700
1233 2050 2700
2815 869 1806
1806 869 2815
869 1806 2815
1075 104 1385
1385 104 1075
104 1075 1385
2296 750 2543
2543 750 2296
750 2296 2543
361 861 2833
861 361 2833
2833 361 861
525 169 1180
169 525 1180
1180 169 525
1101 569 1966
1966 569 1101
569 1101 1966
793 783 2045
2045 783 793
783 793 2045
2646 470 2871
2871 470 2646
470 2646 2871
183 295 2552
2552 183 295
295 183 2552
1235 763 2508
763 1235 2508
2508 763 1235
1643 328 711
711 328 1643
328 711 1643
2497 1337 1763
1337 1763 2497
1763 1337 2497
1445 503 996
503 996 1445
996 503 1445
2913 1656 2974
2974 1656 2913
1656 2913 2974
2025 490 524
490 524 2025
524 490 2025
801 333 2428
2428 333 801
333 801 2428
2194 260 2769
260 2194 2769
2769 260 2194
2924 809 1609
1609 809 2924
809 1609 2924
1237 1842 2218
1842 1237 2218
2218 1237 1842
2177 484 1924
484 1924 2177
1924 484 2177
1042 880 1632
880 1042 1632
1632 880 1042
2479 1570 1665
1570 1665 2479
1665 1570 2479
1905 358 1707
358 1707 1905
1707 358 1905
1572 1800 2570
1800 1572 2570
2570 1572 1800
941 1567 2996
1567 941 2996
2996 941 1567
137 757 1679
757 137 1679
1679 137 757
2338 233 1998
1998 233 2338
233 1998 2338
2697 2390 2572
2390 2572 2697
2572 2390 2697
2686 1311 1642
1311 1642 2686
1642 1311 2686
2261 1193 1961
1193 1961 2261
1961 1193 2261
2995 1855 2347
2347 1855 2995
1855 2347 2995
829 1336 2741
2741 829 1336
1336 829 2741
526 171 2685
171 526 2685
2685 171 526
7 1415 1808
1808 7 1415
1415 7 1808
1628 2092 2854
2092 1628 2854
2854 1628 2092
394 231 2916
231 394 2916
2916 231 394
2743 1456 2969
2969 1456 2743
1456 2743 2969
2846 461 1928
1928 461 2846
461 1928 2846
2831 1871 2173
1871 2173 2831
2173 1871 2831
664 1218 1486
1486 664 1218
1218 664 1486
811 1019 1346
1346 811 1019
1019 811 1346
2310 751 2580
2580 751 2310
751 2310 2580
2003 248 1250
1250 248 2003
248 1250 2003
176 1653 2914
2914 176 1653
1653 176 2914
123 2813 2993
2813 123 2993
2993 123 2813
2149 1437 1472
1472 1437 2149
1437 1472 2149
865 873 2445
2445 865 873
873 865 2445
2327 146 1648
146 1648 2327
1648 146 2327
80 1985 2670
1985 80 2670
2670 80 1985
925 1185 2210
2210 925 1185
1185 925 2210
562 918 1115
918 562 1115
1115 562 918
1222 540 2518
2518 540 1222
540 1222 2518
1482 636 2981
2981 636 1482
636 1482 2981
989 2650 2797
2650 989 2797
2797 989 2650
1159 1697 2319
1697 1159 2319
2319 1159 1697
182 1063 1619
1063 182 1619
1619 182 1063
1610 1758 2049
2049 1610 1758
1758 1610 2049
2308 492 810
810 492 2308
492 810 2308
482 1555 2689
2689 482 1555
1555 482 2689
544 1328 1547
1547 544 1328
1328 544 1547
681 1971 2881
1971 681 2881
2881 681 1971
2055 1296 1325
1325 1296 2055
1296 1325 2055
942 758 1127
758 942 1127
1127 758 942
700 60 957
957 60 700
60 700 957
2384 1588 2435
1588 2384 2435
2435 1588 2384
237 262 1177
262 237 1177
1177 237 262
2657 1210 1796
1796 1210 2657
1210 1796 2657
2130 549 2726
549 2130 2726
2726 549 2130
1562 1089 2415
2415 1089 1562
1089 1562 2415
2861 2229 2294
2294 2229 2861
2229 2294 2861
175 301 1853
1853 175 301
301 175 1853
1636 225 2930
2930 225 1636
225 1636 2930
493 1688 2108
1688 493 2108
2108 493 1688
354 449 2899
2899 354 449
449 354 2899
452 2067 2757
2067 452 2757
2757 452 2067
1476 1598 2852
2852 1476 1598
1598 1476 2852
22 541 615
615 22 541
541 22 615
797 445 2825
445 797 2825
2825 445 797
500 755 1943
755 500 1943
1943 500 755
1227 1577 2904
2904 1227 1577
1577 1227 2904
1729 1187 2687
2687 1187 1729
1187 1729 2687
1004 991 1761
1761 991 1004
991 1004 1761
2139 2 1686
1686 2 2139
2 1686 2139
1419 2199 2262
2262 1419 2199
2199 1419 2262
2522 203 2103
203 2103 2522
2103 203 2522
152 441 695
441 152 695
695 152 441
1754 263 602
263 602 1754
602 263 1754
1303 2637 2837
2637 1303 2837
2837 1303 2637
1474 914 1286
914 1286 1474
1286 914 1474
2699 854 2118
2118 854 2699
854 2118 2699
362 2418 2586
2586 362 2418
2418 362 2586
1181 1002 1748
1748 1002 1181
1002 1181 1748
663 752 2723
2723 663 752
752 663 2723
259 495 2333
2333 259 495
495 259 2333
746 366 2285
366 746 2285
2285 366 746
2597 396 2282
2282 396 2597
396 2282 2597
2706 1400 2013
2013 1400 2706
1400 2013 2706
1162 1367 1700
1367 1162 1700
1700 1162 1367
1289 1234 2323
1234 1289 2323
2323 1234 1289
2074 459 1829
459 1829 2074
1829 459 2074
2440 940 1983
1983 940 2440
940 1983 2440
1174 870 2198
870 1174 2198
2198 870 1174
1759 1442 1475
1475 1442 1759
1442 1475 1759
2375 50 2749
2749 50 2375
50 2375 2749
2267 271 2626
2626 271 2267
271 2267 2626
2885 817 2280
817 2280 2885
2280 817 2885
398 1268 1974
1974 398 1268
1268 398 1974
601 849 2576
849 601 2576
2576 601 849
557 2311 2661
2311 557 2661
2661 557 2311
1805 539 2537
539 1805 2537
2537 539 1805
893 583 2785
583 893 2785
2785 583 893
875 402 2703
402 875 2703
2703 402 875
1094 727 1477
727 1094 1477
1477 727 1094
2051 1090 2385
1090 2051 2385
2385 1090 2051
346 446 1064
1064 346 446
446 346 1064
590 530 1541
1541 530 590
530 590 1541
859 950 2656
950 859 2656
2656 859 950
648 296 765
296 648 765
765 296 648
1044 527 1828
527 1044 1828
1828 527 1044
1522 1723 2456
1723 1522 2456
2456 1522 1723
380 1693 2659
2659 380 1693
1693 380 2659
2764 1209 2048
2048 1209 2764
1209 2048 2764
2463 834 2162
2162 834 2463
834 2162 2463
1168 1634 2362
1634 1168 2362
2362 1168 1634
921 571 2065
571 921 2065
2065 571 921
180 1123 2125
2125 180 1123
1123 180 2125
410 2284 2802
2802 410 2284
2284 410 2802
1545 102 566
566 102 1545
102 566 1545
2922 1797 2902
1797 2902 2922
2902 1797 2922
2651 2219 2459
2219 2459 2651
2459 2219 2651
2521 1795 2555
2555 1795 2521
1795 2521 2555
1140 2850 2977
2850 1140 2977
2977 1140 2850
1087 1530 1581
1581 1087 1530
1530 1087 1581
2202 14 2724
2724 14 2202
14 2202 2724
1124 2894 2998
2998 1124 2894
2894 1124 2998
2975 2561 2836
2836 2561 2975
2561 2836 2975
95 2334 2857
2857 95 2334
2334 95 2857
619 457 856
856 457 619
457 619 856
93 1309 2863
1309 93 2863
2863 93 1309
2640 167 1128
167 1128 2640
1128 167 2640
1178 213 1107
1107 213 1178
213 1107 1178
2673 164 1901
1901 164 2673
164 1901 2673
1145 2590 2768
2768 1145 2590
2590 1145 2768
2799 547 1404
547 1404 2799
1404 547 2799
2541 2496 2517
2517 2496 2541
2496 2517 2541
106 148 438
438 106 148
148 106 438
1146 82 2476
2476 82 1146
82 1146 2476
1284 2161 2581
2161 1284 2581
2581 1284 2161
1752 2022 2781
2022 1752 2781
2781 1752 2022
2875 1211 2745
1211 2745 2875
2745 1211 2875
1292 89 1254
1254 89 1292
89 1254 1292
945 1879 2434
1879 945 2434
2434 945 1879
537 820 2892
820 537 2892
2892 537 820
1117 1430 1649
1430 1117 1649
1649 1117 1430
1786 289 2691
289 1786 2691
2691 289 1786
280 1016 2742
2742 280 1016
1016 280 2742
2153 1147 1820
1820 1147 2153
1147 1820 2153
1148 1195 2391
2391 1148 1195
1195 1148 2391
1517 1845 2128
2128 1517 1845
1845 1517 2128
2252 1907 2168
1907 2168 2252
2168 1907 2252
1644 1540 1970
1540 1644 1970
1970 1540 1644
1350 2251 2401
2401 1350 2251
2251 1350 2401
618 355 1361
355 618 1361
1361 355 618
1802 907 1599
907 1599 1802
1599 907 1802
905 1454 2342
2342 905 1454
1454 905 2342
1814 270 1278
270 1278 1814
1278 270 1814
336 240 2915
240 336 2915
2915 240 336
134 606 2293
2293 134 606
606 134 2293
2952 2307 2595
2307 2595 2952
2595 2307 2952
2736 1119 2746
2746 1119 2736
1119 2736 2746
1685 1153 1392
1392 1153 1685
1153 1392 1685
1873 2314 2370
2370 1873 2314
2314 1873 2370
659 780 1975
1975 659 780
780 659 1975
291 220 2116
2116 220 291
220 291 2116
1398 723 1294
723 1294 1398
1294 723 1398
2806 1152 1862
1862 1152 2806
1152 1862 2806
2472 352 1282
1282 352 2472
352 1282 2472
1212 1893 2737
1893 1212 2737
2737 1212 1893
2289 2134 2636
2134 2289 2636
2636 2134 2289
1408 42 2148
2148 42 1408
42 1408 2148
944 2900 2940
2900 944 2940
2940 944 2900
1236 161 536
536 161 1236
161 536 1236
2604 823 1372
823 1372 2604
1372 823 2604
682 47 1013
1013 47 682
47 682 1013
108 668 2641
2641 108 668
668 108 2641
964 1164 1335
1164 964 1335
1335 964 1164
2958 1048 2573
2573 1048 2958
1048 2573 2958
2710 139 1241
1241 139 2710
139 1241 2710
2862 2593 2794
2593 2794 2862
2794 2593 2862
281 256 2516
2516 256 281
256 281 2516
502 651 1596
651 502 1596
1596 502 651
1186 1001 1841
1001 1186 1841
1841 1001 1186
715 1167 1794
1167 715 1794
1794 715 1167
2351 377 1680
377 1680 2351
1680 377 2351
931 1416 1988
1988 931 1416
1416 931 1988
2432 523 1077
523 1077 2432
1077 523 2432
391 1663 2133
1663 391 2133
2133 391 1663
1557 1726 2816
1726 1557 2816
2816 1557 1726
631 882 1197
1197 631 882
882 631 1197
1859 1849 2071
2071 1849 1859
1849 1859 2071
2470 652 1283
1283 652 2470
652 1283 2470
330 1051 1480
1051 330 1480
1480 330 1051
701 399 2159
2159 399 701
399 701 2159
762 1951 2328
1951 762 2328
2328 762 1951
585 628 1327
1327 585 628
628 585 1327
124 113 1638
113 124 1638
1638 113 124
1912 2266 2411
2411 1912 2266
2266 1912 2411
2584 2200 2660
2200 2584 2660
2660 2200 2584
1514 288 1784
288 1514 1784
1784 288 1514
1911 835 2525
2525 835 1911
835 1911 2525
1220 561 1490
1490 561 1220
561 1220 1490
371 1394 1964
1964 371 1394
1394 371 1964
2093 179 2329
179 2093 2329
2329 179 2093
2119 120 862
862 120 2119
120 862 2119
1307 559 576
559 576 1307
576 559 1307
1184 980 1163
1163 980 1184
980 1163 1184
2605 2431 2473
2431 2473 2605
2473 2431 2605
385 1615 2302
1615 385 2302
2302 385 1615
568 504 2126
2126 504 568
504 568 2126
316 33 1487
33 316 1487
1487 33 316
2980 2408 2547
2408 2547 2980
2547 2408 2980
732 129 661
129 661 732
661 129 732
2378 632 1717
632 1717 2378
1717 632 2378
2912 1110 2782
1110 2782 2912
2782 1110 2912
2099 1014 2287
1014 2099 2287
2287 1014 2099
65 968 2380
2380 65 968
968 65 2380
782 1495 2275
2275 782 1495
1495 782 2275
2165 2176 2674
2674 2165 2176
2176 2165 2674
2249 2501 2987
2501 2249 2987
2987 2249 2501
919 276 1877
276 919 1877
1877 276 919
531 1154 1246
1246 531 1154
1154 531 1246
1960 1792 2510
2510 1792 1960
1792 1960 2510
2291 363 1543
1543 363 2291
363 1543 2291
94 1023 1242
1242 94 1023
1023 94 1242
310 840 966
840 310 966
966 310 840
792 624 2877
624 792 2877
2877 624 792
685 37 1682
37 685 1682
1682 37 685
2535 1265 2679
1265 2535 2679
2679 1265 2535
136 655 2947
655 136 2947
2947 136 655
2939 588 2461
588 2461 2939
2461 588 2939
1925 91 626
626 91 1925
91 626 1925
2147 1340 2755
1340 2147 2755
2755 1340 2147
833 933 1858
933 833 1858
1858 833 933
2394 2332 2664
2332 2394 2664
2664 2332 2394
2477 1637 2616
2616 1637 2477
1637 2477 2616
2820 1301 1771
1301 1771 2820
1771 1301 2820
1463 1504 1546
1504 1463 1546
1546 1463 1504
1559 236 1321
236 1321 1559
1321 236 1559
773 109 278
109 278 773
278 109 773
174 1045 2826
2826 174 1045
1045 174 2826
1149 2163 2312
2312 1149 2163
2163 1149 2312
1590 1468 2364
1468 1590 2364
2364 1468 1590
101 1986 2346
2346 101 1986
1986 101 2346
2350 516 1906
1906 516 2350
516 1906 2350
2676 2102 2876
2876 2102 2676
2102 2676 2876
1314 877 2452
877 1314 2452
