18365 24615 26443
26443 18365 24615
24615 18365 26443
11874 14328 24169
14328 11874 24169
24169 11874 14328
27672 1850 2684
1850 2684 27672
2684 1850 27672
29604 5950 24161
5950 24161 29604
24161 5950 29604
4260 9158 12151
12151 4260 9158
9158 4260 12151
21501 6893 10004
10004 6893 21501
6893 10004 21501
9651 1204 29141
1204 9651 29141
29141 1204 9651
24075 3069 22482
3069 22482 24075
22482 3069 24075
27777 9647 15237
15237 9647 27777
9647 15237 27777
12456 13224 19014
13224 12456 19014
19014 12456 13224
18718 2432 27265
27265 2432 18718
2432 18718 27265
8651 24283 28559
24283 8651 28559
28559 8651 24283
25782 19838 22215
19838 22215 25782
22215 19838 25782
15919 16108 22637
16108 15919 22637
22637 15919 16108
13342 1598 21928
1598 13342 21928
21928 1598 13342
517 240 15299
240 517 15299
15299 240 517
7453 20863 27827
20863 7453 27827
27827 7453 20863
4075 1322 20723
20723 1322 4075
1322 4075 20723
22132 4978 18394
4978 18394 22132
18394 4978 22132
27423 4638 27837
27837 4638 27423
4638 27423 27837
2703 23010 25713
25713 2703 23010
23010 2703 25713
22098 5577 13595
13595 5577 22098
5577 13595 22098
25844 16201 28755
16201 25844 28755
28755 16201 25844
14317 14908 23263
23263 14317 14908
14908 14317 23263
29772 18355 19003
18355 19003 29772
19003 18355 29772
23719 1571 14176
14176 1571 23719
1571 14176 23719
27673 12048 29005
29005 12048 27673
12048 27673 29005
4641 1249 25838
1249 4641 25838
25838 1249 4641
6206 4005 13641
4005 6206 13641
13641 4005 6206
21907 12495 24886
12495 21907 24886
24886 12495 21907
24814 18150 20581
20581 18150 24814
18150 20581 24814
25366 1049 2644
2644 1049 25366
1049 2644 25366
28571 1967 28232
28232 1967 28571
1967 28232 28571
24113 22032 22729
22032 22729 24113
22729 22032 24113
17429 773 7552
773 7552 17429
7552 773 17429
27549 7553 14462
14462 7553 27549
7553 14462 27549
13970 115 16134
115 13970 16134
16134 115 13970
2156 20126 29095
29095 2156 20126
20126 2156 29095
28976 11348 19392
11348 19392 28976
19392 11348 28976
24916 20306 20348
20348 20306 24916
20306 20348 24916
15833 9421 17082
9421 15833 17082
17082 9421 15833
718 12751 23220
23220 718 12751
12751 718 23220
6908 10672 27627
10672 6908 27627
27627 6908 10672
970 8604 21888
8604 970 21888
21888 970 8604
28725 17865 18379
17865 18379 28725
18379 17865 28725
1224 1346 16170
16170 1224 1346
1346 1224 16170
2280 23084 28394
28394 2280 23084
23084 2280 28394
7353 6317 14345
6317 7353 14345
14345 6317 7353
11881 11364 14638
11364 11881 14638
14638 11364 11881
10174 2836 17992
17992 2836 10174
2836 10174 17992
28436 917 12100
917 12100 28436
12100 917 28436
16175 11485 19143
19143 11485 16175
11485 16175 19143
13160 7865 17381
7865 13160 17381
17381 7865 13160
8177 11584 14308
11584 8177 14308
14308 8177 11584
21237 2715 22400
22400 2715 21237
2715 21237 22400
14132 22060 22626
22626 14132 22060
22060 14132 22626
10897 16341 27471
16341 10897 27471
27471 10897 16341
26224 5767 19523
5767 19523 26224
19523 5767 26224
9925 2399 27271
27271 2399 9925
2399 9925 27271
25301 10192 11480
11480 10192 25301
10192 11480 25301
18492 7563 14650
14650 7563 18492
7563 14650 18492
19938 1286 7092
7092 1286 19938
1286 7092 19938
18518 13774 26276
13774 18518 26276
26276 13774 18518
23487 6878 9099
6878 9099 23487
9099 6878 23487
12826 1015 12535
1015 12535 12826
12535 1015 12826
16857 13908 29119
29119 13908 16857
13908 16857 29119
23430 12098 24348
24348 12098 23430
12098 23430 24348
14715 15485 17417
17417 14715 15485
15485 14715 17417
21568 22640 28469
28469 21568 22640
22640 21568 28469
15443 1589 17858
1589 15443 17858
17858 1589 15443
25545 17377 20465
20465 17377 25545
17377 20465 25545
20692 2400 15818
2400 15818 20692
15818 2400 20692
3058 18172 18887
18887 3058 18172
18172 3058 18887
4124 8235 26301
8235 4124 26301
26301 4124 8235
17632 1010 17149
1010 17149 17632
17149 1010 17632
17895 7925 13644
7925 13644 17895
13644 7925 17895
5540 24476 29576
24476 5540 29576
29576 5540 24476
15042 5029 17526
5029 15042 17526
17526 5029 15042
10654 1883 2838
1883 2838 10654
2838 1883 10654
5679 11811 12346
12346 5679 11811
11811 5679 12346
22807 14921 18274
14921 18274 22807
18274 14921 22807
15363 19220 21923
19220 15363 21923
21923 15363 19220
16947 12402 27705
12402 16947 27705
27705 12402 16947
9787 3468 16452
16452 3468 9787
3468 9787 16452
9464 22851 25409
22851 9464 25409
25409 9464 22851
20267 2674 18096
18096 2674 20267
2674 18096 20267
26251 2265 27613
2265 26251 27613
27613 2265 26251
6377 7026 11799
11799 6377 7026
7026 6377 11799
20735 772 9168
772 9168 20735
9168 772 20735
14131 16835 19937
19937 14131 16835
16835 14131 19937
24447 7682 9546
7682 9546 24447
9546 7682 24447
2669 11507 13181
11507 2669 13181
13181 2669 11507
27231 1724 27382
1724 27231 27382
27382 1724 27231
12944 4913 29967
4913 12944 29967
29967 4913 12944
17578 2278 7016
7016 2278 17578
2278 7016 17578
10218 9634 18459
18459 9634 10218
9634 10218 18459
26704 9081 20496
20496 9081 26704
9081 20496 26704
16291 3263 10250
10250 3263 16291
3263 10250 16291
28499 3439 10247
3439 10247 28499
10247 3439 28499
9437 9607 16362
16362 9437 9607
9607 9437 16362
26873 23898 25115
25115 23898 26873
23898 25115 26873
10545 6156 10670
10670 6156 10545
6156 10545 10670
19919 8143 16095
8143 16095 19919
16095 8143 19919
23623 19266 20392
19266 20392 23623
20392 19266 23623
24927 807 4924
4924 807 24927
807 4924 24927
16364 748 9732
748 9732 16364
9732 748 16364
9533 19638 22266
22266 9533 19638
19638 9533 22266
1845 5054 11309
5054 1845 11309
11309 1845 5054
4864 10842 20991
10842 4864 20991
20991 4864 10842
28502 12963 23436
23436 12963 28502
12963 23436 28502
22185 14740 18924
14740 18924 22185
18924 14740 22185
23490 18746 26952
26952 18746 23490
18746 23490 26952
8267 24474 25841
25841 8267 24474
24474 8267 25841
28562 11294 29430
29430 11294 28562
11294 28562 29430
16433 11682 23677
23677 11682 16433
11682 16433 23677
3541 4117 9092
9092 3541 4117
4117 3541 9092
1133 14019 27594
27594 1133 14019
14019 1133 27594
24079 4935 9919
9919 4935 24079
4935 9919 24079
2207 3521 6384
6384 2207 3521
3521 2207 6384
4280 15134 20372
15134 4280 20372
20372 4280 15134
9120 19224 25380
19224 9120 25380
25380 9120 19224
27998 14244 22117
22117 14244 27998
14244 22117 27998
27286 16869 22420
16869 22420 27286
22420 16869 27286
11252 10423 22526
10423 11252 22526
22526 10423 11252
22897 6651 14242
14242 6651 22897
6651 14242 22897
668 2288 28050
2288 668 28050
28050 668 2288
4666 14058 26557
26557 4666 14058
14058 4666 26557
21430 19281 25251
25251 19281 21430
19281 21430 25251
4846 9756 28255
28255 4846 9756
9756 4846 28255
5521 11761 26306
11761 5521 26306
26306 5521 11761
23215 16106 16159
16159 16106 23215
16106 16159 23215
26511 9368 18352
9368 18352 26511
18352 9368 26511
14902 20338 27383
20338 14902 27383
27383 14902 20338
22218 3955 18159
18159 3955 22218
3955 18159 22218
14182 2491 27346
2491 14182 27346
27346 2491 14182
19602 8072 29190
8072 19602 29190
29190 8072 19602
4090 8745 20333
8745 4090 20333
20333 4090 8745
13828 14790 15280
14790 13828 15280
15280 13828 14790
28328 3005 26324
3005 26324 28328
26324 3005 28328
5424 14755 16756
16756 5424 14755
14755 5424 16756
7432 13933 21896
21896 7432 13933
13933 7432 21896
29791 3743 10109
3743 10109 29791
10109 3743 29791
14899 17639 27533
17639 14899 27533
27533 14899 17639
5526 635 6872
6872 635 5526
635 5526 6872
28073 7246 12643
12643 7246 28073
7246 12643 28073
16549 24512 29505
24512 16549 29505
29505 16549 24512
22871 9449 26513
9449 22871 26513
26513 9449 22871
23096 3893 17206
3893 17206 23096
17206 3893 23096
1645 12553 23598
23598 1645 12553
12553 1645 23598
24881 5881 16264
5881 16264 24881
16264 5881 24881
2022 9123 18625
9123 2022 18625
18625 2022 9123
25254 5481 15914
15914 5481 25254
5481 15914 25254
9179 9825 22141
9825 9179 22141
22141 9179 9825
9632 3796 25111
3796 9632 25111
25111 3796 9632
25116 13683 28651
13683 25116 28651
28651 13683 25116
18684 25230 29660
25230 18684 29660
29660 18684 25230
27877 3318 17531
17531 3318 27877
3318 17531 27877
264 2786 8756
2786 264 8756
8756 264 2786
18305 25652 26912
26912 18305 25652
25652 18305 26912
17591 10719 16642
16642 10719 17591
10719 16642 17591
3165 434 29825
29825 434 3165
434 3165 29825
8698 5391 16393
16393 5391 8698
5391 8698 16393
2506 7801 12381
12381 2506 7801
7801 2506 12381
4516 12436 13609
13609 4516 12436
12436 4516 13609
9176 17418 19473
17418 9176 19473
19473 9176 17418
6541 9471 21626
9471 6541 21626
21626 6541 9471
20964 8710 16633
16633 8710 20964
8710 16633 20964
5584 12024 12089
12089 5584 12024
12024 5584 12089
27211 14448 21693
21693 14448 27211
14448 21693 27211
4955 19499 29762
19499 4955 29762
29762 4955 19499
8986 8059 18112
18112 8059 8986
8059 8986 18112
2215 14046 16542
16542 2215 14046
14046 2215 16542
11529 19093 21002
19093 11529 21002
21002 11529 19093
2025 8318 17868
17868 2025 8318
8318 2025 17868
9252 8257 12223
12223 8257 9252
8257 9252 12223
5711 3990 17788
17788 3990 5711
3990 5711 17788
19644 17488 23801
23801 17488 19644
17488 19644 23801
22706 2628 19457
2628 19457 22706
19457 2628 22706
25160 4128 11936
11936 4128 25160
4128 11936 25160
9121 10680 17117
10680 9121 17117
17117 9121 10680
4161 574 6700
574 4161 6700
6700 574 4161
14630 1851 6311
6311 1851 14630
1851 6311 14630
26630 636 14596
636 14596 26630
14596 636 26630
977 4320 6209
4320 977 6209
6209 977 4320
3251 4424 11836
11836 3251 4424
4424 3251 11836
953 2159 22375
22375 953 2159
2159 953 22375
22541 15532 26155
15532 22541 26155
26155 15532 22541
5166 6119 9837
9837 5166 6119
6119 5166 9837
6473 21307 22999
21307 6473 22999
22999 6473 21307
905 25234 28975
28975 905 25234
25234 905 28975
9197 3530 25229
25229 3530 9197
3530 9197 25229
25506 1146 5653
5653 1146 25506
1146 5653 25506
28111 10111 21282
21282 10111 28111
10111 21282 28111
13282 1127 15602
15602 1127 13282
1127 13282 15602
22953 12176 20051
20051 12176 22953
12176 20051 22953
15726 12305 13944
13944 12305 15726
12305 13944 15726
430 2971 7753
7753 430 2971
2971 430 7753
10477 689 9267
9267 689 10477
689 9267 10477
18799 3701 19290
19290 3701 18799
3701 18799 19290
23784 10275 22907
22907 10275 23784
10275 22907 23784
3080 17210 23462
17210 3080 23462
23462 3080 17210
1901 396 24193
396 1901 24193
24193 396 1901
13216 6802 23962
23962 6802 13216
6802 13216 23962
17048 11036 19288
19288 11036 17048
11036 17048 19288
18579 4230 10979
4230 10979 18579
10979 4230 18579
11876 178 21251
178 11876 21251
21251 178 11876
26918 12481 21352
12481 21352 26918
21352 12481 26918
16219 9152 10505
9152 10505 16219
10505 9152 16219
11431 14467 21655
21655 11431 14467
14467 11431 21655
24489 18949 27561
27561 18949 24489
18949 24489 27561
12868 228 2854
2854 228 12868
228 2854 12868
4458 9729 11719
11719 4458 9729
9729 4458 11719
22748 3823 12575
12575 3823 22748
3823 12575 22748
16811 26517 28136
28136 16811 26517
26517 16811 28136
27798 2315 11162
11162 2315 27798
2315 11162 27798
7069 10080 16483
16483 7069 10080
10080 7069 16483
13631 246 27435
246 13631 27435
27435 246 13631
17894 4842 24655
24655 4842 17894
4842 17894 24655
16952 8781 24677
8781 16952 24677
24677 8781 16952
25061 1714 25598
1714 25061 25598
25598 1714 25061
22509 17821 25212
17821 22509 25212
25212 17821 22509
4444 17019 19259
17019 4444 19259
19259 4444 17019
15480 1311 21400
21400 1311 15480
1311 15480 21400
23243 17651 24594
17651 23243 24594
24594 17651 23243
9226 259 7415
7415 259 9226
259 7415 9226
16363 7130 10706
7130 10706 16363
10706 7130 16363
27858 7181 9705
9705 7181 27858
7181 9705 27858
5572 20182 27333
27333 5572 20182
20182 5572 27333
19079 5585 15967
15967 5585 19079
5585 15967 19079
4556 7530 18615
7530 4556 18615
18615 4556 7530
24354 10019 25000
25000 10019 24354
10019 24354 25000
27459 14035 16692
14035 16692 27459
16692 14035 27459
1036 6806 13639
13639 1036 6806
6806 1036 13639
6704 22232 29054
29054 6704 22232
22232 6704 29054
13824 4901 5901
5901 4901 13824
4901 5901 13824
20937 14194 21964
14194 20937 21964
21964 14194 20937
28487 23114 25156
23114 25156 28487
25156 23114 28487
9512 12524 18346
12524 9512 18346
18346 9512 12524
28227 23761 26445
23761 26445 28227
26445 23761 28227
20545 402 6803
6803 402 20545
402 6803 20545
25386 18393 25394
18393 25386 25394
25394 18393 25386
9979 18230 25528
18230 9979 25528
25528 9979 18230
17208 8640 9848
9848 8640 17208
8640 9848 17208
26375 28618 29189
29189 26375 28618
28618 26375 29189
16118 3462 6668
3462 6668 16118
6668 3462 16118
2045 8953 21627
8953 2045 21627
21627 2045 8953
9138 9068 22171
9068 9138 22171
22171 9068 9138
4960 12598 29816
29816 4960 12598
12598 4960 29816
17826 7560 16442
7560 16442 17826
16442 7560 17826
14784 7272 13000
13000 7272 14784
7272 13000 14784
5859 4373 7606
4373 5859 7606
7606 4373 5859
20992 2583 27873
2583 20992 27873
27873 2583 20992
19184 1583 4462
4462 1583 19184
1583 4462 19184
1203 12230 21060
12230 1203 21060
21060 1203 12230
3660 5983 21308
21308 3660 5983
5983 3660 21308
6933 11269 22078
22078 6933 11269
11269 6933 22078
16736 10550 18342
10550 16736 18342
18342 10550 16736
14841 220 22881
22881 220 14841
220 14841 22881
19241 17503 28808
28808 17503 19241
17503 19241 28808
23773 15588 20422
20422 15588 23773
15588 20422 23773
15832 16339 17935
17935 15832 16339
16339 15832 17935
28392 10710 22459
22459 10710 28392
10710 22459 28392
12241 6664 16779
16779 6664 12241
6664 12241 16779
401 11164 17688
11164 401 17688
17688 401 11164
23607 12166 16143
12166 16143 23607
16143 12166 23607
23965 6435 8711
6435 8711 23965
8711 6435 23965
12173 3092 15158
15158 3092 12173
3092 12173 15158
13298 1171 2688
1171 2688 13298
2688 1171 13298
14275 15790 20767
15790 14275 20767
20767 14275 15790
3906 12882 23848
23848 3906 12882
12882 3906 23848
7507 2793 18100
18100 2793 7507
2793 7507 18100
23866 6461 12211
12211 6461 23866
6461 12211 23866
20011 7015 24328
7015 20011 24328
24328 7015 20011
28557 25692 26282
26282 25692 28557
25692 26282 28557
230 5544 18358
18358 230 5544
5544 230 18358
5458 3403 13153
13153 3403 5458
3403 5458 13153
21639 3098 18574
18574 3098 21639
3098 18574 21639
21811 3992 23905
3992 21811 23905
23905 3992 21811
20588 16266 24504
16266 20588 24504
24504 16266 20588
1975 1877 2032
2032 1877 1975
1877 1975 2032
20950 17380 21533
17380 20950 21533
21533 17380 20950
22334 1611 3402
3402 1611 22334
1611 3402 22334
14647 14398 20911
14398 14647 20911
20911 14398 14647
18307 28007 28908
28007 18307 28908
28908 18307 28007
7315 12127 23457
23457 7315 12127
12127 7315 23457
29178 15606 29231
15606 29178 29231
29231 15606 29178
23669 12984 27665
12984 23669 27665
27665 12984 23669
7238 16119 24404
16119 7238 24404
24404 7238 16119
26959 22652 29463
29463 22652 26959
22652 26959 29463
19569 694 20747
20747 694 19569
694 19569 20747
1067 18766 28567
28567 1067 18766
18766 1067 28567
6910 8363 16738
16738 6910 8363
8363 6910 16738
10668 17542 29128
17542 10668 29128
29128 10668 17542
13599 7932 11123
7932 11123 13599
11123 7932 13599
2091 470 11796
470 2091 11796
11796 470 2091
21263 11318 12998
12998 11318 21263
11318 12998 21263
16534 7603 18942
18942 7603 16534
7603 16534 18942
27581 3201 28223
3201 27581 28223
28223 3201 27581
9706 10522 27087
10522 9706 27087
27087 9706 10522
16701 14235 26326
14235 16701 26326
26326 14235 16701
11261 1995 29211
29211 1995 11261
1995 11261 29211
19545 16397 20060
16397 19545 20060
20060 16397 19545
25250 4919 9716
4919 9716 25250
9716 4919 25250
25581 767 15851
767 15851 25581
15851 767 25581
16345 6765 27953
6765 16345 27953
27953 6765 16345
2344 803 6334
803 2344 6334
6334 803 2344
22274 786 26583
26583 786 22274
786 22274 26583
24998 676 23448
676 23448 24998
23448 676 24998
11852 11143 23523
23523 11143 11852
11143 11852 23523
28892 9296 24694
9296 24694 28892
24694 9296 28892
7980 5013 10091
10091 5013 7980
5013 7980 10091
18723 6889 14496
6889 14496 18723
14496 6889 18723
28606 7574 22119
7574 22119 28606
22119 7574 28606
18753 6341 20746
20746 6341 18753
6341 18753 20746
4194 24025 28425
28425 4194 24025
24025 4194 28425
10183 7895 20756
7895 10183 20756
20756 7895 10183
14750 23958 27510
23958 14750 27510
27510 14750 23958
25004 6373 25047
25047 6373 25004
6373 25004 25047
21587 5955 29461
29461 5955 21587
5955 21587 29461
25752 7356 11001
11001 7356 25752
7356 11001 25752
24097 3257 20846
3257 20846 24097
20846 3257 24097
14956 20976 23517
23517 14956 20976
20976 14956 23517
7509 2155 13307
13307 2155 7509
2155 7509 13307
12044 9520 28495
28495 9520 12044
9520 12044 28495
7731 2923 13143
2923 7731 13143
13143 2923 7731
22492 2416 24024
24024 2416 22492
2416 22492 24024
3791 1004 29819
1004 3791 29819
29819 1004 3791
8119 18124 19963
19963 8119 18124
18124 8119 19963
22915 13549 29985
13549 22915 29985
29985 13549 22915
25779 12034 15478
15478 12034 25779
12034 15478 25779
4379 14478 26392
26392 4379 14478
14478 4379 26392
11270 3340 6336
3340 6336 11270
6336 3340 11270
25659 11926 20225
20225 11926 25659
11926 20225 25659
12595 5396 10306
10306 5396 12595
5396 10306 12595
5117 18830 27274
18830 5117 27274
27274 5117 18830
1141 6434 24272
6434 1141 24272
24272 1141 6434
25014 1444 18885
18885 1444 25014
1444 18885 25014
303 10859 11299
10859 303 11299
11299 303 10859
18223 11135 21804
11135 18223 21804
21804 11135 18223
10519 3864 27795
3864 10519 27795
27795 3864 10519
23583 9738 21192
21192 9738 23583
9738 21192 23583
8091 7506 16192
16192 7506 8091
7506 8091 16192
3659 12937 14656
14656 3659 12937
12937 3659 14656
26345 6612 6654
6654 6612 26345
6612 6654 26345
13285 5156 25255
25255 5156 13285
5156 13285 25255
8642 45 25793
45 8642 25793
25793 45 8642
10383 21646 27257
27257 10383 21646
21646 10383 27257
14633 10291 28160
28160 10291 14633
10291 14633 28160
3969 2996 22566
2996 3969 22566
22566 2996 3969
16926 800 5875
800 5875 16926
5875 800 16926
25734 23071 23401
23401 23071 25734
23071 23401 25734
28802 28776 29240
29240 28776 28802
28776 28802 29240
20204 11489 16663
16663 11489 20204
11489 16663 20204
29209 11238 16603
11238 16603 29209
16603 11238 29209
16253 3502 15059
15059 3502 16253
3502 15059 16253
24282 19540 27719
19540 24282 27719
27719 19540 24282
25382 8231 26485
8231 25382 26485
26485 8231 25382
10635 1428 24586
1428 10635 24586
24586 1428 10635
9312 17298 19889
17298 9312 19889
19889 9312 17298
5430 9141 29195
29195 5430 9141
9141 5430 29195
1218 2368 20197
20197 1218 2368
2368 1218 20197
11783 4679 24958
4679 11783 24958
24958 4679 11783
27338 4915 22550
4915 22550 27338
22550 4915 27338
21867 18610 22718
22718 18610 21867
18610 21867 22718
1374 14611 28538
28538 1374 14611
14611 1374 28538
5717 5959 12343
5959 5717 12343
12343 5717 5959
29881 25975 26257
25975 26257 29881
26257 25975 29881
5173 1213 17009
17009 1213 5173
1213 5173 17009
10498 19305 21672
21672 10498 19305
19305 10498 21672
13677 23181 28015
28015 13677 23181
23181 13677 28015
17681 1538 2130
2130 1538 17681
1538 2130 17681
2547 21169 21840
21169 2547 21840
21840 2547 21169
18106 9470 10370
10370 9470 18106
9470 10370 18106
13988 14976 17254
14976 13988 17254
17254 13988 14976
22387 9613 22662
22662 9613 22387
9613 22387 22662
4061 2007 2494
2494 2007 4061
2007 2494 4061
8474 6518 28599
28599 6518 8474
6518 8474 28599
26794 17058 21402
17058 21402 26794
21402 17058 26794
20424 11203 13562
13562 11203 20424
11203 13562 20424
19301 8333 25339
25339 8333 19301
8333 19301 25339
7371 1145 18580
18580 1145 7371
1145 7371 18580
17179 10592 21892
10592 17179 21892
21892 10592 17179
3330 12606 22489
12606 3330 22489
22489 3330 12606
3733 4035 14458
14458 3733 4035
4035 3733 14458
23736 3634 21390
21390 3634 23736
3634 21390 23736
1872 9027 26267
9027 1872 26267
26267 1872 9027
16782 8585 12262
8585 12262 16782
12262 8585 16782
13684 12494 13873
12494 13684 13873
13873 12494 13684
21962 3084 12247
3084 12247 21962
12247 3084 21962
21043 18080 19070
19070 18080 21043
18080 19070 21043
21595 2224 28707
2224 21595 28707
28707 2224 21595
28951 24675 26859
26859 24675 28951
24675 26859 28951
19761 4523 28271
28271 4523 19761
4523 19761 28271
11017 1504 7218
1504 7218 11017
7218 1504 11017
14876 18940 29444
29444 14876 18940
18940 14876 29444
2880 3328 27163
27163 2880 3328
3328 2880 27163
25967 6507 27767
6507 25967 27767
27767 6507 25967
12330 2689 3499
2689 3499 12330
3499 2689 12330
15667 15446 16132
15446 15667 16132
16132 15446 15667
29387 22733 26213
26213 22733 29387
22733 26213 29387
6114 5654 9222
9222 5654 6114
5654 6114 9222
18195 17256 29490
29490 17256 18195
17256 18195 29490
8380 2932 23799
2932 8380 23799
23799 2932 8380
18759 19249 27507
19249 18759 27507
27507 18759 19249
27867 6091 22220
22220 6091 27867
6091 22220 27867
11788 3461 24187
3461 11788 24187
24187 3461 11788
24217 12 12870
12870 12 24217
12 12870 24217
20641 12218 14256
12218 14256 20641
14256 12218 20641
3672 7489 23269
23269 3672 7489
7489 3672 23269
16384 8331 19228
19228 8331 16384
8331 16384 19228
18862 6859 7329
7329 6859 18862
6859 7329 18862
12880 6223 26240
6223 12880 26240
26240 6223 12880
25556 9817 26189
9817 25556 26189
26189 9817 25556
14333 8528 29700
29700 8528 14333
8528 14333 29700
15701 1770 6036
6036 1770 15701
1770 6036 15701
2152 4366 14259
4366 2152 14259
14259 2152 4366
18919 691 19572
691 18919 19572
19572 691 18919
23889 1949 14492
1949 14492 23889
14492 1949 23889
13384 7133 23699
7133 13384 23699
23699 7133 13384
15240 6370 18769
6370 15240 18769
18769 6370 15240
6640 13486 21846
21846 6640 13486
13486 6640 21846
13701 6413 11432
6413 11432 13701
11432 6413 13701
10108 16913 26268
26268 10108 16913
16913 10108 26268
27623 10292 13793
10292 13793 27623
13793 10292 27623
25785 537 6153
537 6153 25785
6153 537 25785
28237 6925 12245
6925 12245 28237
12245 6925 28237
12625 15955 26488
26488 12625 15955
15955 12625 26488
8791 10862 13574
10862 8791 13574
13574 8791 10862
11574 19624 23741
23741 11574 19624
19624 11574 23741
19551 20676 21069
21069 19551 20676
20676 19551 21069
13680 1094 10445
1094 10445 13680
10445 1094 13680
8323 1447 8371
1447 8323 8371
8371 1447 8323
7369 19636 20057
19636 7369 20057
20057 7369 19636
3640 3153 6786
6786 3153 3640
3153 3640 6786
24629 19743 28525
28525 19743 24629
19743 24629 28525
19789 6948 24617
24617 6948 19789
6948 19789 24617
17557 276 21088
276 17557 21088
21088 276 17557
13850 16405 19796
19796 13850 16405
16405 13850 19796
26702 17552 17713
17713 17552 26702
17552 17713 26702
2360 14489 21653
14489 2360 21653
21653 2360 14489
27158 14533 24611
14533 24611 27158
24611 14533 27158
12137 7854 27446
7854 12137 27446
27446 7854 12137
21314 1105 3785
3785 1105 21314
1105 3785 21314
27101 12971 16513
12971 16513 27101
16513 12971 27101
14015 7806 23792
23792 7806 14015
7806 14015 23792
25318 19423 21770
21770 19423 25318
19423 21770 25318
2171 7260 16732
7260 2171 16732
16732 2171 7260
5278 4929 16682
4929 5278 16682
16682 4929 5278
11721 650 3734
3734 650 11721
650 3734 11721
12461 25118 28248
28248 12461 25118
25118 12461 28248
22429 1056 17421
17421 1056 22429
1056 17421 22429
21203 4734 4964
4964 4734 21203
4734 4964 21203
930 18066 24289
24289 930 18066
18066 930 24289
4772 2148 8952
2148 4772 8952
8952 2148 4772
372 20645 28496
28496 372 20645
20645 372 28496
22222 11465 16168
16168 11465 22222
11465 16168 22222
26620 15151 25213
25213 15151 26620
15151 25213 26620
18125 6856 14464
14464 6856 18125
6856 14464 18125
4242 27147 28508
27147 4242 28508
28508 4242 27147
7344 15688 23776
15688 7344 23776
23776 7344 15688
8570 2509 29724
29724 2509 8570
2509 8570 29724
5258 24319 28664
28664 5258 24319
24319 5258 28664
12758 8053 26150
26150 8053 12758
8053 12758 26150
17328 1649 13130
1649 13130 17328
13130 1649 17328
3082 6503 8684
6503 3082 8684
8684 3082 6503
11473 21799 24789
24789 11473 21799
21799 11473 24789
9510 9653 15193
9653 9510 15193
15193 9510 9653
24722 4402 9439
9439 4402 24722
4402 9439 24722
8000 20417 22256
22256 8000 20417
20417 8000 22256
26151 2668 16226
16226 2668 26151
2668 16226 26151
20788 7565 12468
12468 7565 20788
7565 12468 20788
14338 2511 12603
12603 2511 14338
2511 12603 14338
19605 4312 15131
4312 15131 19605
15131 4312 19605
13840 3466 10627
10627 3466 13840
3466 10627 13840
1266 9818 23320
23320 1266 9818
9818 1266 23320
4906 10156 15258
15258 4906 10156
10156 4906 15258
22819 19585 28177
28177 19585 22819
19585 22819 28177
2500 6615 25406
6615 2500 25406
25406 2500 6615
29537 6391 25918
25918 6391 29537
6391 25918 29537
27440 11956 23437
11956 23437 27440
23437 11956 27440
18293 10067 14289
10067 14289 18293
14289 10067 18293
11843 422 7180
7180 422 11843
422 7180 11843
27171 8123 11458
11458 8123 27171
8123 11458 27171
24570 6530 28771
28771 6530 24570
6530 24570 28771
5889 8335 24706
24706 5889 8335
8335 5889 24706
19754 23682 23715
23682 19754 23715
23715 19754 23682
29034 1681 8351
8351 1681 29034
1681 8351 29034
8902 5910 17573
17573 5910 8902
5910 8902 17573
3046 25219 27656
27656 3046 25219
25219 3046 27656
21768 8680 13408
13408 8680 21768
8680 13408 21768
22803 20397 24001
24001 20397 22803
20397 22803 24001
6412 15799 21216
15799 6412 21216
21216 6412 15799
4011 2083 26671
2083 4011 26671
26671 2083 4011
27799 19787 23141
19787 23141 27799
23141 19787 27799
5763 1122 11530
1122 5763 11530
11530 1122 5763
15196 1050 12318
12318 1050 15196
1050 12318 15196
15813 15817 23097
23097 15813 15817
15817 15813 23097
26869 1082 17562
1082 17562 26869
17562 1082 26869
2470 26548 28468
26548 2470 28468
28468 2470 26548
320 4688 20233
20233 320 4688
4688 320 20233
13271 2310 23806
23806 2310 13271
2310 13271 23806
16310 14851 22998
22998 14851 16310
14851 16310 22998
5766 20634 28014
20634 5766 28014
28014 5766 20634
19935 2910 15629
2910 15629 19935
15629 2910 19935
28600 506 12968
506 12968 28600
12968 506 28600
21196 16667 28249
28249 16667 21196
16667 21196 28249
2414 4429 19312
19312 2414 4429
4429 2414 19312
13613 22210 22770
22210 13613 22770
22770 13613 22210
16126 21267 24824
24824 16126 21267
21267 16126 24824
27847 17182 27098
17182 27098 27847
27098 17182 27847
24355 13666 27625
27625 13666 24355
13666 24355 27625
28011 8368 18532
8368 18532 28011
18532 8368 28011
6331 4936 25642
25642 4936 6331
4936 6331 25642
13343 12669 28294
12669 13343 28294
28294 12669 13343
28219 16754 28739
28739 16754 28219
16754 28219 28739
8890 12831 28683
28683 8890 12831
12831 8890 28683
26576 4980 24009
4980 24009 26576
24009 4980 26576
1848 8263 15106
8263 1848 15106
15106 1848 8263
21624 136 4467
4467 136 21624
136 4467 21624
13708 20899 29259
20899 13708 29259
29259 13708 20899
8448 10813 28832
28832 8448 10813
10813 8448 28832
17597 21437 28261
21437 17597 28261
28261 17597 21437
4123 2958 13243
13243 2958 4123
2958 4123 13243
11692 2295 14136
14136 2295 11692
2295 11692 14136
2036 1585 23158
1585 2036 23158
23158 1585 2036
5322 5911 20689
20689 5322 5911
5911 5322 20689
15772 1183 17565
17565 1183 15772
1183 15772 17565
20289 292 3085
3085 292 20289
292 3085 20289
8060 15640 17848
15640 8060 17848
17848 8060 15640
13419 10182 22863
22863 10182 13419
10182 13419 22863
5151 14898 17907
17907 5151 14898
14898 5151 17907
6635 11132 19295
11132 6635 19295
19295 6635 11132
12596 3691 19762
19762 3691 12596
3691 12596 19762
20329 38 25135
38 20329 25135
25135 38 20329
27146 14366 23642
14366 23642 27146
23642 14366 27146
3811 7549 21208
21208 3811 7549
7549 3811 21208
25953 12420 21547
21547 12420 25953
12420 21547 25953
24440 17599 29895
29895 17599 24440
17599 24440 29895
20149 6727 17323
17323 6727 20149
6727 17323 20149
24373 22106 22317
22106 22317 24373
22317 22106 24373
29347 2411 20376
2411 20376 29347
20376 2411 29347
22147 21369 22722
21369 22147 22722
22722 21369 22147
8079 6969 8273
6969 8079 8273
8273 6969 8079
351 16191 25850
25850 351 16191
16191 351 25850
12310 8765 17006
8765 12310 17006
17006 8765 12310
19048 13939 16174
16174 13939 19048
13939 16174 19048
19705 1924 8956
1924 8956 19705
8956 1924 19705
6400 15870 16518
16518 6400 15870
15870 6400 16518
26231 4030 5616
4030 5616 26231
5616 4030 26231
12731 1907 16656
1907 12731 16656
16656 1907 12731
8077 7836 25214
7836 8077 25214
25214 7836 8077
17024 16340 21424
21424 16340 17024
16340 17024 21424
18979 509 19726
509 18979 19726
19726 509 18979
24046 12999 28668
12999 24046 28668
28668 12999 24046
29744 9559 27335
9559 27335 29744
27335 9559 29744
19849 5304 21144
5304 19849 21144
21144 5304 19849
25358 2938 18945
18945 2938 25358
2938 18945 25358
5178 1718 21862
1718 5178 21862
21862 1718 5178
1858 3826 29419
3826 1858 29419
29419 1858 3826
27380 22829 23211
22829 23211 27380
23211 22829 27380
22715 6044 18983
18983 6044 22715
6044 18983 22715
25608 21017 28867
21017 25608 28867
28867 21017 25608
25849 11590 17697
11590 17697 25849
17697 11590 25849
8116 97 16576
16576 97 8116
97 8116 16576
22610 978 15389
978 15389 22610
15389 978 22610
27034 24759 25969
25969 24759 27034
24759 25969 27034
16285 21393 28829
21393 16285 28829
28829 16285 21393
3723 17974 22720
17974 3723 22720
22720 3723 17974
20657 5167 28614
5167 20657 28614
28614 5167 20657
7279 5251 13948
5251 7279 13948
13948 5251 7279
2403 22567 22839
22839 2403 22567
22567 2403 22839
3180 2930 24651
2930 3180 24651
24651 2930 3180
20708 805 8115
805 8115 20708
8115 805 20708
9165 2830 19964
2830 9165 19964
19964 2830 9165
13348 26737 29759
26737 13348 29759
29759 13348 26737
10 15424 25733
15424 10 25733
25733 10 15424
24938 1642 7228
1642 7228 24938
7228 1642 24938
17144 14483 28203
14483 17144 28203
28203 14483 17144
21622 26081 28064
28064 21622 26081
26081 21622 28064
25744 85 17342
85 17342 25744
17342 85 25744
10999 15978 16792
15978 10999 16792
16792 10999 15978
783 410 1833
1833 410 783
410 783 1833
20780 2551 12244
12244 2551 20780
2551 12244 20780
21597 8411 21070
8411 21070 21597
21070 8411 21597
16647 5477 7066
5477 7066 16647
7066 5477 16647
24170 20603 29446
20603 24170 29446
29446 20603 24170
29659 2233 21076
21076 2233 29659
2233 21076 29659
12149 9625 16013
9625 12149 16013
16013 9625 12149
9587 19242 20567
19242 9587 20567
20567 9587 19242
27035 13063 27244
27244 13063 27035
13063 27035 27244
18720 13669 20525
13669 18720 20525
20525 13669 18720
23441 13424 25326
25326 13424 23441
13424 23441 25326
20053 15785 18797
15785 18797 20053
18797 15785 20053
8847 7697 18081
18081 7697 8847
7697 8847 18081
23664 7052 18162
7052 18162 23664
18162 7052 23664
5328 15946 26256
15946 5328 26256
26256 5328 15946
26634 10981 20538
20538 10981 26634
10981 20538 26634
25959 16350 18283
16350 18283 25959
18283 16350 25959
7109 5700 20963
20963 5700 7109
5700 7109 20963
18966 11990 24473
11990 18966 24473
24473 11990 18966
29678 15809 19451
15809 19451 29678
19451 15809 29678
8310 1761 27115
1761 8310 27115
27115 1761 8310
3286 18594 27270
18594 3286 27270
27270 3286 18594
6395 6961 9107
9107 6395 6961
6961 6395 9107
8718 1178 7576
1178 7576 8718
7576 1178 8718
13696 24383 29434
24383 13696 29434
29434 13696 24383
27229 8453 11168
8453 11168 27229
11168 8453 27229
22015 4302 20008
4302 20008 22015
20008 4302 22015
26591 12549 23029
12549 23029 26591
23029 12549 26591
7455 17384 22042
22042 7455 17384
17384 7455 22042
16355 4465 21507
4465 16355 21507
21507 4465 16355
22211 849 29740
29740 849 22211
849 22211 29740
19215 8864 28656
8864 19215 28656
28656 8864 19215
22901 24813 26232
24813 22901 26232
26232 22901 24813
6199 1415 15192
1415 6199 15192
15192 1415 6199
21381 22361 28748
22361 21381 28748
28748 21381 22361
2261 4773 26525
26525 2261 4773
4773 2261 26525
5490 625 27377
27377 625 5490
625 5490 27377
29266 7845 8057
7845 8057 29266
8057 7845 29266
450 18297 21707
21707 450 18297
18297 450 21707
7282 11165 21748
11165 7282 21748
21748 7282 11165
17028 8850 25913
25913 8850 17028
8850 17028 25913
4396 3775 19968
3775 4396 19968
19968 3775 4396
29813 9927 20724
20724 9927 29813
9927 20724 29813
10071 16165 16979
16165 10071 16979
16979 10071 16165
11506 567 8975
567 8975 11506
8975 567 11506
5427 13801 25548
25548 5427 13801
13801 5427 25548
3613 10871 20672
20672 3613 10871
10871 3613 20672
26783 2990 15572
2990 15572 26783
15572 2990 26783
14626 21198 29009
29009 14626 21198
21198 14626 29009
14544 11699 28181
28181 11699 14544
11699 14544 28181
21386 5250 27218
27218 5250 21386
5250 21386 27218
404 4234 5044
5044 404 4234
4234 404 5044
8107 3168 17035
17035 3168 8107
3168 8107 17035
20079 4684 21294
4684 20079 21294
21294 4684 20079
19718 1247 13492
1247 13492 19718
13492 1247 19718
6048 14987 23745
23745 6048 14987
14987 6048 23745
419 4724 8365
8365 419 4724
4724 419 8365
9962 16888 19906
16888 9962 19906
19906 9962 16888
5270 7847 29168
29168 5270 7847
7847 5270 29168
7951 21262 23602
21262 7951 23602
23602 7951 21262
13992 6279 25941
6279 13992 25941
25941 6279 13992
17145 488 28404
488 17145 28404
28404 488 17145
20557 10270 15541
15541 10270 20557
10270 15541 20557
25896 2997 13741
13741 2997 25896
2997 13741 25896
3076 20774 26297
26297 3076 20774
20774 3076 26297
16367 27287 28295
28295 16367 27287
27287 16367 28295
14713 14163 23614
14163 14713 23614
23614 14163 14713
4900 16504 29286
16504 4900 29286
29286 4900 16504
11018 13358 19496
13358 11018 19496
19496 11018 13358
10501 2642 20432
2642 10501 20432
20432 2642 10501
7050 3262 25837
25837 3262 7050
3262 7050 25837
18634 21945 27967
27967 18634 21945
21945 18634 27967
24362 17476 26376
17476 24362 26376
26376 17476 24362
20419 4105 10610
4105 10610 20419
10610 4105 20419
15229 9406 18845
18845 9406 15229
9406 15229 18845
12337 10229 28462
28462 10229 12337
10229 12337 28462
14579 13652 26941
26941 13652 14579
13652 14579 26941
22097 18523 19113
19113 18523 22097
18523 19113 22097
14793 2849 20989
2849 14793 20989
20989 2849 14793
1628 21921 28333
21921 1628 28333
28333 1628 21921
7531 1276 29899
1276 7531 29899
29899 1276 7531
20485 3717 27291
3717 20485 27291
27291 3717 20485
23764 9285 15961
15961 9285 23764
9285 15961 23764
7735 19331 22990
19331 7735 22990
22990 7735 19331
10133 16193 21049
21049 10133 16193
16193 10133 21049
11312 1650 4440
1650 4440 11312
4440 1650 11312
29654 11237 29807
11237 29654 29807
29807 11237 29654
21361 7879 11040
11040 7879 21361
7879 11040 21361
3086 63 2518
2518 63 3086
63 2518 3086
4568 27740 28926
27740 4568 28926
28926 4568 27740
11151 6593 13622
13622 6593 11151
6593 11151 13622
1712 3409 11443
3409 1712 11443
11443 1712 3409
25701 19335 27879
27879 19335 25701
19335 25701 27879
11298 6936 20450
6936 11298 20450
20450 6936 11298
10068 26236 28789
26236 10068 28789
28789 10068 26236
13192 662 24802
662 13192 24802
24802 662 13192
18242 5483 21056
5483 18242 21056
21056 5483 18242
5873 7737 20980
20980 5873 7737
7737 5873 20980
9389 4066 6490
4066 6490 9389
6490 4066 9389
12313 1696 9841
9841 1696 12313
1696 9841 12313
5960 13620 16157
13620 5960 16157
16157 5960 13620
18545 2099 6674
6674 2099 18545
2099 6674 18545
14321 13587 18923
13587 14321 18923
18923 13587 14321
18804 8857 29487
8857 18804 29487
29487 8857 18804
16841 20 11434
11434 20 16841
20 11434 16841
15053 1565 13966
1565 13966 15053
13966 1565 15053
22841 5885 18361
5885 18361 22841
18361 5885 22841
9795 20232 20394
20232 9795 20394
20394 9795 20232
8905 7339 19885
7339 8905 19885
19885 7339 8905
5552 2978 28307
2978 5552 28307
28307 2978 5552
28621 5235 16342
16342 5235 28621
5235 16342 28621
4231 23565 28372
23565 4231 28372
28372 4231 23565
13812 8324 11262
11262 8324 13812
8324 11262 13812
28860 5790 28409
5790 28409 28860
28409 5790 28860
8064 3865 25434
25434 3865 8064
3865 8064 25434
7610 15017 27003
15017 7610 27003
27003 7610 15017
6892 798 28998
28998 798 6892
798 6892 28998
2694 14580 18800
18800 2694 14580
14580 2694 18800
16225 1518 24037
24037 1518 16225
1518 16225 24037
24379 13417 19771
19771 13417 24379
13417 19771 24379
7276 2636 10354
10354 2636 7276
2636 7276 10354
19996 5297 10616
10616 5297 19996
5297 10616 19996
6430 22421 24360
24360 6430 22421
22421 6430 24360
6022 7657 12671
7657 6022 12671
12671 6022 7657
14417 13146 29545
29545 13146 14417
13146 14417 29545
13442 5093 15403
15403 5093 13442
5093 13442 15403
3376 8579 8933
8579 3376 8933
8933 3376 8579
8980 20346 29103
29103 8980 20346
20346 8980 29103
11047 3453 18299
18299 3453 11047
3453 11047 18299
15730 13662 23685
23685 13662 15730
13662 15730 23685
27195 12363 16700
16700 12363 27195
12363 16700 27195
14933 1136 17246
1136 14933 17246
17246 1136 14933
19686 6070 24646
6070 19686 24646
24646 6070 19686
16146 9629 20467
9629 16146 20467
20467 9629 16146
4419 3795 14935
14935 3795 4419
3795 4419 14935
5630 23235 27896
23235 5630 27896
27896 5630 23235
5400 530 15901
15901 530 5400
530 5400 15901
12314 3256 27224
27224 3256 12314
3256 12314 27224
2781 3872 10472
10472 2781 3872
3872 2781 10472
28977 4010 8805
8805 4010 28977
4010 8805 28977
21334 3383 18404
3383 18404 21334
18404 3383 21334
8346 10035 28966
28966 8346 10035
10035 8346 28966
3529 17334 19768
17334 3529 19768
19768 3529 17334
27393 10298 16710
10298 16710 27393
16710 10298 27393
18816 1910 18968
1910 18816 18968
18968 1910 18816
3873 7664 10084
7664 3873 10084
10084 3873 7664
5974 19326 21511
19326 5974 21511
21511 5974 19326
1053 19176 19566
19176 1053 19566
19566 1053 19176
15584 13738 17614
17614 13738 15584
13738 15584 17614
21971 12772 21417
21417 12772 21971
12772 21417 21971
23568 19097 25470
19097 23568 25470
25470 19097 23568
21376 7501 21990
21990 7501 21376
7501 21376 21990
600 9956 12823
12823 600 9956
9956 600 12823
29978 6169 12860
12860 6169 29978
6169 12860 29978
23573 19118 25617
25617 19118 23573
19118 23573 25617
12745 5620 26948
5620 12745 26948
26948 5620 12745
11531 2049 25859
2049 11531 25859
25859 2049 11531
864 9704 12991
12991 864 9704
9704 864 12991
28253 3220 12898
12898 3220 28253
3220 12898 28253
25998 4211 25322
4211 25322 25998
25322 4211 25998
619 5066 19835
19835 619 5066
5066 619 19835
19145 1034 22264
22264 1034 19145
1034 19145 22264
4130 7773 20431
7773 4130 20431
20431 4130 7773
19376 18217 28025
18217 19376 28025
28025 18217 19376
28945 15703 20459
20459 15703 28945
15703 20459 28945
27779 8484 10028
10028 8484 27779
8484 10028 27779
25128 6954 12897
6954 12897 25128
12897 6954 25128
13686 6517 19738
6517 13686 19738
19738 6517 13686
28000 19285 22711
19285 22711 28000
22711 19285 28000
23744 3484 4335
3484 4335 23744
4335 3484 23744
20248 16564 24692
24692 16564 20248
16564 20248 24692
3025 5818 7033
7033 3025 5818
5818 3025 7033
19558 12957 15507
15507 12957 19558
12957 15507 19558
15803 10191 18426
10191 15803 18426
18426 10191 15803
17891 3176 7536
3176 7536 17891
7536 3176 17891
16630 7374 13561
13561 7374 16630
7374 13561 16630
21638 22422 28166
28166 21638 22422
22422 21638 28166
27182 18491 26552
18491 26552 27182
26552 18491 27182
3396 4305 5081
4305 3396 5081
5081 3396 4305
3759 4751 24164
24164 3759 4751
4751 3759 24164
21389 6536 8340
8340 6536 21389
6536 8340 21389
10243 3367 16236
3367 10243 16236
16236 3367 10243
16473 6058 10206
10206 6058 16473
6058 10206 16473
1 1025 5916
5916 1 1025
1025 1 5916
17762 20804 29922
20804 17762 29922
29922 17762 20804
28585 4581 7243
4581 7243 28585
7243 4581 28585
17862 8762 16560
8762 16560 17862
16560 8762 17862
25432 20092 28814
28814 20092 25432
20092 25432 28814
25516 6848 26685
26685 6848 25516
6848 25516 26685
17454 10278 14279
14279 10278 17454
10278 14279 17454
17530 8210 11228
11228 8210 17530
8210 11228 17530
19470 17186 25462
25462 17186 19470
17186 19470 25462
18282 15331 22554
22554 15331 18282
15331 18282 22554
18812 17453 19747
17453 18812 19747
19747 17453 18812
3336 13855 14301
14301 3336 13855
13855 3336 14301
18310 2957 3591
2957 3591 18310
3591 2957 18310
17020 3998 10409
3998 10409 17020
10409 3998 17020
24165 18787 23347
23347 18787 24165
18787 23347 24165
23336 2465 21602
2465 21602 23336
21602 2465 23336
21651 2535 26796
26796 2535 21651
2535 21651 26796
436 13567 15412
15412 436 13567
13567 436 15412
16086 21191 25826
25826 16086 21191
21191 16086 25826
6832 14181 21014
14181 6832 21014
21014 6832 14181
13720 11107 25867
25867 11107 13720
11107 13720 25867
25222 9855 24315
24315 9855 25222
9855 24315 25222
16716 8099 29247
8099 16716 29247
29247 8099 16716
15676 3527 14236
3527 14236 15676
14236 3527 15676
26536 8667 9504
9504 8667 26536
8667 9504 26536
1923 7223 15022
7223 1923 15022
15022 1923 7223
