121 335 2504
335 121 2504
2504 121 335
273 653 2900
2900 273 653
653 273 2900
1345 2070 2777
2070 1345 2777
2777 1345 2070
673 1638 1982
1638 673 1982
1982 673 1638
2358 36 2521
36 2358 2521
2521 36 2358
2342 1493 2815
2815 1493 2342
1493 2342 2815
1505 646 1426
1426 646 1505
646 1426 1505
1793 1195 1246
1195 1246 1793
1246 1195 1793
2287 101 2334
2334 101 2287
101 2287 2334
698 191 1186
1186 191 698
191 698 1186
945 557 2772
2772 557 945
557 945 2772
939 636 814
814 636 939
636 814 939
775 573 1216
1216 573 775
573 775 1216
2963 948 1993
1993 948 2963
948 1993 2963
871 1407 2134
1407 871 2134
2134 871 1407
2881 1836 2956
1836 2881 2956
2956 1836 2881
489 1429 2928
1429 489 2928
2928 489 1429
2917 594 1829
594 1829 2917
1829 594 2917
2799 116 1381
116 1381 2799
1381 116 2799
997 2856 2895
2856 997 2895
2895 997 2856
2194 170 422
422 170 2194
170 422 2194
127 530 2170
2170 127 530
530 127 2170
2414 102 2906
2906 102 2414
102 2414 2906
1004 228 2049
2049 228 1004
228 1004 2049
915 1225 1453
1225 915 1453
1453 915 1225
1772 1307 2456
1307 1772 2456
2456 1307 1772
1145 320 847
847 320 1145
320 847 1145
1421 1273 1839
1839 1273 1421
1273 1421 1839
15 278 2396
2396 15 278
278 15 2396
1066 312 2870
2870 312 1066
312 1066 2870
451 1859 1892
1892 451 1859
1859 451 1892
848 376 1024
376 848 1024
1024 376 848
2089 731 1191
1191 731 2089
731 1191 2089
2853 679 2958
679 2853 2958
2958 679 2853
2406 386 718
386 718 2406
718 386 2406
2886 443 833
833 443 2886
443 833 2886
2564 574 1099
1099 574 2564
574 1099 2564
2309 1562 1879
1562 1879 2309
1879 1562 2309
1388 1978 2328
2328 1388 1978
1978 1388 2328
2325 1208 2330
1208 2325 2330
2330 1208 2325
991 84 2845
84 991 2845
2845 84 991
2539 241 322
241 322 2539
322 241 2539
692 1488 2033
2033 692 1488
1488 692 2033
962 32 1401
1401 32 962
32 962 1401
966 1344 2055
1344 966 2055
2055 966 1344
1174 105 1034
1034 105 1174
105 1034 1174
2162 224 1485
224 1485 2162
1485 224 2162
2 397 614
397 2 614
614 2 397
2439 405 1326
1326 405 2439
405 1326 2439
1712 1494 2979
1494 1712 2979
2979 1494 1712
249 74 208
74 208 249
208 74 249
155 468 1720
1720 155 468
468 155 1720
2333 911 1945
911 1945 2333
1945 911 2333
269 931 2802
2802 269 931
931 269 2802
2959 1869 2530
2530 1869 2959
1869 2530 2959
2911 1076 2175
2175 1076 2911
1076 2175 2911
1906 444 2252
444 1906 2252
2252 444 1906
1457 2554 2873
2554 1457 2873
2873 1457 2554
1774 14 2405
14 1774 2405
2405 14 1774
1630 1765 2480
2480 1630 1765
1765 1630 2480
16 1685 2694
1685 16 2694
2694 16 1685
295 563 1251
1251 295 563
563 295 1251
567 2467 2576
2576 567 2467
2467 567 2576
2398 2728 2913
2728 2398 2913
2913 2398 2728
1065 578 2779
578 1065 2779
2779 578 1065
385 598 2319
598 385 2319
2319 385 598
2262 1116 1144
1116 1144 2262
1144 1116 2262
235 330 1016
1016 235 330
330 235 1016
1802 688 1058
1058 688 1802
688 1058 1802
2412 985 2034
985 2034 2412
2034 985 2412
2727 818 2365
2365 818 2727
818 2365 2727
2623 1220 1478
1478 1220 2623
1220 1478 2623
2696 1491 2339
2339 1491 2696
1491 2339 2696
1160 734 1715
734 1160 1715
1715 734 1160
2872 553 1153
1153 553 2872
553 1153 2872
2394 149 2449
2449 149 2394
149 2394 2449
727 437 2605
437 727 2605
2605 437 727
676 1020 2064
2064 676 1020
1020 676 2064
2983 47 980
980 47 2983
47 980 2983
635 377 499
377 499 635
499 377 635
604 1507 1757
1507 604 1757
1757 604 1507
1489 984 1834
984 1489 1834
1834 984 1489
2488 352 2110
352 2110 2488
2110 352 2488
2392 134 404
134 404 2392
404 134 2392
2622 1642 1692
1692 1642 2622
1642 1692 2622
2790 2464 2469
2469 2464 2790
2464 2469 2790
2433 1736 2747
1736 2433 2747
2747 1736 2433
2953 1807 2352
2352 1807 2953
1807 2352 2953
941 382 1219
382 941 1219
1219 382 941
1263 2074 2854
2074 1263 2854
2854 1263 2074
1824 248 2151
248 1824 2151
2151 248 1824
1946 431 2829
2829 431 1946
431 1946 2829
2695 340 2430
2430 340 2695
340 2430 2695
1192 2200 2816
2816 1192 2200
2200 1192 2816
2875 257 1140
1140 257 2875
257 1140 2875
1089 23 2896
2896 23 1089
23 1089 2896
822 660 2916
660 822 2916
2916 660 822
1169 1798 2020
2020 1169 1798
1798 1169 2020
1150 709 2863
709 1150 2863
2863 709 1150
2468 766 2492
766 2468 2492
2492 766 2468
715 1608 2788
1608 715 2788
2788 715 1608
1302 10 824
824 10 1302
10 824 1302
1957 371 389
389 371 1957
371 389 1957
40 448 908
448 40 908
908 40 448
63 229 876
229 63 876
876 63 229
1693 2838 2929
2838 1693 2929
2929 1693 2838
1265 2045 2687
2045 1265 2687
2687 1265 2045
1633 160 1308
160 1308 1633
1308 160 1633
338 1566 1800
1800 338 1566
1566 338 1800
2889 1055 2808
1055 2808 2889
2808 1055 2889
1288 640 1380
640 1288 1380
1380 640 1288
315 765 1936
765 315 1936
1936 315 765
1368 506 1574
506 1368 1574
1574 506 1368
1097 350 365
365 350 1097
350 365 1097
795 12 137
12 137 795
137 12 795
2222 2607 2862
2862 2222 2607
2607 2222 2862
664 740 1950
740 664 1950
1950 664 740
2221 844 1002
844 1002 2221
1002 844 2221
1961 662 1540
1540 662 1961
662 1540 1961
809 1356 2841
1356 809 2841
2841 809 1356
331 351 2496
2496 331 351
351 331 2496
469 1166 2238
1166 469 2238
2238 469 1166
2143 672 2672
672 2143 2672
2672 672 2143
2762 1155 2515
1155 2515 2762
2515 1155 2762
153 2612 2780
2612 153 2780
2780 153 2612
538 993 1292
1292 538 993
993 538 1292
1240 1044 1604
1604 1044 1240
1044 1240 1604
1357 1597 2801
2801 1357 1597
1597 1357 2801
318 1276 2167
1276 318 2167
2167 318 1276
2438 233 501
501 233 2438
233 501 2438
2362 1383 2242
1383 2242 2362
2242 1383 2362
825 755 1548
755 825 1548
1548 755 825
774 1428 2111
2111 774 1428
1428 774 2111
2572 909 1235
1235 909 2572
909 1235 2572
2599 1025 1268
1268 1025 2599
1025 1268 2599
2058 1338 2814
2814 1338 2058
1338 2058 2814
866 1690 2957
1690 866 2957
2957 866 1690
1041 2231 2386
2231 1041 2386
2386 1041 2231
2761 592 2387
592 2387 2761
2387 592 2761
1073 2173 2538
2538 1073 2173
2173 1073 2538
2427 1072 2149
1072 2149 2427
2149 1072 2427
1747 1053 1998
1053 1747 1998
1998 1053 1747
1822 475 1528
1528 475 1822
475 1528 1822
1450 750 2141
2141 750 1450
750 1450 2141
2270 879 2531
2531 879 2270
879 2270 2531
1376 1527 2130
1527 1376 2130
2130 1376 1527
1231 1298 2397
1298 1231 2397
2397 1231 1298
942 284 1912
1912 284 942
284 942 1912
733 827 2703
2703 733 827
827 733 2703
2237 250 2939
2939 250 2237
250 2237 2939
582 1285 2709
1285 582 2709
2709 582 1285
2510 2051 2367
2051 2367 2510
2367 2051 2510
3 154 2053
2053 3 154
154 3 2053
1130 456 2007
456 1130 2007
2007 456 1130
1813 1816 2316
2316 1813 1816
1816 1813 2316
799 267 306
267 306 799
306 267 799
843 407 2719
2719 407 843
407 843 2719
1675 1654 1754
1654 1675 1754
1754 1654 1675
2630 68 1532
1532 68 2630
68 1532 2630
1071 1587 1809
1587 1071 1809
1809 1071 1587
1740 1349 1591
1591 1349 1740
1349 1591 1740
2611 2032 2738
2738 2032 2611
2032 2611 2738
2450 426 1506
426 1506 2450
1506 426 2450
1402 549 2948
549 1402 2948
2948 549 1402
162 217 555
217 162 555
555 162 217
2281 375 1203
1203 375 2281
375 1203 2281
1462 703 786
703 786 1462
786 703 1462
2263 615 1935
1935 615 2263
615 1935 2263
783 1422 2773
1422 783 2773
2773 783 1422
1068 712 2965
2965 712 1068
712 1068 2965
1988 1206 2619
2619 1206 1988
1206 1988 2619
1425 631 890
890 631 1425
631 890 1425
1986 1399 2041
1399 1986 2041
2041 1399 1986
697 1406 2823
1406 697 2823
2823 697 1406
1369 887 1610
887 1369 1610
1610 887 1369
2595 767 906
906 767 2595
767 906 2595
2534 53 1632
1632 53 2534
53 1632 2534
1529 761 2495
2495 761 1529
761 1529 2495
655 1028 1581
1581 655 1028
1028 655 1581
1797 37 1133
37 1133 1797
1133 37 1797
2717 687 1306
687 1306 2717
1306 687 2717
2363 239 1236
239 1236 2363
1236 239 2363
2920 853 1897
1897 853 2920
853 1897 2920
739 726 1201
1201 726 739
726 739 1201
2373 1973 2204
1973 2204 2373
2204 1973 2373
2091 303 2271
2271 303 2091
303 2091 2271
1778 737 1697
1697 737 1778
737 1697 1778
1258 1346 2553
2553 1258 1346
1346 1258 2553
175 97 2835
2835 97 175
97 175 2835
1711 1245 2052
1245 1711 2052
2052 1245 1711
782 1362 2555
1362 782 2555
2555 782 1362
244 1966 2982
1966 244 2982
2982 244 1966
200 308 2088
308 200 2088
2088 200 308
1728 429 674
674 429 1728
429 674 1728
196 1414 2080
2080 196 1414
1414 196 2080
2311 1944 2512
2512 1944 2311
1944 2311 2512
629 436 1105
436 629 1105
1105 436 629
1722 82 2318
82 1722 2318
2318 82 1722
462 88 1990
1990 88 462
88 462 1990
1260 240 2591
2591 240 1260
240 1260 2591
454 332 2461
332 454 2461
2461 332 454
2018 971 2067
2067 971 2018
971 2018 2067
1241 2589 2592
2592 1241 2589
2589 1241 2592
1043 131 1331
1331 131 1043
131 1043 1331
802 735 1119
735 802 1119
1119 735 802
1087 525 2849
2849 525 1087
525 1087 2849
26 912 2786
2786 26 912
912 26 2786
252 1110 1513
1110 252 1513
1513 252 1110
1498 1709 2800
1709 1498 2800
2800 1498 1709
2254 1340 2133
1340 2133 2254
2133 1340 2254
1337 1707 2421
2421 1337 1707
1707 1337 2421
2722 2378 2574
2378 2574 2722
2574 2378 2722
2988 2029 2364
2364 2029 2988
2029 2364 2988
1687 730 2693
2693 730 1687
730 1687 2693
132 511 913
913 132 511
511 132 913
1678 471 2251
471 1678 2251
2251 471 1678
1209 1926 2705
2705 1209 1926
1926 1209 2705
396 1242 2635
1242 396 2635
2635 396 1242
851 2042 2888
2042 851 2888
2888 851 2042
599 1465 2321
1465 599 2321
2321 599 1465
2832 854 2676
2676 854 2832
854 2676 2832
247 1177 2688
2688 247 1177
1177 247 2688
2763 965 2734
2734 965 2763
965 2734 2763
2199 519 2215
2215 519 2199
519 2199 2215
353 1010 1899
1010 353 1899
1899 353 1010
2122 1672 1956
1956 1672 2122
1672 1956 2122
2721 559 1512
1512 559 2721
559 1512 2721
621 156 2626
156 621 2626
2626 156 621
1827 1555 1890
1555 1827 1890
1890 1555 1827
652 705 1769
705 652 1769
1769 652 705
1442 1057 2356
2356 1057 1442
1057 1442 2356
2978 1595 2590
2590 1595 2978
1595 2590 2978
2803 1361 1934
1361 1934 2803
1934 1361 2803
989 125 1609
125 989 1609
1609 125 989
225 1637 2453
1637 225 2453
2453 225 1637
2653 1082 2867
1082 2653 2867
2867 1082 2653
1148 955 2566
2566 955 1148
955 1148 2566
1484 2733 2792
2733 1484 2792
2792 1484 2733
18 1877 2844
2844 18 1877
1877 18 2844
2138 213 2380
213 2138 2380
2380 213 2138
1677 841 2345
841 1677 2345
2345 841 1677
2638 494 634
494 634 2638
634 494 2638
546 541 2887
541 546 2887
2887 541 546
2076 272 2692
272 2076 2692
2692 272 2076
415 956 2649
956 415 2649
2649 415 956
1898 656 1833
656 1833 1898
1833 656 1898
91 585 601
585 91 601
601 91 585
2479 670 1094
1094 670 2479
670 1094 2479
1949 667 858
667 858 1949
858 667 1949
1124 2075 2561
2075 1124 2561
2561 1124 2075
485 1644 2125
1644 485 2125
2125 485 1644
2885 1508 2118
2118 1508 2885
1508 2118 2885
1496 1776 2436
2436 1496 1776
1776 1496 2436
649 1561 2470
2470 649 1561
1561 649 2470
550 950 2079
950 550 2079
2079 550 950
2192 1542 2179
2179 1542 2192
1542 2179 2192
606 696 2729
696 606 2729
2729 606 696
2024 7 1352
1352 7 2024
7 1352 2024
2570 1390 1900
1390 1900 2570
1900 1390 2570
1294 50 1257
1257 50 1294
50 1257 1294
2621 216 1181
216 1181 2621
1181 216 2621
625 619 1084
1084 619 625
619 625 1084
771 684 1796
1796 684 771
684 771 1796
2048 1535 2382
2382 1535 2048
1535 2048 2382
2614 1234 2095
2095 1234 2614
1234 2095 2614
1689 1789 2730
2730 1689 1789
1789 1689 2730
54 964 2981
2981 54 964
964 54 2981
1147 800 1850
800 1147 1850
1850 800 1147
2227 1580 1764
1580 1764 2227
1764 1580 2227
2613 1137 2155
1137 2155 2613
2155 1137 2613
304 2288 2689
2288 304 2689
2689 304 2288
1339 533 1049
533 1049 1339
1049 533 1339
1835 2558 2834
2558 1835 2834
2834 1835 2558
1970 811 1658
1658 811 1970
811 1658 1970
826 231 1600
231 826 1600
1600 231 826
2940 922 2061
2061 922 2940
922 2061 2940
2597 1315 1766
1766 1315 2597
1315 1766 2597
270 691 812
812 270 691
691 270 812
1127 76 2214
2214 76 1127
76 1127 2214
1412 933 2609
933 1412 2609
2609 933 1412
855 388 865
865 388 855
388 855 865
891 1516 2077
2077 891 1516
1516 891 2077
1713 568 928
928 568 1713
568 928 1713
2945 2457 2587
2587 2457 2945
2457 2587 2945
1455 2303 2498
2498 1455 2303
2303 1455 2498
1821 586 1327
586 1327 1821
1327 586 1821
1262 346 539
539 346 1262
346 539 1262
2280 1832 1927
1832 1927 2280
1927 1832 2280
622 790 2185
2185 622 790
790 622 2185
1213 2257 2715
2715 1213 2257
2257 1213 2715
1556 2086 2355
2355 1556 2086
2086 1556 2355
2588 1431 1438
1431 1438 2588
1438 1431 2588
1958 1938 2087
2087 1938 1958
1938 1958 2087
1318 1576 2322
1576 1318 2322
2322 1318 1576
2962 440 1149
440 1149 2962
1149 440 2962
2097 2528 2901
2528 2097 2901
2901 2097 2528
2013 628 2809
628 2013 2809
2809 628 2013
1312 923 1669
1669 923 1312
923 1312 1669
2277 556 2442
2442 556 2277
556 2277 2442
1143 176 1189
1189 176 1143
176 1143 1189
1803 661 1739
1739 661 1803
661 1739 1803
707 1320 1758
1320 707 1758
1758 707 1320
2683 838 919
919 838 2683
838 919 2683
2278 2685 2825
2825 2278 2685
2685 2278 2825
817 1519 2582
2582 817 1519
1519 817 2582
129 31 2897
2897 31 129
31 129 2897
2000 1193 2218
1193 2000 2218
2218 1193 2000
1627 1857 2211
1857 1627 2211
2211 1627 1857
2207 529 1495
529 1495 2207
1495 529 2207
288 95 1382
1382 95 288
95 288 1382
300 1550 1695
1550 300 1695
1695 300 1550
565 369 633
369 565 633
633 369 565
1360 1178 2776
2776 1178 1360
1178 1360 2776
1686 1543 1629
1629 1543 1686
1543 1629 1686
742 669 2206
2206 669 742
669 742 2206
2543 1634 2486
2486 1634 2543
1634 2486 2543
399 921 1237
1237 399 921
921 399 1237
1054 1038 2518
2518 1038 1054
1038 1054 2518
2924 543 1107
543 1107 2924
1107 543 2924
1470 393 1014
393 1014 1470
1014 393 1470
2658 368 2631
2631 368 2658
368 2631 2658
92 577 1474
577 92 1474
1474 92 577
683 1553 2096
2096 683 1553
1553 683 2096
2563 756 2503
756 2503 2563
2503 756 2563
792 835 1299
835 792 1299
1299 792 835
2144 1088 2544
1088 2144 2544
2544 1088 2144
1175 642 2700
2700 642 1175
642 1175 2700
1100 1871 1913
1913 1100 1871
1871 1100 1913
2409 1045 1104
1045 1104 2409
1104 1045 2409
2490 1027 2154
1027 2154 2490
2154 1027 2490
2183 952 2344
2344 952 2183
952 2183 2344
2545 452 1322
452 1322 2545
1322 452 2545
2586 967 1612
1612 967 2586
967 1612 2586
1567 1274 1790
1274 1567 1790
1790 1274 1567
2641 126 339
126 339 2641
339 126 2641
1354 1207 2158
2158 1207 1354
1207 1354 2158
2340 258 764
764 258 2340
258 764 2340
2858 1549 2551
2551 1549 2858
1549 2551 2858
2217 815 2650
2650 815 2217
815 2217 2650
2428 317 2259
2259 317 2428
317 2259 2428
301 1459 1492
1492 301 1459
1459 301 1492
1062 561 2893
561 1062 2893
2893 561 1062
2444 1165 1204
1204 1165 2444
1165 1204 2444
1855 1379 1838
1838 1379 1855
1379 1838 1855
1984 214 2360
2360 214 1984
214 1984 2360
1355 690 1919
1919 690 1355
690 1355 1919
1818 1023 1967
1023 1818 1967
1967 1023 1818
1883 1502 1962
1962 1502 1883
1502 1883 1962
182 192 261
192 182 261
261 182 192
221 19 937
19 221 937
937 19 221
1009 2038 2317
2038 1009 2317
2317 1009 2038
2645 341 2043
341 2043 2645
2043 341 2645
2161 763 2081
763 2081 2161
2081 763 2161
1410 2446 2617
2446 1410 2617
2617 1410 2446
427 390 1733
1733 390 427
390 427 1733
901 507 1373
1373 507 901
507 901 1373
1392 976 2514
976 1392 2514
2514 976 1392
699 1861 2432
1861 699 2432
2432 699 1861
1545 460 2884
460 1545 2884
2884 460 1545
1999 1853 2966
1853 1999 2966
2966 1853 1999
2701 1317 1947
1947 1317 2701
1317 1947 2701
201 665 2516
665 201 2516
2516 201 665
2440 347 1517
347 1517 2440
1517 347 2440
2968 2782 2976
2782 2968 2976
2976 2782 2968
1575 1418 1940
1940 1418 1575
1418 1575 1940
2902 536 2830
536 2830 2902
2830 536 2902
2039 1443 2964
2964 1443 2039
1443 2039 2964
1398 442 1614
1614 442 1398
442 1398 1614
2190 362 882
362 882 2190
882 362 2190
870 884 2753
2753 870 884
884 870 2753
2992 89 1042
89 1042 2992
1042 89 2992
808 112 552
112 552 808
552 112 808
2473 1904 2882
2882 1904 2473
1904 2473 2882
418 1050 2556
2556 418 1050
1050 418 2556
593 804 2525
804 593 2525
2525 593 804
2401 413 1842
1842 413 2401
413 1842 2401
2223 2581 2712
2581 2223 2712
2712 2223 2581
394 1479 1571
1571 394 1479
1479 394 1571
537 1132 2357
1132 537 2357
2357 537 1132
1977 680 1787
680 1787 1977
1787 680 1977
2575 2240 2931
2931 2240 2575
2240 2575 2931
1989 316 1523
316 1523 1989
1523 316 1989
65 1828 2675
1828 65 2675
2675 65 1828
1067 693 2268
693 1067 2268
2268 693 1067
1256 500 1196
1196 500 1256
500 1196 1256
2598 1812 2109
2109 1812 2598
1812 2109 2598
554 299 2451
299 554 2451
2451 299 554
2868 1655 2973
2973 1655 2868
1655 2868 2973
1511 2006 2416
2006 1511 2416
2416 1511 2006
1515 1468 2677
2677 1468 1515
1468 1515 2677
43 1405 1932
1405 43 1932
1932 43 1405
2403 510 2001
2001 510 2403
510 2001 2403
2159 133 1780
1780 133 2159
133 1780 2159
2542 1971 2839
1971 2542 2839
2839 1971 2542
531 1350 1573
1350 531 1573
1573 531 1350
2646 521 638
521 638 2646
638 521 2646
778 1040 2073
1040 778 2073
2073 778 1040
2124 487 1221
1221 487 2124
487 1221 2124
1448 237 2991
2991 237 1448
237 1448 2991
864 357 1008
1008 357 864
357 864 1008
1848 283 728
728 283 1848
283 728 1848
744 1845 2176
1845 744 2176
2176 744 1845
27 532 1129
1129 27 532
532 27 1129
1749 1061 2670
1061 1749 2670
2670 1061 1749
1146 2250 2336
2250 1146 2336
2336 1146 2250
2395 1366 2949
2949 1366 2395
1366 2395 2949
1840 181 2431
2431 181 1840
181 1840 2431
1701 1885 2999
1885 1701 2999
2999 1701 1885
2399 1126 2519
2519 1126 2399
1126 2399 2519
2297 1283 2072
2072 1283 2297
1283 2072 2297
1378 383 743
743 383 1378
383 743 1378
1476 211 1096
211 1096 1476
1096 211 1476
408 1063 2123
1063 408 2123
2123 408 1063
940 1385 2417
1385 940 2417
2417 940 1385
1710 171 2478
171 1710 2478
2478 171 1710
1951 209 1313
1313 209 1951
209 1313 1951
1537 115 2196
2196 115 1537
115 1537 2196
1920 491 849
491 849 1920
849 491 1920
2837 579 930
579 930 2837
930 579 2837
558 2335 2407
2407 558 2335
2335 558 2407
2549 1359 2522
1359 2522 2549
2522 1359 2549
2148 1441 1652
1441 1652 2148
1652 1441 2148
477 1578 2293
2293 477 1578
1578 477 2293
821 1551 2557
2557 821 1551
1551 821 2557
839 526 2415
526 839 2415
2415 526 839
2165 580 2606
2606 580 2165
580 2165 2606
902 1003 1817
1817 902 1003
1003 902 1817
2947 253 1622
253 1622 2947
1622 253 2947
1914 292 363
292 363 1914
363 292 1914
184 1290 2188
1290 184 2188
2188 184 1290
2536 1296 2843
2843 1296 2536
1296 2536 2843
873 1403 2117
1403 873 2117
2117 873 1403
926 888 1805
888 926 1805
1805 888 926
281 509 1336
509 281 1336
1336 281 509
1440 624 2499
2499 624 1440
624 1440 2499
227 1271 2471
1271 227 2471
2471 227 1271
2714 311 1365
311 1365 2714
1365 311 2714
2388 736 785
785 736 2388
736 785 2388
658 1039 2933
1039 658 2933
2933 658 1039
1615 1158 2943
2943 1158 1615
1158 1615 2943
1596 1924 2402
2402 1596 1924
1924 1596 2402
79 1416 1611
1611 79 1416
1416 79 1611
6 910 1461
1461 6 910
910 6 1461
651 459 1188
1188 459 651
459 651 1188
1588 2804 2997
2804 1588 2997
2997 1588 2804
492 387 936
387 492 936
936 387 492
1427 111 2938
111 1427 2938
2938 111 1427
1694 869 2532
869 1694 2532
2532 869 1694
2684 1194 1305
1305 1194 2684
1194 1305 2684
177 435 1756
435 177 1756
1756 177 435
2093 264 432
264 432 2093
432 264 2093
391 2305 2571
2305 391 2571
2571 391 2305
2766 513 1335
513 1335 2766
1335 513 2766
2258 527 2351
2351 527 2258
527 2258 2351
2764 1518 2775
2775 1518 2764
1518 2764 2775
2980 122 1374
122 1374 2980
1374 122 2980
611 602 1628
1628 602 611
602 611 1628
1026 569 1159
1159 569 1026
569 1026 1159
2031 2267 2660
2267 2031 2660
2660 2031 2267
2935 1503 2291
2291 1503 2935
1503 2291 2935
1964 49 421
421 49 1964
49 421 1964
2475 21 48
21 48 2475
48 21 2475
1910 1112 2187
1112 1910 2187
2187 1112 1910
1185 820 2967
2967 820 1185
820 1185 2967
395 169 1180
169 395 1180
1180 169 395
1309 666 1729
1729 666 1309
666 1309 1729
505 457 1142
1142 457 505
457 505 1142
2247 2377 2915
2915 2247 2377
2377 2247 2915
80 1983 2795
1983 80 2795
2795 80 1983
286 1577 2624
1577 286 2624
2624 286 1577
2047 975 2145
2145 975 2047
975 2047 2145
1030 1737 2246
1737 1030 2246
2246 1030 1737
2296 2286 2749
2286 2296 2749
2749 2286 2296
29 2372 2930
2372 29 2930
2930 29 2372
275 1673 2972
2972 275 1673
1673 275 2972
2150 953 1394
953 1394 2150
1394 953 2150
1017 168 791
168 791 1017
791 168 1017
1823 1646 2726
1646 1823 2726
2726 1646 1823
751 17 1446
17 751 1446
1446 17 751
2568 2484 2861
2484 2568 2861
2861 2484 2568
2017 198 2664
2664 198 2017
198 2017 2664
904 508 1019
508 904 1019
1019 508 904
1639 2914 2989
2914 1639 2989
2989 1639 2914
1788 626 757
757 626 1788
626 757 1788
276 400 863
400 276 863
863 276 400
528 2784 2950
2784 528 2950
2950 528 2784
1187 2036 2166
2166 1187 2036
2036 1187 2166
1748 483 1649
483 1649 1748
1649 483 1748
877 1660 2420
2420 877 1660
1660 877 2420
2021 2014 2952
2952 2014 2021
2014 2021 2952
2343 161 378
378 161 2343
161 378 2343
1667 596 1717
1717 596 1667
596 1667 1717
1526 30 796
796 30 1526
30 796 1526
1635 336 515
336 515 1635
515 336 1635
842 1075 1483
1483 842 1075
1075 842 1483
1384 417 1200
1200 417 1384
417 1200 1384
1732 947 1264
947 1264 1732
1264 947 1732
1585 1520 2282
2282 1520 1585
1520 1585 2282
2656 1534 2636
1534 2636 2656
2636 1534 2656
234 467 880
880 234 467
467 234 880
2517 518 2314
2314 518 2517
518 2314 2517
2921 701 1190
1190 701 2921
701 1190 2921
450 412 1995
1995 412 450
412 450 1995
1482 1716 2671
2671 1482 1716
1716 1482 2671
2184 987 2659
987 2184 2659
2659 987 2184
1948 361 1849
1849 361 1948
361 1849 1948
434 994 2235
2235 434 994
994 434 2235
878 334 2644
2644 334 878
334 878 2644
982 2289 2302
2302 982 2289
2289 982 2302
1867 1319 1396
1396 1319 1867
1319 1396 1867
2905 1224 2708
1224 2708 2905
2708 1224 2905
524 104 1232
1232 104 524
104 524 1232
1473 1136 2524
1136 1473 2524
2524 1136 1473
1992 343 2657
2657 343 1992
343 1992 2657
242 183 893
183 242 893
893 183 242
2603 481 1746
1746 481 2603
481 1746 2603
1091 178 650
650 178 1091
178 650 1091
2661 1451 2434
2434 1451 2661
1451 2434 2661
138 342 1718
342 138 1718
1718 138 342
781 881 2533
881 781 2533
2533 781 881
951 438 1771
438 951 1771
1771 438 951
2511 8 406
406 8 2511
8 406 2511
798 1439 1808
1808 798 1439
1439 798 1808
920 1570 1795
1570 920 1795
1795 920 1570
380 75 700
700 75 380
75 380 700
2212 1170 2295
1170 2212 2295
2295 1170 2212
2046 2770 2970
2770 2046 2970
2970 2046 2770
2027 420 2927
2927 420 2027
420 2027 2927
2441 1810 1918
1918 1810 2441
1810 1918 2441
630 1022 1994
1994 630 1022
1022 630 1994
135 576 1727
1727 135 576
576 135 1727
2864 85 845
85 845 2864
845 85 2864
612 944 1968
1968 612 944
944 612 1968
495 458 2147
2147 458 495
458 495 2147
2035 1894 2547
1894 2035 2547
2547 1894 2035
2578 1504 1714
1714 1504 2578
1504 1714 2578
1997 157 732
157 732 1997
732 157 1997
2226 897 1734
1734 897 2226
897 1734 2226
2276 747 2807
747 2276 2807
2807 747 2276
255 1275 2969
2969 255 1275
1275 255 2969
119 857 2608
857 119 2608
2608 119 857
2160 379 2686
2686 379 2160
379 2160 2686
2423 414 1154
414 1154 2423
1154 414 2423
1930 1415 1884
1884 1415 1930
1415 1884 1930
2171 2615 2748
2748 2171 2615
2615 2171 2748
1295 1656 2057
2057 1295 1656
1656 1295 2057
2648 419 2768
419 2648 2768
2768 419 2648
44 136 2877
136 44 2877
2877 44 136
1706 144 1184
1184 144 1706
144 1184 1706
2713 165 464
464 165 2713
165 464 2713
2817 207 2833
2833 207 2817
207 2817 2833
114 148 570
148 114 570
570 114 148
1069 1452 1929
1452 1069 1929
1929 1069 1452
1601 1436 2283
1436 1601 2283
2283 1436 1601
1975 2320 2391
2320 1975 2391
2391 1975 2320
243 1420 2643
2643 243 1420
1420 243 2643
2463 2482 2824
2824 2463 2482
2482 2463 2824
1664 118 2065
118 1664 2065
2065 118 1664
2874 1696 2847
2847 1696 2874
1696 2847 2874
600 2489 2891
2489 600 2891
2891 600 2489
2261 1282 2099
1282 2099 2261
2099 1282 2261
1670 773 1259
1259 773 1670
773 1259 1670
1172 327 935
935 327 1172
327 935 1172
609 490 1243
1243 490 609
490 609 1243
372 502 2629
502 372 2629
2629 372 502
206 1819 2225
1819 206 2225
2225 206 1819
1118 2307 2926
2926 1118 2307
2307 1118 2926
708 2203 2205
2205 708 2203
2203 708 2205
345 1371 2793
2793 345 1371
1371 345 2793
2757 894 2987
2987 894 2757
894 2757 2987
1375 1056 1480
1056 1375 1480
1480 1056 1375
2348 535 943
943 535 2348
535 943 2348
2327 1647 2552
2552 1647 2327
1647 2327 2552
1770 2107 2602
2602 1770 2107
2107 1770 2602
313 325 724
325 313 724
724 313 325
1726 1559 2681
1559 1726 2681
2681 1559 1726
892 473 2840
473 892 2840
2840 473 892
2146 787 2120
2120 787 2146
787 2120 2146
2731 677 2667
2667 677 2731
677 2667 2731
589 1051 1873
1873 589 1051
1051 589 1873
61 520 1249
1249 61 520
520 61 1249
2737 337 968
337 968 2737
968 337 2737
1372 663 2857
663 1372 2857
2857 663 1372
2366 659 2234
659 2234 2366
2234 659 2366
1109 810 1250
810 1109 1250
1250 810 1109
2274 517 1792
517 1792 2274
1792 517 2274
2389 98 605
605 98 2389
98 605 2389
1851 2756 2932
2756 1851 2932
2932 1851 2756
1279 185 837
837 185 1279
185 837 1279
1745 1419 2632
2632 1419 1745
1419 1745 2632
973 1321 1976
1321 973 1976
1976 973 1321
1724 232 1000
1000 232 1724
232 1000 1724
2565 1297 1721
1721 1297 2565
1297 1721 2565
453 1281 2465
1281 453 2465
2465 453 1281
895 1626 2866
2866 895 1626
1626 895 2866
2071 746 2509
746 2071 2509
2509 746 2071
158 754 2946
2946 158 754
754 158 2946
1875 28 1777
1777 28 1875
28 1777 1875
1377 298 1584
298 1377 1584
1584 298 1377
9 398 1397
398 9 1397
1397 9 398
2312 374 445
445 374 2312
374 445 2312
1684 94 2265
2265 94 1684
94 1684 2265
246 749 1972
1972 246 749
749 246 1972
34 401 1624
1624 34 401
401 34 1624
1389 151 1310
151 1310 1389
1310 151 1389
2116 2445 2546
2445 2116 2546
2546 2116 2445
1953 1565 1933
1565 1933 1953
1933 1565 1953
1896 1539 2923
1539 1896 2923
2923 1539 1896
1866 145 1197
145 1197 1866
1197 145 1866
2245 548 590
548 590 2245
590 548 2245
2285 1773 2156
2156 1773 2285
1773 2156 2285
1893 2023 2164
2164 1893 2023
2023 1893 2164
1411 90 2899
2899 90 1411
90 1411 2899
1648 560 2647
560 1648 2647
2647 560 1648
627 875 1636
1636 627 875
875 627 1636
2618 13 671
671 13 2618
13 671 2618
2129 1784 2481
1784 2129 2481
2481 1784 2129
2353 2174 2370
2174 2353 2370
2370 2174 2353
949 2500 2639
2500 949 2639
2639 949 2500
1753 704 2850
704 1753 2850
2850 704 1753
1059 1032 2577
1032 1059 2577
2577 1032 1059
1901 675 1138
1138 675 1901
675 1138 1901
1872 1303 2942
1303 1872 2942
2942 1303 1872
551 1514 2951
2951 551 1514
1514 551 2951
2455 2119 2301
2301 2119 2455
2119 2301 2455
1114 1779 2025
2025 1114 1779
1779 1114 2025
1907 830 1987
830 1907 1987
1987 830 1907
2419 657 1463
657 1463 2419
1463 657 2419
290 1135 1524
1524 290 1135
1135 290 1524
760 220 917
220 760 917
917 220 760
2323 2085 2508
2085 2323 2508
2508 2085 2323
613 449 1801
449 613 1801
1801 449 613
1631 872 1815
1815 872 1631
872 1631 1815
279 803 828
828 279 803
803 279 828
2361 1134 2157
2157 1134 2361
1134 2157 2361
2704 1665 2106
1665 2106 2704
2106 1665 2704
2015 2341 2569
2341 2015 2569
2569 2015 2341
2477 245 1923
245 1923 2477
1923 245 2477
1783 1738 2350
2350 1738 1783
1738 1783 2350
929 564 2663
2663 564 929
564 929 2663
959 1424 1981
1424 959 1981
1981 959 1424
545 1928 2210
1928 545 2210
2210 545 1928
2443 1176 2201
1176 2201 2443
2201 1176 2443
2003 641 2219
2219 641 2003
641 2003 2219
2153 823 2493
823 2153 2493
2493 823 2153
571 470 1700
1700 470 571
470 571 1700
52 1284 2390
1284 52 2390
2390 52 1284
2697 11 2202
2202 11 2697
11 2202 2697
852 307 2347
307 852 2347
2347 307 852
2368 1291 1760
1291 1760 2368
1760 1291 2368
1391 293 979
979 293 1391
293 979 1391
1501 1980 2890
1980 1501 2890
2890 1501 1980
2831 850 2418
2418 850 2831
850 2418 2831
110 1367 2346
1367 110 2346
2346 110 1367
354 1460 2616
2616 354 1460
1460 354 2616
2702 1083 2012
1083 2012 2702
2012 1083 2702
2400 883 2819
883 2400 2819
2819 883 2400
2485 1683 2180
2180 1683 2485
1683 2180 2485
2294 1086 1671
1671 1086 2294
1086 1671 2294
2115 1122 1218
1218 1122 2115
1122 1218 2115
1662 540 2264
2264 540 1662
540 1662 2264
384 1115 1621
1115 384 1621
1621 384 1115
2655 309 1742
309 1742 2655
1742 309 2655
1226 1908 2375
1908 1226 2375
2375 1226 1908
970 1117 1522
1117 970 1522
1522 970 1117
99 46 2908
46 99 2908
2908 46 99
544 150 2501
2501 150 544
150 544 2501
2290 668 2918
668 2290 2918
2918 668 2290
1594 702 2103
702 1594 2103
2103 702 1594
2168 2248 2315
2315 2168 2248
2248 2168 2315
1458 898 1657
1657 898 1458
898 1458 1657
1048 1942 2640
2640 1048 1942
1942 1048 2640
1854 868 1199
1199 868 1854
868 1199 1854
2520 72 1874
1874 72 2520
72 1874 2520
1156 410 2186
2186 410 1156
410 1156 2186
1037 107 1123
1123 107 1037
107 1037 1123
566 1113 2082
2082 566 1113
1113 566 2082
1444 1247 2090
2090 1247 1444
1247 1444 2090
1370 1085 2105
1085 1370 2105
2105 1085 1370
2062 772 999
772 999 2062
999 772 2062
1538 1661 2098
1661 1538 2098
2098 1538 1661
1341 1211 2742
1211 1341 2742
2742 1211 1341
1888 2255 2827
2255 1888 2827
2827 1888 2255
1466 860 1846
1846 860 1466
860 1466 1846
215 1300 2253
2253 215 1300
1300 215 2253
741 2560 2662
2662 741 2560
2560 741 2662
439 425 2668
425 439 2668
2668 425 439
816 146 998
146 816 998
998 146 816
67 319 1991
319 67 1991
1991 67 319
961 143 1270
143 961 1270
1270 143 961
409 770 1202
1202 409 770
770 409 1202
2376 2084 2743
2084 2376 2743
2743 2084 2376
2954 620 2820
620 2820 2954
2820 620 2954
230 367 1046
1046 230 367
367 230 1046
174 1806 2128
2128 174 1806
1806 174 2128
1289 219 925
219 925 1289
925 219 1289
305 1079 2679
1079 305 2679
2679 305 1079
1454 2371 2620
2620 1454 2371
2371 1454 2620
2026 954 986
986 954 2026
954 986 2026
1131 905 1015
905 1015 1131
1015 905 1131
2669 932 2720
2720 932 2669
932 2669 2720
1782 886 1791
1791 886 1782
886 1782 1791
2408 2665 2995
2995 2408 2665
2665 2408 2995
1272 108 296
108 296 1272
296 108 1272
310 1332 2651
2651 310 1332
1332 310 2651
1233 874 2131
874 1233 2131
2131 874 1233
1481 644 2744
2744 644 1481
644 1481 2744
1794 289 2329
289 1794 2329
2329 289 1794
2711 542 2191
542 2191 2711
2191 542 2711
1750 1012 2936
1012 1750 2936
2936 1012 1750
195 1171 1837
1837 195 1171
1171 195 1837
373 370 1286
1286 370 373
370 373 1286
916 1413 1811
1413 916 1811
1811 916 1413
2593 1435 2806
1435 2593 2806
2806 1435 2593
465 139 1963
139 465 1963
1963 139 465
2846 447 1607
1607 447 2846
447 1607 2846
2710 271 1316
271 1316 2710
1316 271 2710
1943 193 1547
193 1547 1943
1547 193 1943
2673 846 1164
1164 846 2673
846 1164 2673
2213 1035 1205
1205 1035 2213
1035 1205 2213
1799 1212 2944
1212 1799 2944
2944 1212 1799
2869 2690 2879
2690 2869 2879
2879 2690 2869
2828 1586 1751
1586 1751 2828
1751 1586 2828
2993 2016 2919
2919 2016 2993
2016 2919 2993
2152 1456 1536
1456 1536 2152
1536 1456 2152
1864 1974 2476
2476 1864 1974
1974 1864 2476
1400 2610 2746
2746 1400 2610
2610 1400 2746
575 1959 2163
2163 575 1959
1959 575 2163
722 1952 2381
1952 722 2381
2381 722 1952
2308 1620 1911
1911 1620 2308
1620 1911 2308
779 907 957
907 779 957
957 779 907
423 1267 2458
1267 423 2458
2458 423 1267
333 1618 2975
2975 333 1618
1618 333 2975
2139 1554 1744
1554 1744 2139
1744 1554 2139
260 77 433
433 77 260
77 260 433
725 314 2243
314 725 2243
2243 314 725
639 1070 1490
1070 639 1490
1490 639 1070
2474 805 1280
805 1280 2474
1280 805 2474
355 1617 2279
1617 355 2279
2279 355 1617
2304 654 2137
2137 654 2304
654 2137 2304
1387 113 1915
113 1387 1915
1915 113 1387
1589 963 2723
963 1589 2723
2723 963 1589
1925 1121 2860
2860 1121 1925
1121 1925 2860
124 55 446
55 124 446
446 55 124
1931 1006 2755
1006 1931 2755
2755 1006 1931
2778 218 2842
2842 218 2778
218 2778 2842
1064 2752 2990
2990 1064 2752
2752 1064 2990
1902 1759 2579
1759 1902 2579
2579 1759 1902
1891 236 411
411 236 1891
236 411 1891
1215 268 1533
268 1215 1533
1533 268 1215
2765 1074 2934
1074 2765 2934
2934 1074 2765
2424 1909 2998
1909 2424 2998
2998 1909 2424
1052 359 2740
359 1052 2740
2740 359 1052
2974 59 618
59 618 2974
618 59 2974
831 1659 2540
2540 831 1659
1659 831 2540
1266 1725 2383
2383 1266 1725
1725 1266 2383
2604 482 1469
1469 482 2604
482 1469 2604
914 1334 2805
1334 914 2805
2805 914 1334
1210 256 266
266 256 1210
256 266 1210
1965 1230 2354
1230 1965 2354
2354 1230 1965
2497 1128 1641
1128 1641 2497
1641 1128 2497
2865 794 2883
2883 794 2865
794 2865 2883
1395 42 2272
2272 42 1395
42 1395 2272
2140 2600 2785
2785 2140 2600
2600 2140 2785
648 647 1668
647 648 1668
1668 647 648
205 1060 1767
1060 205 1767
1767 205 1060
1139 1563 2637
1563 1139 2637
2637 1139 1563
348 856 1111
1111 348 856
856 348 1111
2385 1569 2507
1569 2385 2507
2507 1569 2385
5 1161 2337
2337 5 1161
1161 5 2337
2197 1882 2466
2466 1882 2197
1882 2197 2466
147 344 587
587 147 344
344 147 587
1005 1179 1755
1755 1005 1179
1179 1005 1755
1887 210 1592
1592 210 1887
210 1592 1887
1954 1036 2374
1036 1954 2374
2374 1036 1954
946 2585 2724
2585 946 2724
2724 946 2585
2232 1077 2977
1077 2232 2977
2977 1077 2232
73 70 859
70 73 859
859 70 73
1183 788 1304
1304 788 1183
788 1183 1304
729 1095 2758
2758 729 1095
1095 729 2758
1098 189 753
753 189 1098
189 753 1098
2404 706 2094
706 2094 2404
2094 706 2404
2821 934 2562
934 2562 2821
2562 934 2821
488 479 2851
2851 479 488
479 488 2851
2537 2113 2971
2971 2113 2537
2113 2537 2971
287 623 1763
623 287 1763
1763 287 623
2822 190 1433
1433 190 2822
190 1433 2822
1223 562 2447
2447 562 1223
562 1223 2447
1856 1613 2535
1613 1856 2535
2535 1613 1856
2009 1214 2195
1214 2009 2195
2195 1214 2009
280 608 2783
2783 280 608
608 280 2783
682 2332 2732
2332 682 2732
2732 682 2332
776 1090 2260
2260 776 1090
1090 776 2260
1393 990 1404
990 1393 1404
1404 990 1393
2760 584 2102
584 2102 2760
2102 584 2760
1785 1323 2628
1323 1785 2628
2628 1323 1785
472 793 1590
1590 472 793
793 472 1590
2937 780 885
885 780 2937
780 885 2937
2691 254 1477
1477 254 2691
254 1477 2691
2529 1261 2104
1261 2104 2529
2104 1261 2529
2083 159 522
522 159 2083
159 522 2083
2925 1081 2771
1081 2771 2925
2771 1081 2925
2994 534 711
711 534 2994
534 711 2994
2101 1434 2066
1434 2066 2101
2066 1434 2101
2331 140 2063
140 2063 2331
2063 140 2331
179 226 1691
1691 179 226
226 179 1691
2996 512 1599
512 1599 2996
1599 512 2996
2004 899 2306
2306 899 2004
899 2004 2306
1841 1467 2813
2813 1467 1841
1467 1841 2813
745 581 758
581 745 758
758 581 745
96 69 2310
2310 69 96
69 96 2310
2178 428 2580
428 2178 2580
2580 428 2178
2298 1157 2767
1157 2298 2767
2767 1157 2298
1960 1643 2300
2300 1643 1960
1643 1960 2300
56 100 2136
100 56 2136
2136 56 100
1831 1229 1546
1546 1229 1831
1229 1546 1831
2292 1674 2855
1674 2292 2855
2855 1674 2292
356 1653 2502
1653 356 2502
2502 356 1653
2550 474 2796
474 2550 2796
2796 474 2550
1021 86 1031
1031 86 1021
86 1021 1031
2460 2275 2735
2275 2460 2735
2735 2275 2460
109 769 1680
1680 109 769
769 109 1680
1252 777 2078
2078 777 1252
777 1252 2078
694 2567 2791
2567 694 2791
2791 694 2567
1173 197 1699
197 1173 1699
1699 197 1173
2005 1358 1895
1895 1358 2005
1358 1895 2005
1876 238 476
238 476 1876
476 238 1876
2008 282 1863
282 1863 2008
1863 282 2008
2313 83 1386
83 1386 2313
1386 83 2313
2548 194 324
324 194 2548
194 324 2548
486 1445 1568
1568 486 1445
1445 486 1568
1564 81 829
81 829 1564
829 81 1564
1762 1650 2208
1650 1762 2208
2208 1650 1762
2010 1363 2127
2127 1363 2010
1363 2010 2127
285 1167 2425
1167 285 2425
2425 285 1167
616 1120 2774
1120 616 2774
2774 616 1120
960 981 2961
981 960 2961
2961 960 981
1858 1676 1941
1941 1676 1858
1676 1858 1941
617 1666 2044
1666 617 2044
2044 617 1666
66 204 1227
204 66 1227
1227 66 204
478 2273 2739
2739 478 2273
2273 478 2739
547 713 2037
713 547 2037
2037 547 713
2189 51 2848
2848 51 2189
51 2189 2848
1244 1572 2114
1572 1244 2114
2114 1244 1572
1487 4 1222
1222 4 1487
4 1222 1487
1775 1 2892
1 1775 2892
2892 1 1775
1870 163 591
163 591 1870
591 163 1870
2904 1287 1663
1287 1663 2904
1663 1287 2904
2384 22 2601
2601 22 2384
22 2384 2601
297 2326 2818
2818 297 2326
2326 297 2818
2559 2028 2506
2506 2028 2559
2028 2506 2559
2811 461 1103
461 1103 2811
1103 461 2811
1301 1679 1880
1880 1301 1679
1679 1301 1880
710 972 1510
972 710 1510
1510 710 972
33 2220 2674
2674 33 2220
2220 33 2674
2422 87 2249
87 2249 2422
2249 87 2422
199 840 2836
840 199 2836
2836 199 840
1735 1544 1557
1557 1544 1735
1544 1557 1735
1182 1623 2022
2022 1182 1623
1623 1182 2022
2750 152 1342
152 1342 2750
1342 152 2750
302 610 1847
610 302 1847
1847 302 610
992 455 867
867 455 992
455 867 992
958 2181 2627
2181 958 2627
2627 958 2181
1786 1125 1905
1125 1786 1905
1905 1125 1786
2132 441 2413
441 2132 2413
2413 441 2132
1781 588 1417
588 1417 1781
1417 588 1781
1741 836 2126
2126 836 1741
836 1741 2126
1151 686 1530
686 1151 1530
1530 686 1151
2462 392 2435
392 2435 2462
2435 392 2462
71 274 1102
1102 71 274
274 71 1102
2787 172 1705
172 1705 2787
1705 172 2787
717 2040 2056
2056 717 2040
2040 717 2056
2652 1598 2452
2452 1598 2652
1598 2452 2652
2448 1865 2984
1865 2448 2984
2984 1865 2448
2789 58 2880
58 2789 2880
2880 58 2789
130 977 1625
977 130 1625
1625 130 977
1328 142 202
202 142 1328
142 202 1328
1106 1437 2909
2909 1106 1437
1437 1106 2909
2584 1886 2256
2256 1886 2584
1886 2256 2584
1979 39 2699
39 1979 2699
2699 39 1979
1878 1101 2349
1101 1878 2349
2349 1101 1878
117 695 1582
1582 117 695
695 117 1582
1703 1293 2224
2224 1293 1703
1293 1703 2224
643 1001 1500
1500 643 1001
1001 643 1500
1033 996 1814
996 1033 1814
1814 996 1033
2169 93 813
813 93 2169
93 813 2169
1603 262 974
974 262 1603
262 974 1603
1011 25 2878
25 1011 2878
2878 25 1011
78 164 834
834 78 164
164 78 834
978 2209 2678
2678 978 2209
2209 978 2678
903 1007 1432
1432 903 1007
1007 903 1432
1704 924 983
924 983 1704
983 924 1704
2526 2338 2736
2338 2526 2736
2736 2338 2526
1619 2019 2177
2177 1619 2019
2019 1619 2177
1108 1409 2068
2068 1108 1409
1409 1108 2068
2798 768 2437
768 2437 2798
2437 768 2798
1583 748 969
969 748 1583
748 969 1583
2718 681 807
807 681 2718
681 807 2718
1825 120 2573
2573 120 1825
120 1825 2573
2922 632 2859
2859 632 2922
632 2859 2922
2955 514 2121
514 2121 2955
2121 514 2955
2244 1325 2228
1325 2228 2244
2228 1325 2244
1497 1525 2494
2494 1497 1525
1525 1497 2494
1353 1768 1916
1916 1353 1768
1768 1353 1916
167 128 2454
2454 128 167
128 167 2454
1253 1921 2812
2812 1253 1921
1921 1253 2812
720 1080 1719
1719 720 1080
1080 720 1719
2050 714 2491
714 2050 2491
2491 714 2050
2472 480 2266
2266 480 2472
480 2266 2472
723 1269 1955
1269 723 1955
1955 723 1269
1343 498 1752
1752 498 1343
498 1343 1752
1843 1013 1903
1903 1013 1843
1013 1843 1903
2241 1447 1996
1996 1447 2241
1447 1996 2241
223 1152 2108
2108 223 1152
1152 223 2108
2182 2680 2852
2852 2182 2680
2680 2182 2852
1509 173 1239
173 1239 1509
1239 173 1509
678 1552 2233
1552 678 2233
2233 678 1552
2666 1163 2716
1163 2666 2716
2716 1163 2666
637 1681 2236
1681 637 2236
2236 637 1681
595 918 2069
918 595 2069
2069 595 918
326 927 1238
927 326 1238
1238 326 927
2642 291 2011
291 2011 2642
2011 291 2642
819 896 2871
2871 819 896
896 819 2871
222 1852 2654
1852 222 2654
2654 222 1852
2269 294 1881
1881 294 2269
294 1881 2269
1558 583 2054
2054 583 1558
583 1558 2054
463 251 1047
1047 251 463
251 463 1047
2797 41 2299
41 2299 2797
2299 41 2797
1605 1351 2903
1351 1605 2903
2903 1351 1605
1347 321 2513
321 1347 2513
2513 321 1347
166 328 2100
2100 166 328
328 166 2100
2216 2483 2912
2483 2216 2912
2912 2216 2483
2794 186 259
186 259 2794
259 186 2794
689 1472 1761
1761 689 1472
1472 689 1761
2751 1314 1364
1314 1364 2751
1364 1314 2751
277 1708 2541
1708 277 2541
2541 277 1708
2369 1743 1917
1743 1917 2369
1917 1743 2369
180 62 2625
62 180 2625
2625 62 180
523 484 1826
484 523 1826
1826 484 523
103 806 1640
806 103 1640
1640 103 806
1471 358 1078
1078 358 1471
358 1078 1471
203 329 2426
329 203 2426
2426 203 329
20 265 1682
1682 20 265
265 20 1682
797 60 607
607 60 797
60 607 797
1593 64 2745
64 1593 2745
2745 64 1593
3000 424 2410
2410 424 3000
424 2410 3000
1985 123 784
123 784 1985
784 123 1985
801 1969 2826
2826 801 1969
1969 801 2826
1688 1464 2411
1464 1688 2411
2411 1464 1688
1922 430 762
762 430 1922
430 762 1922
1844 2060 2393
2060 1844 2393
2393 1844 2060
1606 1830 2459
2459 1606 1830
1830 1606 2459
349 1018 1093
1018 349 1093
1093 349 1018
1541 1162 2429
2429 1162 1541
1162 1541 2429
496 1702 2172
1702 496 2172
2172 496 1702
2781 685 1330
1330 685 2781
685 1330 2781
2135 35 2898
2898 35 2135
35 2135 2898
466 1277 1521
1521 466 1277
1277 466 1521
1333 360 645
645 360 1333
360 645 1333
1579 403 1499
403 1499 1579
