137 163 225
163 137 225
225 137 163
268 52 271
52 268 271
271 52 268
19 112 168
112 19 168
168 19 112
292 111 277
111 277 292
277 111 292
269 141 298
141 269 298
298 141 269
142 84 172
172 84 142
84 142 172
127 51 169
169 51 127
51 127 169
23 74 256
74 23 256
256 23 74
82 32 165
165 32 82
32 82 165
16 90 98
98 16 90
90 16 98
152 194 285
194 152 285
285 152 194
128 205 289
289 128 205
205 128 289
9 78 226
226 9 78
78 9 226
5 55 234
234 5 55
55 5 234
103 263 281
263 103 281
281 103 263
181 229 293
229 181 293
293 181 229
37 100 246
246 37 100
100 37 246
149 43 197
197 43 149
43 149 197
182 35 75
75 35 182
35 75 182
7 66 185
66 7 185
185 7 66
122 113 162
162 113 122
113 122 162
218 28 290
28 218 290
290 28 218
4 34 261
34 4 261
261 4 34
99 203 231
203 99 231
231 99 203
25 50 132
50 25 132
132 25 50
107 49 209
209 49 107
49 107 209
87 46 254
46 87 254
254 46 87
17 95 102
102 17 95
95 17 102
233 27 200
200 27 233
27 200 233
253 67 110
67 110 253
110 67 253
58 40 214
214 40 58
40 58 214
116 114 262
114 116 262
262 114 116
279 211 288
288 211 279
211 279 288
252 38 121
38 121 252
121 38 252
147 235 242
242 147 235
235 147 242
126 222 227
227 126 222
222 126 227
2 54 264
54 2 264
264 2 54
299 228 257
257 228 299
228 257 299
135 125 184
184 125 135
125 135 184
258 159 206
206 159 258
159 206 258
96 29 224
29 96 224
224 29 96
57 161 180
161 57 180
180 57 161
171 70 220
220 70 171
70 171 220
143 88 198
198 88 143
88 143 198
287 56 79
79 56 287
56 79 287
97 85 124
85 97 124
124 85 97
278 178 273
273 178 278
178 273 278
12 15 167
15 12 167
167 12 15
216 94 251
251 94 216
94 216 251
92 129 153
129 92 153
153 92 129
72 177 244
177 72 244
244 72 177
158 175 276
276 158 175
175 158 276
104 62 202
202 62 104
62 104 202
22 196 212
212 22 196
196 22 212
76 31 133
133 31 76
31 76 133
108 68 123
68 108 123
123 68 108
238 6 18
6 18 238
18 6 238
120 8 89
8 89 120
89 8 120
237 14 275
14 237 275
275 14 237
282 3 41
3 41 282
41 3 282
59 250 286
250 59 286
286 59 250
297 183 189
183 189 297
189 183 297
26 119 208
119 26 208
208 26 119
213 150 170
170 150 213
150 170 213
160 36 109
36 109 160
109 36 160
270 42 117
42 117 270
117 42 270
154 240 291
240 154 291
291 154 240
247 64 115
115 64 247
64 115 247
190 245 248
245 190 248
248 190 245
44 230 294
294 44 230
230 44 294
20 156 239
239 20 156
156 20 239
33 193 255
255 33 193
193 33 255
151 81 176
81 151 176
176 81 151
173 53 283
53 173 283
283 53 173
131 106 300
106 131 300
300 106 131
139 48 204
204 48 139
48 139 204
93 221 284
284 93 221
221 93 284
195 130 192
130 192 195
192 130 195
45 10 134
134 10 45
10 45 134
83 188 241
241 83 188
188 83 241
155 21 280
21 155 280
280 21 155
179 145 219
145 179 219
219 145 179
174 105 118
105 118 174
118 105 174
24 187 249
249 24 187
187 24 249
232 91 223
223 91 232
91 223 232
164 136 274
274 136 164
136 164 274
191 236 266
236 191 266
266 191 236
1 61 272
61 1 272
272 1 61
210 215 296
296 210 215
215 210 296
260 63 101
101 63 260
63 101 260
71 11 140
11 71 140
140 11 71
60 69 265
69 60 265
265 60 69
30 80 157
80 30 157
157 30 80
65 73 199
199 65 73
73 65 199
166 86 201
201 86 166
86 166 201
295 207 243
207 243 295
243 207 295
13 39 186
186 13 39
39 13 186
267 144 148
144 148 267
148 144 267
77 47 217
217 47 77
47 77 217
146 138 259
259 138 146
138 146 259
