2415 413 1287
413 1287 2415
1287 413 2415
290 2107 2536
2536 290 2107
2107 290 2536
2674 1074 1241
1241 1074 2674
1074 1241 2674
620 584 2444
584 620 2444
2444 584 620
1839 440 2780
2780 440 1839
440 1839 2780
2942 775 1778
775 1778 2942
1778 775 2942
792 829 1497
1497 792 829
829 792 1497
684 420 963
963 420 684
420 684 963
1496 229 2190
2190 229 1496
229 1496 2190
570 1059 2464
1059 570 2464
2464 570 1059
15 953 2195
953 15 2195
2195 15 953
2012 677 2540
2540 677 2012
677 2012 2540
2369 159 1283
159 1283 2369
1283 159 2369
262 671 1296
1296 262 671
671 262 1296
1381 1204 2987
2987 1204 1381
1204 1381 2987
559 758 828
758 559 828
828 559 758
397 869 1419
1419 397 869
869 397 1419
2652 253 450
253 450 2652
450 253 2652
2746 2439 2999
2439 2746 2999
2999 2439 2746
2608 2338 2721
2721 2338 2608
2338 2608 2721
1232 1266 2792
2792 1232 1266
1266 1232 2792
676 1440 1987
1987 676 1440
1440 676 1987
1779 1592 2410
1592 1779 2410
2410 1592 1779
1016 2188 2873
2873 1016 2188
2188 1016 2873
2543 64 202
202 64 2543
64 202 2543
197 945 1058
1058 197 945
945 197 1058
1426 1087 1216
1216 1087 1426
1087 1216 1426
1677 2163 2705
2163 1677 2705
2705 1677 2163
2179 606 2567
606 2179 2567
2567 606 2179
521 2109 2697
2697 521 2109
2109 521 2697
1542 13 465
13 465 1542
465 13 1542
1509 1792 2267
1792 1509 2267
2267 1509 1792
928 1953 2071
1953 928 2071
2071 928 1953
1495 767 1375
767 1375 1495
1375 767 1495
668 1159 2945
1159 668 2945
2945 668 1159
1698 735 1504
735 1504 1698
1504 735 1698
1167 435 2593
2593 435 1167
435 1167 2593
1628 2513 2848
2513 1628 2848
2848 1628 2513
2257 754 1306
754 1306 2257
1306 754 2257
740 1139 2700
2700 740 1139
1139 740 2700
669 2403 2491
2491 669 2403
2403 669 2491
487 1212 1867
1867 487 1212
1212 487 1867
1910 1268 2897
1268 1910 2897
2897 1268 1910
914 2134 2164
2134 914 2164
2164 914 2134
2750 833 834
834 833 2750
833 834 2750
783 551 1854
551 783 1854
1854 551 783
942 1964 2007
1964 942 2007
2007 942 1964
1781 1259 2891
2891 1259 1781
1259 1781 2891
787 1611 1991
1991 787 1611
1611 787 1991
257 42 880
880 42 257
42 257 880
2435 2144 2145
2145 2144 2435
2144 2145 2435
8 755 1390
1390 8 755
755 8 1390
538 864 1541
864 538 1541
1541 538 864
199 907 2288
2288 199 907
907 199 2288
143 766 2227
2227 143 766
766 143 2227
504 1503 2359
1503 504 2359
2359 504 1503
548 944 1382
944 548 1382
1382 548 944
2474 66 1831
1831 66 2474
66 1831 2474
2272 2360 2866
2360 2272 2866
2866 2272 2360
1996 424 2467
424 1996 2467
2467 424 1996
2794 1125 2205
1125 2205 2794
2205 1125 2794
1113 396 1556
396 1113 1556
1556 396 1113
1073 369 2309
369 1073 2309
2309 369 1073
481 1263 2982
1263 481 2982
2982 481 1263
1202 1299 1961
1299 1202 1961
1961 1202 1299
699 134 2966
2966 134 699
134 699 2966
1357 188 2872
188 1357 2872
2872 188 1357
2348 302 1533
302 1533 2348
1533 302 2348
1665 1100 2622
1100 1665 2622
2622 1100 1665
1768 457 471
471 457 1768
457 471 1768
2525 777 2484
777 2484 2525
2484 777 2525
1249 237 1402
237 1249 1402
1402 237 1249
929 1215 1493
1493 929 1215
1215 929 1493
2511 142 613
142 613 2511
613 142 2511
704 2358 2990
2358 704 2990
2990 704 2358
2390 524 808
524 808 2390
808 524 2390
1789 499 2094
499 1789 2094
2094 499 1789
466 97 2316
2316 97 466
97 466 2316
979 666 1143
1143 666 979
666 979 1143
1346 1469 2215
1469 1346 2215
2215 1346 1469
2117 263 1422
1422 263 2117
263 1422 2117
1450 557 2229
2229 557 1450
557 1450 2229
355 256 2665
2665 256 355
256 355 2665
640 102 331
102 331 640
331 102 640
776 96 1276
96 776 1276
1276 96 776
644 764 1374
764 644 1374
1374 644 764
62 289 1360
289 62 1360
1360 62 289
568 1929 2148
2148 568 1929
1929 568 2148
2503 965 1889
965 1889 2503
1889 965 2503
974 656 2243
656 974 2243
2243 656 974
728 157 2817
157 728 2817
2817 157 728
1122 1137 2459
1137 1122 2459
2459 1122 1137
1692 654 2167
2167 654 1692
654 1692 2167
1783 2336 2898
2336 1783 2898
2898 1783 2336
811 16 547
547 16 811
16 547 811
1798 908 1250
908 1250 1798
1250 908 1798
1603 222 587
222 587 1603
587 222 1603
2566 1846 2315
2315 1846 2566
1846 2315 2566
2875 1807 2515
1807 2515 2875
2515 1807 2875
682 891 2717
891 682 2717
2717 682 891
809 854 1416
854 809 1416
1416 809 854
2916 680 1438
680 1438 2916
1438 680 2916
2452 89 2230
2230 89 2452
89 2230 2452
2140 138 2432
2432 138 2140
138 2140 2432
2559 1135 2346
2346 1135 2559
1135 2346 2559
2524 749 2078
2078 749 2524
749 2078 2524
2407 423 603
603 423 2407
423 603 2407
212 2082 2172
2172 212 2082
2082 212 2172
1988 819 2994
2994 819 1988
819 1988 2994
1962 1720 2299
2299 1720 1962
1720 1962 2299
1041 851 1196
1196 851 1041
851 1041 1196
2344 99 1432
1432 99 2344
99 1432 2344
1777 751 1926
751 1777 1926
1926 751 1777
1335 512 601
601 512 1335
512 601 1335
1206 1331 1511
1331 1206 1511
1511 1206 1331
2921 604 1689
1689 604 2921
604 1689 2921
3 1293 2581
2581 3 1293
1293 3 2581
2886 599 2542
599 2542 2886
2542 599 2886
458 370 590
590 370 458
370 458 590
2726 1334 2764
2764 1334 2726
1334 2726 2764
2598 2235 2950
2235 2598 2950
2950 2235 2598
1101 2026 2963
2963 1101 2026
2026 1101 2963
377 454 700
700 377 454
454 377 700
2596 981 2551
2551 981 2596
981 2551 2596
703 931 2722
2722 703 931
931 703 2722
1664 2113 2719
2719 1664 2113
2113 1664 2719
747 542 647
647 542 747
542 647 747
2972 1061 1763
1763 1061 2972
1061 1763 2972
2892 905 1457
905 1457 2892
1457 905 2892
2529 1238 1748
1748 1238 2529
1238 1748 2529
425 1142 2623
1142 425 2623
2623 425 1142
1349 373 2387
2387 373 1349
373 1349 2387
1337 1818 2405
2405 1337 1818
1818 1337 2405
1822 1418 2322
2322 1418 1822
1418 1822 2322
893 2127 2694
2127 893 2694
2694 893 2127
2000 1136 2517
2517 1136 2000
1136 2000 2517
400 77 2535
2535 77 400
77 400 2535
2577 158 1816
1816 158 2577
158 1816 2577
406 1373 2863
1373 406 2863
2863 406 1373
495 890 1842
890 495 1842
1842 495 890
2637 632 1265
632 1265 2637
1265 632 2637
1522 1765 1827
1765 1522 1827
1827 1522 1765
2253 139 2815
139 2253 2815
2815 139 2253
1205 667 865
865 667 1205
667 865 1205
2088 727 2225
2225 727 2088
727 2088 2225
403 447 2126
2126 403 447
447 403 2126
2864 236 1608
236 1608 2864
1608 236 2864
2742 1324 1489
1324 1489 2742
1489 1324 2742
1434 2030 2226
2030 1434 2226
2226 1434 2030
179 2271 2310
2310 179 2271
2271 179 2310
2610 1643 2979
2979 1643 2610
1643 2610 2979
1236 690 782
690 782 1236
782 690 1236
1099 852 1079
852 1079 1099
1079 852 1099
815 922 2217
2217 815 922
922 815 2217
596 1092 2782
2782 596 1092
1092 596 2782
1571 1804 2729
1804 1571 2729
2729 1571 1804
2811 526 2221
526 2221 2811
2221 526 2811
973 1401 2779
1401 973 2779
2779 973 1401
930 796 1258
1258 796 930
796 930 1258
800 1710 2776
2776 800 1710
1710 800 2776
1732 334 1181
334 1181 1732
1181 334 1732
900 1836 2380
1836 900 2380
2380 900 1836
2978 1166 2997
1166 2978 2997
2997 1166 2978
1445 737 1635
1635 737 1445
737 1445 1635
663 1719 2679
2679 663 1719
1719 663 2679
2175 652 2595
652 2175 2595
2595 652 2175
1888 374 904
374 904 1888
904 374 1888
1754 515 1399
1399 515 1754
515 1399 1754
2292 1853 2037
2037 1853 2292
1853 2037 2292
2416 595 1727
1727 595 2416
595 1727 2416
2620 2110 2248
2110 2248 2620
2248 2110 2620
2685 1436 1587
1436 1587 2685
1587 1436 2685
2214 1069 1632
1069 1632 2214
1632 1069 2214
1756 1082 2019
2019 1082 1756
1082 1756 2019
416 582 2956
2956 416 582
582 416 2956
2926 393 2576
393 2576 2926
2576 393 2926
166 941 1761
1761 166 941
941 166 1761
1776 566 1066
566 1066 1776
1066 566 1776
553 502 1022
1022 502 553
502 553 1022
2955 189 1766
189 1766 2955
1766 189 2955
2293 826 989
989 826 2293
826 989 2293
2448 1031 2135
2135 1031 2448
1031 2135 2448
2409 163 2260
163 2260 2409
2260 163 2409
773 2046 2231
2231 773 2046
2046 773 2231
1837 1512 1695
1512 1695 1837
1695 1512 1837
2197 339 875
875 339 2197
339 875 2197
1389 70 693
70 693 1389
693 70 1389
2616 1220 1406
1220 1406 2616
1406 1220 2616
1566 2174 2478
2478 1566 2174
2174 1566 2478
1150 986 2213
986 1150 2213
2213 986 1150
661 1601 1884
1884 661 1601
1601 661 1884
793 1090 2917
1090 793 2917
2917 793 1090
1902 823 1096
1096 823 1902
823 1096 1902
2087 1413 1714
1413 1714 2087
1714 1413 2087
2039 2053 2938
2053 2039 2938
2938 2039 2053
679 1200 1746
1746 679 1200
1200 679 1746
940 732 918
732 918 940
918 732 940
909 892 2379
892 909 2379
2379 892 909
2526 345 1508
1508 345 2526
345 1508 2526
2501 1862 2879
2879 1862 2501
1862 2501 2879
2399 1339 1645
1339 1645 2399
1645 1339 2399
1320 1717 1983
1717 1320 1983
1983 1320 1717
2090 436 2798
436 2090 2798
2798 436 2090
1594 178 2893
178 1594 2893
2893 178 1594
729 161 2689
2689 161 729
161 729 2689
2129 1478 2498
1478 2129 2498
2498 1478 2129
1881 21 988
988 21 1881
21 988 1881
899 1838 2781
1838 899 2781
2781 899 1838
284 549 2125
549 284 2125
2125 284 549
1959 719 2642
2642 719 1959
719 1959 2642
1669 2029 2708
2029 1669 2708
2708 1669 2029
2603 1743 2771
1743 2603 2771
2771 1743 2603
1035 1013 2901
1013 1035 2901
2901 1013 1035
1188 1002 1532
1532 1002 1188
1002 1188 1532
65 1985 2146
2146 65 1985
1985 65 2146
970 1294 2270
2270 970 1294
1294 970 2270
1725 1227 2967
1227 1725 2967
2967 1227 1725
2064 20 799
799 20 2064
20 799 2064
739 2061 2284
2061 739 2284
2284 739 2061
1304 1849 1890
1849 1304 1890
1890 1304 1849
1169 772 1214
772 1169 1214
1214 772 1169
2312 238 2479
2479 238 2312
238 2312 2479
1990 1307 1718
1307 1718 1990
1718 1307 1990
2170 1243 1273
1273 1243 2170
1243 1273 2170
59 366 1616
366 59 1616
1616 59 366
123 1104 1446
1104 123 1446
1446 123 1104
2184 1474 2895
1474 2184 2895
2895 1474 2184
2834 2247 2841
2247 2834 2841
2841 2247 2834
219 260 2499
2499 219 260
260 219 2499
1516 1975 2246
2246 1516 1975
1975 1516 2246
805 1404 1427
1427 805 1404
1404 805 1427
543 1162 2308
2308 543 1162
1162 543 2308
1148 2335 2402
2402 1148 2335
2335 1148 2402
2758 306 402
306 402 2758
402 306 2758
1303 683 2805
683 1303 2805
2805 683 1303
2056 2321 2520
2520 2056 2321
2321 2056 2520
300 254 1619
1619 254 300
254 300 1619
1810 241 2741
241 1810 2741
2741 241 1810
296 2599 2833
2599 296 2833
2833 296 2599
2325 2319 2400
2319 2325 2400
2400 2319 2325
646 404 2723
404 646 2723
2723 404 646
1997 6 2013
2013 6 1997
6 1997 2013
1606 338 2910
2910 338 1606
338 1606 2910
1393 605 2187
605 1393 2187
2187 605 1393
2706 274 489
489 274 2706
274 489 2706
1784 1231 1640
1640 1231 1784
1231 1640 1784
1218 19 27
19 27 1218
27 19 1218
581 1505 2826
2826 581 1505
1505 581 2826
1134 2077 2849
2849 1134 2077
2077 1134 2849
2287 321 2777
321 2287 2777
2777 321 2287
1354 261 1654
1654 261 1354
261 1354 1654
354 2332 2852
2852 354 2332
2332 354 2852
2626 1473 2924
1473 2626 2924
2924 1473 2626
2556 1036 2429
2429 1036 2556
1036 2429 2556
2396 578 733
578 733 2396
733 578 2396
702 571 1245
571 702 1245
1245 571 702
2812 380 383
380 383 2812
383 380 2812
2349 1211 1345
1345 1211 2349
1211 1345 2349
2857 2301 2553
2301 2553 2857
2553 2301 2857
1993 426 1970
426 1970 1993
1970 426 1993
2951 803 2537
2537 803 2951
803 2537 2951
738 619 2754
619 738 2754
2754 619 738
2018 1340 2876
1340 2018 2876
2876 1340 2018
204 365 2629
2629 204 365
365 204 2629
1583 950 2605
2605 950 1583
950 1583 2605
1548 650 2772
2772 650 1548
650 1548 2772
1814 180 1833
1833 180 1814
180 1814 1833
2130 810 2801
2801 810 2130
810 2130 2801
1537 1482 2462
2462 1482 1537
1482 1537 2462
2560 1006 1552
1006 1552 2560
1552 1006 2560
1634 1049 1956
1956 1049 1634
1049 1634 1956
1823 2594 2696
2696 1823 2594
2594 1823 2696
2710 734 2855
2855 734 2710
734 2710 2855
2276 1451 2204
1451 2204 2276
2204 1451 2276
1333 93 412
93 412 1333
412 93 1333
2504 486 2050
486 2050 2504
2050 486 2504
2234 1610 2996
1610 2234 2996
2996 1610 2234
1362 103 1701
103 1362 1701
1701 103 1362
2121 982 1815
1815 982 2121
982 1815 2121
2843 246 2350
2350 246 2843
246 2350 2843
2241 317 947
947 317 2241
317 947 2241
303 1052 1461
1052 303 1461
1461 303 1052
1840 1184 1209
1184 1209 1840
1209 1184 1840
2065 1173 2502
2502 1173 2065
1173 2065 2502
1116 860 2251
860 1116 2251
2251 860 1116
2406 1199 1614
1199 1614 2406
1614 1199 2406
1521 1014 2102
2102 1014 1521
1014 1521 2102
2454 868 1054
1054 868 2454
868 1054 2454
957 277 814
814 277 957
277 814 957
156 2570 2810
2570 156 2810
2810 156 2570
1026 1901 2010
1901 1026 2010
2010 1026 1901
756 278 807
278 756 807
807 278 756
352 1525 2282
2282 352 1525
1525 352 2282
193 637 1348
1348 193 637
637 193 1348
501 617 2443
617 501 2443
2443 501 617
38 1127 2765
1127 38 2765
2765 38 1127
714 967 2830
967 714 2830
2830 714 967
1588 2086 2119
2086 1588 2119
2119 1588 2086
1557 195 887
195 887 1557
887 195 1557
1863 726 2913
2913 726 1863
726 1863 2913
1737 1037 2585
1037 1737 2585
2585 1037 1737
2835 533 1699
533 1699 2835
1699 533 2835
323 757 1463
1463 323 757
757 323 1463
2574 664 1384
1384 664 2574
664 1384 2574
1865 1524 1667
1524 1667 1865
1667 1524 1865
1536 410 1182
410 1182 1536
1182 410 1536
874 478 898
898 478 874
478 874 898
2651 1803 2232
2232 1803 2651
1803 2232 2651
2237 460 1531
1531 460 2237
460 1531 2237
2822 1605 2575
2575 1605 2822
1605 2575 2822
2240 812 1271
1271 812 2240
812 1271 2240
1800 2300 2991
2991 1800 2300
2300 1800 2991
172 291 884
884 172 291
291 172 884
1563 1914 2692
1914 1563 2692
2692 1563 1914
206 207 954
207 206 954
954 206 207
1118 390 1675
1675 390 1118
390 1118 1675
1683 1070 1869
1869 1070 1683
1070 1683 1869
299 1019 1264
1264 299 1019
1019 299 1264
2836 173 2317
2317 173 2836
173 2317 2836
1707 1157 2953
1157 1707 2953
2953 1157 1707
2255 1310 1448
1448 1310 2255
1310 1448 2255
2751 468 1809
468 1809 2751
1809 468 2751
1255 1656 2394
1656 1255 2394
2394 1255 1656
1269 564 2496
2496 564 1269
564 1269 2496
2512 40 1466
40 1466 2512
1466 40 2512
2120 266 1753
266 1753 2120
1753 266 2120
711 2591 2960
2591 711 2960
2960 711 2591
2196 1500 2902
2902 1500 2196
1500 2196 2902
1886 251 2643
2643 251 1886
251 1886 2643
84 2466 2554
2554 84 2466
2466 84 2554
1534 1280 1893
1893 1280 1534
1280 1534 1893
198 688 980
688 198 980
980 198 688
932 997 1764
1764 932 997
997 932 1764
1666 1796 2116
2116 1666 1796
1796 1666 2116
2804 1693 2160
1693 2160 2804
2160 1693 2804
804 387 2718
387 804 2718
2718 387 804
2106 115 1904
115 1904 2106
1904 115 2106
2824 2220 2713
2220 2713 2824
2713 2220 2824
44 902 1728
1728 44 902
902 44 1728
209 1367 2291
1367 209 2291
2291 209 1367
1108 184 516
516 184 1108
184 516 1108
1817 25 712
712 25 1817
25 712 1817
1012 1010 1380
1010 1012 1380
1380 1010 1012
1291 325 2490
325 1291 2490
2490 325 1291
2985 259 2691
259 2691 2985
2691 259 2985
623 2062 2788
2788 623 2062
2062 623 2788
710 870 1048
870 710 1048
1048 710 870
503 2473 2914
2473 503 2914
2914 503 2473
61 831 1994
831 61 1994
1994 61 831
1899 1175 1708
1175 1708 1899
1708 1175 1899
825 2413 2604
2604 825 2413
2413 825 2604
2397 1630 2079
1630 2079 2397
2079 1630 2397
1859 1678 1684
1678 1684 1859
1684 1678 1859
1020 332 1284
1284 332 1020
332 1020 1284
2732 414 951
951 414 2732
414 951 2732
286 871 959
959 286 871
871 286 959
1114 742 1747
1747 742 1114
742 1114 1747
1328 505 1481
1481 505 1328
505 1328 1481
2716 1045 2305
1045 2305 2716
2305 1045 2716
2681 1625 2905
2905 1625 2681
1625 2681 2905
1183 977 2428
977 1183 2428
2428 977 1183
1191 1984 1998
1998 1191 1984
1984 1191 1998
612 247 2974
247 612 2974
2974 247 612
319 137 1599
137 319 1599
1599 137 319
63 830 1044
830 63 1044
1044 63 830
1225 52 439
52 439 1225
439 52 1225
625 1051 2959
1051 625 2959
2959 625 1051
1880 407 1951
407 1880 1951
1951 407 1880
2074 1900 2680
2680 1900 2074
1900 2074 2680
1171 1925 1938
1925 1171 1938
1938 1171 1925
2818 95 1431
1431 95 2818
95 1431 2818
2874 467 1447
1447 467 2874
467 1447 2874
2919 1084 2969
1084 2919 2969
2969 1084 2919
1942 1 2279
1 1942 2279
2279 1 1942
1574 1912 1916
1912 1574 1916
1916 1574 1912
2157 818 1697
818 1697 2157
1697 818 2157
1971 1004 2659
2659 1004 1971
1004 1971 2659
1523 17 2422
17 1523 2422
2422 17 1523
357 938 2059
938 357 2059
2059 357 938
1502 326 817
326 817 1502
817 326 1502
2495 1409 1974
1409 1974 2495
1974 1409 2495
2460 2085 2920
2085 2460 2920
2920 2085 2460
1467 133 592
592 133 1467
133 592 1467
2896 691 1327
691 1327 2896
1327 691 2896
2361 315 1015
315 1015 2361
1015 315 2361
1067 802 2856
2856 802 1067
802 1067 2856
2456 1315 2275
2275 1315 2456
1315 2275 2456
1462 1788 2426
1788 1462 2426
2426 1462 1788
1228 1696 1772
1696 1228 1772
1772 1228 1696
1960 28 861
861 28 1960
28 861 1960
2384 1568 2418
1568 2384 2418
2418 1568 2384
1458 598 2451
598 1458 2451
2451 598 1458
2233 2294 2433
2294 2233 2433
2433 2233 2294
1359 1569 2908
2908 1359 1569
1569 1359 2908
1319 47 1713
1713 47 1319
47 1319 1713
789 2383 2425
2425 789 2383
2383 789 2425
1989 165 2330
165 1989 2330
2330 165 1989
2619 2149 2676
2676 2149 2619
2149 2619 2676
346 1617 2096
2096 346 1617
1617 346 2096
1025 1326 2907
2907 1025 1326
1326 1025 2907
2199 1372 2688
1372 2199 2688
2688 1372 2199
78 2404 2430
2404 78 2430
2430 78 2404
1860 1165 1270
1270 1165 1860
1165 1270 1860
1001 2020 2631
2020 1001 2631
2631 1001 2020
2063 394 1456
394 1456 2063
1456 394 2063
1308 459 1126
1126 459 1308
459 1126 1308
2457 1368 2027
1368 2027 2457
2027 1368 2457
1192 337 1704
1704 337 1192
337 1192 1704
389 1621 2131
2131 389 1621
1621 389 2131
1097 125 2069
2069 125 1097
125 1097 2069
2582 715 1767
1767 715 2582
715 1767 2582
1146 1709 2809
2809 1146 1709
1709 1146 2809
1735 192 1364
1364 192 1735
192 1364 1735
1920 1471 1580
1580 1471 1920
1471 1580 1920
2701 1423 2854
1423 2701 2854
2854 1423 2701
106 240 1411
240 106 1411
1411 106 240
1663 4 75
4 75 1663
75 4 1663
1261 1355 2033
1355 1261 2033
2033 1261 1355
1391 1739 2929
1739 1391 2929
2929 1391 1739
1449 1158 1907
1907 1158 1449
1158 1449 1907
292 971 2636
2636 292 971
971 292 2636
2935 200 2749
200 2749 2935
2749 200 2935
2885 1140 2262
1140 2262 2885
2262 1140 2885
2702 781 2584
2584 781 2702
781 2584 2702
130 1858 1933
1858 130 1933
1933 130 1858
43 1102 2193
2193 43 1102
1102 43 2193
2859 1558 2156
1558 2156 2859
2156 1558 2859
2324 1190 1492
1492 1190 2324
1190 1492 2324
1870 2042 2820
2820 1870 2042
2042 1870 2820
2139 2014 2093
2093 2014 2139
2014 2093 2139
1318 1428 1662
1662 1318 1428
1428 1318 1662
1119 1618 2948
2948 1119 1618
1618 1119 2948
493 517 1379
1379 493 517
517 493 1379
1937 780 1077
780 1077 1937
1077 780 1937
479 470 1343
1343 470 479
470 479 1343
2634 500 572
572 500 2634
500 572 2634
926 1661 1687
1687 926 1661
1661 926 1687
341 1676 2957
1676 341 2957
2957 341 1676
1351 866 1940
1940 866 1351
866 1351 1940
2054 311 1168
311 1168 2054
1168 311 2054
956 2162 2412
2162 956 2412
2412 956 2162
1365 305 1392
1392 305 1365
305 1365 1392
2720 314 2532
2532 314 2720
314 2532 2720
2904 778 1441
1441 778 2904
778 1441 2904
2446 30 2091
2091 30 2446
30 2091 2446
477 1898 2964
2964 477 1898
1898 477 2964
2724 1425 1674
1425 1674 2724
1674 1425 2724
723 297 2976
2976 297 723
297 723 2976
2436 996 1968
996 1968 2436
1968 996 2436
638 2252 2472
2252 638 2472
2472 638 2252
1547 1064 2333
1064 1547 2333
2333 1064 1547
271 790 1197
790 271 1197
1197 271 790
1028 1414 1627
1414 1028 1627
1627 1028 1414
1851 707 2653
2653 707 1851
707 1851 2653
2807 22 786
786 22 2807
22 786 2807
992 121 769
121 769 992
769 121 992
1252 1378 1543
1543 1252 1378
1378 1252 1543
2364 2263 2278
2278 2263 2364
2263 2278 2364
961 641 936
936 641 961
641 936 961
2382 1325 2081
1325 2081 2382
2081 1325 2382
1636 1138 2868
1138 1636 2868
2868 1138 1636
1301 429 2558
429 1301 2558
2558 429 1301
1246 145 2182
2182 145 1246
145 1246 2182
110 1757 2625
2625 110 1757
1757 110 2625
1626 1312 1946
1312 1626 1946
1946 1312 1626
270 86 694
694 86 270
86 270 694
858 224 455
224 455 858
455 224 858
645 622 1871
622 645 1871
1871 622 645
514 2417 2952
2952 514 2417
2417 514 2952
1741 1576 1921
1576 1741 1921
1921 1576 1741
453 228 1065
228 453 1065
1065 228 453
2070 1873 2242
2242 1873 2070
1873 2070 2242
1195 1680 2477
2477 1195 1680
1680 1195 2477
336 2080 2870
2870 336 2080
2080 336 2870
2434 827 1078
1078 827 2434
827 1078 2434
1094 1721 2789
1721 1094 2789
2789 1094 1721
1081 1834 2295
2295 1081 1834
1834 1081 2295
2669 2828 2832
2828 2669 2832
2832 2669 2828
2677 692 2714
2714 692 2677
692 2677 2714
2173 550 745
550 745 2173
745 550 2173
2821 1219 2667
2667 1219 2821
1219 2667 2821
2725 1507 2345
1507 2345 2725
2345 1507 2725
2644 972 2814
972 2644 2814
2814 972 2644
2995 698 1597
1597 698 2995
698 1597 2995
2793 480 531
531 480 2793
480 531 2793
2965 1979 2118
1979 2118 2965
2118 1979 2965
2803 2391 2638
2638 2391 2803
2391 2638 2803
1514 2259 2662
2662 1514 2259
2259 1514 2662
2698 1314 2424
1314 2424 2698
2424 1314 2698
753 307 2786
2786 307 753
307 753 2786
92 1711 1733
1711 92 1733
1733 92 1711
2889 1439 2449
2449 1439 2889
1439 2449 2889
2568 441 2302
441 2302 2568
2302 441 2568
883 2181 2561
2561 883 2181
2181 883 2561
2528 5 1790
1790 5 2528
5 1790 2528
2066 1681 1700
1681 1700 2066
1700 1681 2066
129 279 1596
279 129 1596
1596 129 279
2450 1178 2198
1178 2198 2450
2198 1178 2450
806 1797 2531
1797 806 2531
2531 806 1797
2671 1397 1930
1930 1397 2671
1397 1930 2671
2744 127 2791
127 2744 2791
2791 127 2744
2673 1417 2971
2971 1417 2673
1417 2673 2971
1501 1189 1490
1490 1189 1501
1189 1490 1501
541 633 1234
1234 541 633
633 541 1234
2763 128 2489
2489 128 2763
128 2489 2763
233 1808 2884
2884 233 1808
1808 233 2884
295 731 1106
731 295 1106
1106 295 731
2632 183 2437
2437 183 2632
183 2437 2632
268 1187 2468
2468 268 1187
1187 268 2468
141 449 1170
1170 141 449
449 141 1170
2933 958 1483
958 1483 2933
1483 958 2933
721 709 1292
1292 709 721
709 721 1292
1120 969 2244
2244 969 1120
969 1120 2244
2 939 1356
1356 2 939
939 2 1356
1311 635 821
821 635 1311
635 821 1311
673 631 1361
1361 631 673
631 673 1361
2712 2352 2946
2946 2352 2712
2352 2712 2946
463 71 2766
2766 71 463
71 463 2766
1774 1658 2051
1658 1774 2051
2051 1658 1774
761 602 2183
2183 602 761
602 761 2183
1405 74 913
913 74 1405
74 913 1405
484 1794 2084
1794 484 2084
2084 484 1794
824 1257 2191
1257 824 2191
2191 824 1257
273 174 2906
174 273 2906
2906 174 273
545 741 1868
1868 545 741
741 545 1868
837 462 586
586 462 837
462 586 837
2612 1128 2816
2816 1128 2612
1128 2612 2816
2601 492 1564
1564 492 2601
492 1564 2601
1527 1009 2539
2539 1009 1527
1009 1527 2539
718 230 381
230 381 718
381 230 718
1176 1105 2142
1105 1176 2142
2142 1105 1176
1460 160 1973
160 1460 1973
1973 160 1460
948 1577 2587
2587 948 1577
1577 948 2587
1387 750 1586
1586 750 1387
750 1387 1586
717 1260 1917
1917 717 1260
1260 717 1917
111 170 2005
2005 111 170
170 111 2005
2737 924 966
924 966 2737
966 924 2737
2958 835 2202
2202 835 2958
835 2202 2958
508 1706 2047
2047 508 1706
1706 508 2047
1885 223 765
765 223 1885
223 765 1885
2617 50 1453
50 1453 2617
1453 50 2617
2704 2177 2728
2728 2177 2704
2177 2704 2728
2339 1316 2254
2254 1316 2339
1316 2254 2339
126 201 1965
201 126 1965
1965 126 201
333 591 920
591 333 920
920 333 591
1943 724 2783
724 1943 2783
2783 724 1943
2877 275 795
795 275 2877
275 795 2877
116 1646 1896
1646 116 1896
1896 116 1646
1222 1133 2286
1133 1222 2286
2286 1133 1222
1999 952 2541
952 1999 2541
2541 952 1999
1366 785 2761
785 1366 2761
2761 785 1366
697 150 2686
2686 150 697
150 697 2686
1089 876 2485
2485 876 1089
876 1089 2485
1723 101 1155
101 1155 1723
1155 101 1723
629 2655 2998
2998 629 2655
2655 629 2998
494 784 2748
784 494 2748
2748 494 784
1071 1829 1932
1932 1071 1829
1829 1071 1932
1095 689 915
915 689 1095
689 915 1095
56 1251 2356
2356 56 1251
1251 56 2356
2493 1063 2572
2572 1063 2493
1063 2493 2572
384 1042 2633
1042 384 2633
2633 384 1042
878 490 1117
490 878 1117
1117 490 878
1341 1945 2800
1945 1341 2800
2800 1341 1945
2431 1883 2736
2736 1883 2431
1883 2431 2736
2208 885 1954
1954 885 2208
885 1954 2208
2357 1573 2740
1573 2357 2740
2740 1573 2357
2931 1740 1957
1740 1957 2931
1957 1740 2931
1546 580 1824
1824 580 1546
580 1546 1824
1472 2025 2894
2025 1472 2894
2894 1472 2025
1949 1686 1793
1793 1686 1949
1686 1793 1949
1076 2534 2703
2703 1076 2534
2534 1076 2703
518 1780 2393
2393 518 1780
1780 518 2393
1947 1021 2277
1021 1947 2277
2277 1021 1947
618 146 329
329 146 618
146 329 618
2103 445 2216
445 2103 2216
2216 445 2103
2249 2313 2613
2313 2249 2613
2613 2249 2313
1876 249 946
249 946 1876
946 249 1876
1591 1109 1154
1109 1154 1591
1154 1109 1591
1582 442 843
843 442 1582
442 843 1582
2615 2465 2678
2465 2615 2678
2678 2465 2615
2932 1821 2900
1821 2900 2932
2900 1821 2932
1744 1905 2930
2930 1744 1905
1905 1744 2930
2627 539 2571
2571 539 2627
539 2571 2627
1795 185 897
185 897 1795
897 185 1795
2709 51 379
51 379 2709
379 51 2709
660 324 347
347 324 660
324 347 660
1442 536 2992
536 1442 2992
2992 536 1442
984 873 2035
2035 873 984
873 984 2035
1282 2640 2928
2928 1282 2640
2640 1282 2928
621 2178 2683
2178 621 2683
2683 621 2178
1650 411 2236
411 1650 2236
2236 411 1650
361 1540 2851
2851 361 1540
1540 361 2851
2802 46 960
46 960 2802
960 46 2802
1909 648 1982
648 1909 1982
1982 648 1909
844 298 2743
298 844 2743
2743 298 844
583 276 1465
1465 276 583
276 583 1465
58 48 2624
2624 48 58
48 58 2624
791 995 1877
1877 791 995
995 791 1877
2351 760 1911
1911 760 2351
760 1911 2351
879 636 2058
636 879 2058
2058 636 879
330 235 2006
235 330 2006
2006 235 330
2048 349 509
509 349 2048
349 509 2048
1377 344 1922
344 1377 1922
1922 344 1377
2573 1499 3000
3000 1499 2573
1499 2573 3000
2784 431 2580
431 2580 2784
2580 431 2784
2607 978 1321
1321 978 2607
978 1321 2607
2099 1444 2176
2176 1444 2099
1444 2099 2176
2023 520 1254
520 1254 2023
1254 520 2023
534 1828 2510
2510 534 1828
1828 534 2510
1230 1623 1906
1906 1230 1623
1623 1230 1906
1649 2557 2799
2799 1649 2557
2557 1649 2799
894 1347 2500
2500 894 1347
1347 894 2500
655 2111 2471
2111 655 2471
2471 655 2111
1494 1830 2381
1830 1494 2381
2381 1494 1830
2769 32 1832
32 1832 2769
1832 32 2769
1578 39 2813
2813 39 1578
39 1578 2813
2095 320 2853
2853 320 2095
320 2095 2853
1847 1056 2734
2734 1056 1847
1056 1847 2734
1671 1233 2989
2989 1233 1671
1233 1671 2989
701 1887 2770
1887 701 2770
2770 701 1887
2588 1477 1644
1644 1477 2588
1477 1644 2588
665 155 857
857 155 665
155 665 857
1903 1062 1244
1244 1062 1903
1062 1244 1903
1247 925 975
925 975 1247
975 925 1247
2522 1978 2169
2169 1978 2522
1978 2169 2522
1866 1604 1673
1604 1673 1866
1673 1604 1866
258 2261 2660
2261 258 2660
2660 258 2261
2628 1550 2565
1550 2565 2628
2565 1550 2628
294 208 1785
1785 208 294
208 294 1785
1878 2376 2654
2376 1878 2654
2654 1878 2376
2944 360 1332
1332 360 2944
360 1332 2944
356 651 1771
1771 356 651
651 356 1771
2040 706 2844
2844 706 2040
706 2040 2844
386 104 2021
104 386 2021
2021 104 386
2138 1309 1560
1560 1309 2138
1309 1560 2138
2509 836 1980
836 1980 2509
1980 836 2509
1003 1682 2614
1682 1003 2614
2614 1003 1682
1585 2101 2392
2392 1585 2101
2101 1585 2392
2666 147 1584
1584 147 2666
147 1584 2666
594 367 1032
1032 367 594
367 594 1032
2597 491 912
912 491 2597
491 912 2597
203 964 1567
1567 203 964
964 203 1567
2661 588 1498
1498 588 2661
588 1498 2661
1995 2760 2837
2837 1995 2760
2760 1995 2837
1281 1528 2171
2171 1281 1528
1528 1281 2171
2861 1023 1958
1958 1023 2861
1023 1958 2861
1352 250 2273
250 1352 2273
2273 250 1352
2858 79 2562
79 2562 2858
2562 79 2858
2365 2375 2481
2481 2365 2375
2375 2365 2481
1702 12 2621
2621 12 1702
12 1702 2621
1690 746 2228
746 1690 2228
2228 746 1690
363 935 1486
935 363 1486
1486 363 935
616 1655 2887
1655 616 2887
2887 616 1655
1408 681 1918
681 1408 1918
1918 681 1408
1642 1612 1941
1941 1612 1642
1612 1642 1941
1787 1637 2296
1637 1787 2296
2296 1637 1787
227 535 1992
535 227 1992
1992 227 535
1394 798 2936
798 1394 2936
2936 798 1394
1050 1420 2759
2759 1050 1420
1420 1050 2759
1897 576 1030
1030 576 1897
576 1030 1897
72 2664 2806
2664 72 2806
2806 72 2664
2947 2159 2569
2159 2569 2947
2569 2159 2947
1180 2363 2373
2373 1180 2363
2363 1180 2373
392 371 2687
371 392 2687
2687 371 392
634 41 171
41 171 634
171 41 634
434 117 1850
117 434 1850
1850 117 434
2600 2238 2519
2519 2238 2600
2238 2519 2600
359 730 1455
1455 359 730
730 359 1455
2470 1424 2547
2547 1424 2470
1424 2470 2547
2089 1758 2114
2114 1758 2089
1758 2089 2114
1371 448 2649
448 1371 2649
2649 448 1371
1722 585 2371
585 1722 2371
2371 585 1722
1131 1565 2016
2016 1131 1565
1565 1131 2016
2530 1855 2032
2032 1855 2530
1855 2032 2530
2124 779 937
937 779 2124
779 937 2124
1007 376 388
388 376 1007
376 388 1007
2320 1729 1976
1729 1976 2320
1976 1729 2320
328 788 2306
788 328 2306
2306 328 788
2009 287 2440
2440 287 2009
287 2009 2440
1075 1615 2903
2903 1075 1615
1615 1075 2903
432 217 2245
217 432 2245
2245 217 432
358 1130 1338
1130 358 1338
1338 358 1130
2154 1141 2923
1141 2154 2923
2923 1141 2154
2049 696 1913
696 1913 2049
1913 696 2049
1386 151 196
196 151 1386
151 196 1386
2506 1103 1751
1103 1751 2506
1751 1103 2506
2166 720 774
774 720 2166
720 774 2166
122 513 1262
1262 122 513
513 122 1262
182 382 2458
2458 182 382
382 182 2458
1770 2015 2421
2015 1770 2421
2421 1770 2015
1752 343 1844
1844 343 1752
343 1752 1844
81 1152 1517
1152 81 1517
1517 81 1152
2646 1620 2564
2564 1620 2646
1620 2564 2646
1203 57 662
57 662 1203
662 57 1203
1385 820 2752
820 1385 2752
2752 820 1385
2488 624 1691
1691 624 2488
624 1691 2488
1919 1799 2354
1799 1919 2354
2354 1799 1919
375 2052 2256
2256 375 2052
2052 375 2256
579 452 461
461 452 579
452 461 579
770 705 1513
705 770 1513
1513 705 770
895 430 1629
430 895 1629
1629 430 895
949 983 2442
2442 949 983
983 949 2442
2670 896 1305
1305 896 2670
896 1305 2670
2201 2755 2762
2762 2201 2755
2755 2201 2762
2611 1519 1562
1562 1519 2611
1519 1562 2611
2831 1468 1805
1805 1468 2831
1468 1805 2831
529 37 1415
37 529 1415
1415 37 529
2842 532 1561
532 1561 2842
1561 532 2842
1144 1539 2133
2133 1144 1539
1539 1144 2133
609 282 2756
2756 282 609
282 609 2756
1179 1631 1826
1631 1179 1826
1826 1179 1631
1274 60 405
60 405 1274
405 60 1274
2327 191 1724
1724 191 2327
191 1724 2327
1407 1129 2648
2648 1129 1407
1129 1407 2648
498 482 1705
1705 482 498
482 498 1705
2385 2223 2420
2223 2385 2420
2420 2223 2385
2586 408 472
472 408 2586
408 472 2586
567 443 1011
1011 443 567
443 567 1011
54 1207 1600
1600 54 1207
1207 54 1600
2790 1034 1633
1034 1633 2790
1633 1034 2790
2881 469 2441
2441 469 2881
469 2441 2881
309 132 527
132 309 527
527 132 309
231 976 2552
2552 231 976
976 231 2552
243 1454 1944
1944 243 1454
1454 243 1944
1110 862 1300
1300 862 1110
862 1110 1300
659 999 2838
999 659 2838
2838 659 999
94 1336 2635
1336 94 2635
2635 94 1336
2311 474 1736
1736 474 2311
474 1736 2311
1742 1400 1972
1400 1742 1972
1972 1400 1742
2827 716 1464
1464 716 2827
716 1464 2827
1969 1237 1791
1237 1791 1969
1791 1237 1969
2609 506 2940
2940 506 2609
506 2609 2940
113 863 2890
2890 113 863
863 113 2890
1297 867 2867
2867 867 1297
867 1297 2867
1080 119 600
119 600 1080
600 119 1080
872 422 1928
422 872 1928
1928 422 872
288 2463 2579
2463 288 2579
2579 288 2463
530 725 1147
1147 530 725
725 530 1147
2882 362 1652
362 1652 2882
1652 362 2882
1653 752 1551
1551 752 1653
752 1551 1653
2152 575 1843
1843 575 2152
575 1843 2152
1852 45 438
438 45 1852
45 438 1852
1210 205 1344
1344 205 1210
205 1210 1344
1017 838 2057
2057 838 1017
838 1017 2057
1124 1322 1726
1726 1124 1322
1322 1124 1726
427 903 1538
903 427 1538
1538 427 903
395 1647 2695
1647 395 2695
2695 395 1647
565 1039 1848
1039 565 1848
1848 565 1039
678 1549 2307
1549 678 2307
2307 678 1549
2132 36 2366
2366 36 2132
36 2132 2366
2347 118 1163
118 1163 2347
1163 118 2347
2915 1470 2461
1470 2461 2915
2461 1470 2915
2663 911 1098
911 1098 2663
1098 911 2663
2072 152 921
921 152 2072
152 921 2072
1363 34 2888
2888 34 1363
34 1363 2888
385 1579 2283
1579 385 2283
2283 385 1579
2264 589 1923
1923 589 2264
589 1923 2264
639 610 1053
1053 610 639
610 639 1053
2538 910 955
910 955 2538
955 910 2538
2168 558 2847
558 2168 2847
2847 558 2168
2518 154 2745
154 2518 2745
2745 154 2518
1313 415 1430
1430 415 1313
415 1313 1430
2988 1279 1285
1285 1279 2988
1279 1285 2988
175 53 131
131 53 175
53 131 175
2136 1156 1298
1156 1298 2136
1298 1156 2136
2469 2044 2266
2266 2044 2469
2044 2266 2469
351 252 847
252 351 847
847 252 351
248 1201 2871
1201 248 2871
2871 248 1201
1529 399 1570
399 1529 1570
1570 399 1529
573 216 456
216 456 573
456 216 573
2219 310 444
310 444 2219
444 310 2219
23 2329 2414
2414 23 2329
2329 23 2414
2602 842 1217
842 1217 2602
1217 842 2602
2200 308 1518
308 1518 2200
1518 308 2200
88 2212 2767
2212 88 2767
2767 88 2212
708 135 2331
135 708 2331
2331 135 708
2733 1057 1487
1057 1487 2733
1487 1057 2733
2104 1811 2108
2108 1811 2104
1811 2104 2108
485 556 1812
1812 485 556
556 485 1812
1950 993 1475
1475 993 1950
993 1475 1950
722 1160 1825
1825 722 1160
1160 722 1825
1290 68 2592
68 1290 2592
2592 68 1290
2367 687 1679
687 1679 2367
1679 687 2367
368 1342 2514
2514 368 1342
1342 368 2514
153 856 2395
856 153 2395
2395 153 856
2298 1607 2970
2970 1607 2298
1607 2298 2970
1715 1892 2419
2419 1715 1892
1892 1715 2419
934 2004 2122
2004 934 2122
2122 934 2004
2362 496 1072
1072 496 2362
496 1072 2362
1750 822 2280
2280 822 1750
822 1750 2280
537 7 1935
7 537 1935
1935 7 537
1240 446 2192
446 1240 2192
2192 446 1240
1857 14 1535
1535 14 1857
14 1535 1857
2303 762 1670
762 1670 2303
1670 762 2303
83 1223 1488
1223 83 1488
1488 83 1223
255 1520 2682
1520 255 2682
2682 255 1520
105 1882 2735
2735 105 1882
1882 105 2735
1672 574 1412
1412 574 1672
574 1412 1672
1410 919 1730
1730 919 1410
919 1410 1730
2785 49 1622
1622 49 2785
49 1622 2785
1038 2774 2927
2774 1038 2927
2927 1038 2774
525 850 2141
850 525 2141
2141 525 850
2073 1806 2034
2034 1806 2073
1806 2034 2073
2563 507 628
628 507 2563
507 628 2563
881 164 1221
164 881 1221
1221 164 881
90 2011 2973
2973 90 2011
2011 90 2973
849 82 1801
82 849 1801
1801 82 849
2939 916 2150
916 2150 2939
2150 916 2939
2544 1226 2934
2934 1226 2544
1226 2544 2934
1278 2250 2516
2516 1278 2250
2250 1278 2516
1161 643 2883
2883 643 1161
643 1161 2883
391 1590 2555
2555 391 1590
1590 391 2555
2355 608 2983
2983 608 2355
608 2355 2983
2328 215 2239
2239 215 2328
215 2239 2328
1396 1554 2318
1554 1396 2318
2318 1396 1554
283 577 1986
1986 283 577
577 283 1986
2290 1931 2656
2656 1931 2290
1931 2290 2656
630 546 2993
546 630 2993
2993 546 630
1323 2353 2730
2353 1323 2730
2730 1323 2353
2630 523 2038
523 2038 2630
2038 523 2630
2289 2128 2155
2155 2128 2289
2128 2155 2289
1275 10 437
437 10 1275
10 437 1275
1376 1484 1648
1484 1376 1648
1648 1376 1484
2747 144 2161
2161 144 2747
144 2161 2747
2949 149 187
149 187 2949
187 149 2949
923 886 2258
2258 886 923
886 923 2258
841 398 2492
2492 398 841
398 841 2492
674 801 2523
2523 674 801
801 674 2523
168 2036 2482
2482 168 2036
2036 168 2482
475 186 906
186 475 906
906 186 475
31 2008 2590
2590 31 2008
2008 31 2590
562 1239 1272
1239 562 1272
1272 562 1239
768 832 1185
1185 768 832
832 768 1185
1977 211 1277
211 1277 1977
1277 211 1977
421 2194 2206
2206 421 2194
2194 421 2206
1526 120 1145
1145 120 1526
120 1145 1526
1759 242 1668
1668 242 1759
242 1668 1759
2578 987 1967
987 1967 2578
1967 987 2578
2961 519 1040
519 1040 2961
1040 519 2961
2860 2438 2986
2438 2860 2986
2986 2438 2860
2778 419 1749
419 1749 2778
1749 419 2778
1186 245 1819
1819 245 1186
245 1186 1819
1755 234 748
748 234 1755
234 748 1755
2377 2797 2840
2797 2377 2840
2840 2377 2797
1229 114 1845
1845 114 1229
114 1229 1845
2487 2839 2850
2839 2487 2850
2850 2487 2839
272 882 1043
1043 272 882
882 272 1043
2975 1553 2105
2105 1553 2975
1553 2105 2975
1703 927 1908
1908 927 1703
927 1703 1908
1193 1433 1437
1433 1193 1437
1437 1193 1433
2423 510 552
510 552 2423
552 510 2423
67 18 1370
18 67 1370
1370 18 67
2165 1060 2445
1060 2165 2445
2445 1060 2165
2067 239 267
239 267 2067
267 239 2067
743 1224 1545
1545 743 1224
1224 743 1545
2909 2715 2912
2912 2715 2909
2715 2909 2912
962 672 1172
672 962 1172
1172 672 962
2641 109 848
848 109 2641
109 848 2641
1641 2210 2941
2210 1641 2941
2941 1641 2210
69 364 2658
2658 69 364
364 69 2658
522 2017 2186
2186 522 2017
2017 522 2186
177 1435 1589
1435 177 1589
1589 177 1435
1581 998 2954
998 1581 2954
2954 998 1581
2486 1506 2368
2368 1506 2486
1506 2368 2486
1024 2343 2483
2483 1024 2343
2343 1024 2483
2041 1856 1864
1864 1856 2041
1856 1864 2041
1952 372 555
555 372 1952
372 555 1952
2112 281 670
281 670 2112
670 281 2112
80 1086 2453
1086 80 2453
2453 80 1086
1018 1242 1660
1660 1018 1242
1242 1018 1660
2398 316 2937
316 2398 2937
2937 316 2398
2203 2314 2340
2340 2203 2314
2314 2203 2340
1874 1694 2757
1694 1874 2757
2757 1694 1874
1253 1383 2739
2739 1253 1383
1383 1253 2739
2823 1716 2123
2123 1716 2823
1716 2123 2823
2222 1088 2645
2645 1088 2222
1088 2222 2645
1112 511 2378
511 1112 2378
2378 511 1112
340 1289 1295
1295 340 1289
1289 340 1295
176 136 2180
2180 136 176
136 176 2180
1000 342 1286
342 1000 1286
1286 342 1000
265 312 2533
312 265 2533
2533 265 312
9 24 2925
2925 9 24
24 9 2925
1485 301 2268
301 1485 2268
2268 301 1485
35 1639 2304
2304 35 1639
1639 35 2304
1544 350 2003
350 1544 2003
2003 350 1544
55 642 2370
642 55 2370
2370 55 642
1151 1153 1734
1153 1151 1734
1734 1151 1153
1820 675 2819
2819 675 1820
675 1820 2819
1033 2476 2922
2922 1033 2476
2476 1033 2922
1555 327 2323
327 1555 2323
2323 327 1555
2427 190 1452
190 1452 2427
1452 190 2427
1927 476 2984
476 1927 2984
2984 476 1927
2650 569 685
685 569 2650
569 685 2650
226 214 2075
2075 214 226
214 226 2075
1288 322 933
933 322 1288
322 933 1288
1459 859 2865
859 1459 2865
2865 859 1459
2981 1895 2024
2024 1895 2981
1895 2024 2981
2031 124 433
124 433 2031
433 124 2031
33 713 1872
1872 33 713
713 33 1872
1685 1966 2189
1966 1685 2189
2189 1685 1966
2151 11 2899
11 2151 2899
2899 11 2151
2209 225 2045
225 2045 2209
2045 225 2209
2508 1317 1353
1317 1353 2508
1353 1317 2508
418 853 1149
1149 418 853
853 418 1149
1688 888 2549
888 1688 2549
2549 888 1688
280 2224 2727
2224 280 2727
2727 280 2224
107 1085 2043
2043 107 1085
1085 107 2043
2068 194 353
194 353 2068
353 194 2068
409 1005 2098
1005 409 2098
2098 409 1005
2153 607 2001
2001 607 2153
607 2001 2153
2028 1963 2480
2480 1963 2028
1963 2028 2480
1369 112 544
544 112 1369
112 544 1369
991 169 1164
1164 169 991
169 991 1164
417 213 293
293 213 417
213 293 417
2589 657 1894
657 1894 2589
1894 657 2589
2218 1657 1712
1712 1657 2218
1657 1712 2218
313 901 2968
901 313 2968
2968 313 901
2137 473 597
473 597 2137
597 473 2137
653 1008 2185
2185 653 1008
1008 653 2185
1841 428 2158
2158 428 1841
428 1841 2158
2326 1651 1760
1651 1760 2326
1760 1651 2326
1936 181 221
221 181 1936
181 221 1936
2115 2527 2775
2775 2115 2527
2527 2115 2775
285 100 210
100 210 285
210 100 285
627 686 2083
2083 627 686
686 627 2083
2731 2143 2795
2143 2731 2795
2795 2143 2731
2845 2475 2880
2880 2475 2845
2475 2845 2880
2918 744 1350
744 1350 2918
1350 744 2918
2269 1602 2207
2207 1602 2269
1602 2207 2269
378 269 1835
269 378 1835
1835 269 378
2408 318 2693
2693 318 2408
318 2408 2693
497 1572 2618
2618 497 1572
1572 497 2618
98 889 1802
1802 98 889
889 98 1802
1047 1093 1510
1510 1047 1093
1093 1047 1510
2606 877 1398
1398 877 2606
877 1398 2606
1213 451 2583
451 1213 2583
2583 451 1213
2374 167 2265
167 2265 2374
2265 167 2374
695 1068 2846
1068 695 2846
2846 695 1068
244 108 1559
108 244 1559
1559 108 244
1879 649 2389
649 1879 2389
2389 649 1879
2869 483 1609
1609 483 2869
483 1609 2869
2690 611 1029
1029 611 2690
611 1029 2690
1302 1208 1924
1208 1302 1924
1924 1208 1302
1123 2675 2825
2825 1123 2675
2675 1123 2825
1948 464 488
488 464 1948
464 488 1948
2076 335 1875
1875 335 2076
335 1875 2076
1479 763 2773
763 1479 2773
2773 763 1479
2401 846 2962
2962 846 2401
846 2401 2962
1934 1055 1107
1055 1107 1934
1107 1055 1934
2211 759 1598
759 1598 2211
1598 759 2211
304 813 1256
1256 304 813
813 304 1256
401 1121 2878
2878 401 1121
1121 401 2878
2550 1248 1891
1248 1891 2550
1891 1248 2550
29 85 1530
85 29 1530
1530 29 85
855 1515 2002
1515 855 2002
2002 855 1515
1769 943 968
943 968 1769
968 943 1769
1786 1939 2455
2455 1786 1939
1939 1786 2455
1429 626 2447
626 1429 2447
2447 626 1429
1731 985 2639
2639 985 1731
985 1731 2639
771 1235 2672
1235 771 2672
2672 771 1235
