26145 4309 11197
11197 4309 26145
4309 11197 26145
15103 5305 19052
5305 15103 19052
19052 5305 15103
160 13122 27145
13122 160 27145
27145 160 13122
26521 2079 10080
2079 10080 26521
10080 2079 26521
16472 19228 29454
19228 16472 29454
29454 16472 19228
13346 10477 12351
12351 10477 13346
10477 12351 13346
10196 10451 15699
10451 10196 15699
15699 10196 10451
4468 3759 9384
9384 3759 4468
3759 4468 9384
25668 2007 5749
5749 2007 25668
2007 5749 25668
7338 24114 24286
24114 7338 24286
24286 7338 24114
7019 2546 22697
2546 7019 22697
22697 2546 7019
653 350 21734
350 653 21734
21734 350 653
827 3997 24250
24250 827 3997
3997 827 24250
18599 22724 24011
22724 18599 24011
24011 18599 22724
5105 15116 25102
25102 5105 15116
15116 5105 25102
20172 1565 12112
12112 1565 20172
1565 12112 20172
6552 2794 29827
29827 2794 6552
2794 6552 29827
16338 89 16979
16979 89 16338
89 16338 16979
24339 7086 24781
7086 24339 24781
24781 7086 24339
18063 13417 20415
20415 13417 18063
13417 18063 20415
22707 9977 27439
9977 22707 27439
27439 9977 22707
29157 2804 21221
2804 21221 29157
21221 2804 29157
3075 12222 21188
21188 3075 12222
12222 3075 21188
14087 10920 27247
10920 14087 27247
27247 10920 14087
1012 11558 29308
11558 1012 29308
29308 1012 11558
21383 19433 21717
19433 21383 21717
21717 19433 21383
29642 3677 26469
26469 3677 29642
3677 26469 29642
24708 1429 27869
1429 24708 27869
27869 1429 24708
14148 2260 21809
21809 2260 14148
2260 14148 21809
11163 6258 22201
22201 6258 11163
6258 11163 22201
5435 76 2254
76 2254 5435
2254 76 5435
4024 14057 23268
23268 4024 14057
14057 4024 23268
28866 5255 21599
5255 21599 28866
21599 5255 28866
11883 28883 29952
29952 11883 28883
28883 11883 29952
26399 18909 25971
18909 25971 26399
25971 18909 26399
19103 3864 26381
26381 3864 19103
3864 19103 26381
2297 1932 9202
1932 2297 9202
9202 1932 2297
19492 12151 19158
12151 19158 19492
19158 12151 19492
5846 10479 10938
10479 5846 10938
10938 5846 10479
20237 21988 27792
27792 20237 21988
21988 20237 27792
29057 16522 27587
16522 27587 29057
27587 16522 29057
13327 13337 28314
28314 13327 13337
13337 13327 28314
10476 389 11498
389 10476 11498
11498 389 10476
21108 23126 26707
26707 21108 23126
23126 21108 26707
16696 14 20856
14 16696 20856
20856 14 16696
2453 14994 26948
26948 2453 14994
14994 2453 26948
25226 17532 23901
23901 17532 25226
17532 23901 25226
14573 1887 29745
1887 14573 29745
29745 1887 14573
21673 1723 3248
3248 1723 21673
1723 3248 21673
20992 20853 29444
29444 20853 20992
20853 20992 29444
7552 1812 10776
1812 7552 10776
10776 1812 7552
13634 4411 9312
9312 4411 13634
4411 9312 13634
11685 3204 22040
22040 3204 11685
3204 11685 22040
22691 1599 11983
1599 11983 22691
11983 1599 22691
6342 26643 26687
26643 6342 26687
26687 6342 26643
7688 1773 23611
23611 1773 7688
1773 7688 23611
28304 6608 15378
15378 6608 28304
6608 15378 28304
17327 17105 26375
17105 17327 26375
26375 17105 17327
6954 21794 27216
21794 6954 27216
27216 6954 21794
16492 9065 24577
24577 9065 16492
9065 16492 24577
3865 21679 23993
23993 3865 21679
21679 3865 23993
6758 12616 17181
17181 6758 12616
12616 6758 17181
12693 9480 14246
9480 12693 14246
14246 9480 12693
25288 2134 4779
4779 2134 25288
2134 4779 25288
17680 17220 18160
17220 17680 18160
18160 17220 17680
3892 3191 20329
3191 3892 20329
20329 3191 3892
25104 2275 20065
20065 2275 25104
2275 20065 25104
16240 1153 24732
1153 16240 24732
24732 1153 16240
20463 571 7760
571 7760 20463
7760 571 20463
20292 6853 10348
6853 10348 20292
10348 6853 20292
15201 12294 13898
12294 13898 15201
13898 12294 15201
24733 14880 21627
21627 14880 24733
14880 21627 24733
3088 3339 18277
18277 3088 3339
3339 3088 18277
15213 21615 25047
21615 15213 25047
25047 15213 21615
10035 12031 29596
12031 10035 29596
29596 10035 12031
15707 15977 25299
25299 15707 15977
15977 15707 25299
858 23315 29499
29499 858 23315
23315 858 29499
29772 17501 27932
27932 17501 29772
17501 27932 29772
11977 6670 20955
20955 6670 11977
6670 11977 20955
29330 1277 15351
15351 1277 29330
1277 15351 29330
19368 348 1165
348 1165 19368
1165 348 19368
28713 14416 14883
14416 14883 28713
14883 14416 28713
3786 4559 15085
4559 3786 15085
15085 3786 4559
26355 7309 18953
18953 7309 26355
7309 18953 26355
6304 20875 21685
21685 6304 20875
20875 6304 21685
5273 8481 14708
14708 5273 8481
8481 5273 14708
26233 873 8320
873 8320 26233
8320 873 26233
21460 2161 11173
2161 11173 21460
11173 2161 21460
11844 1086 2359
2359 1086 11844
1086 2359 11844
18167 8329 25561
25561 8329 18167
8329 18167 25561
6325 9240 29576
29576 6325 9240
9240 6325 29576
6752 10191 20262
10191 6752 20262
20262 6752 10191
7007 13743 14476
14476 7007 13743
13743 7007 14476
7707 9049 11683
11683 7707 9049
9049 7707 11683
6881 19515 23597
23597 6881 19515
19515 6881 23597
27635 4296 9246
9246 4296 27635
4296 9246 27635
9921 1755 26113
26113 1755 9921
1755 9921 26113
29016 20030 23787
23787 20030 29016
20030 23787 29016
27510 318 9902
9902 318 27510
318 9902 27510
9679 2726 26690
2726 9679 26690
26690 2726 9679
24115 1659 25079
1659 24115 25079
25079 1659 24115
28906 1538 7320
1538 7320 28906
7320 1538 28906
27340 8803 13807
8803 13807 27340
13807 8803 27340
4887 2662 22071
22071 2662 4887
2662 4887 22071
21662 11931 25799
25799 11931 21662
11931 21662 25799
16541 5142 13509
5142 13509 16541
13509 5142 16541
29350 10134 28102
28102 10134 29350
10134 28102 29350
12831 2199 23773
23773 2199 12831
2199 12831 23773
16301 2303 20910
2303 16301 20910
20910 2303 16301
9561 2517 21857
2517 9561 21857
21857 2517 9561
27265 3555 6098
3555 6098 27265
6098 3555 27265
15705 1053 1806
1806 1053 15705
1053 1806 15705
21433 15020 16751
16751 15020 21433
15020 16751 21433
8740 9711 26091
26091 8740 9711
9711 8740 26091
12020 2725 3939
2725 3939 12020
3939 2725 12020
23422 1879 3247
3247 1879 23422
1879 3247 23422
1092 24619 27560
24619 1092 27560
27560 1092 24619
26808 6111 6703
6703 6111 26808
6111 6703 26808
877 7886 25845
7886 877 25845
25845 877 7886
27990 4481 13702
4481 13702 27990
13702 4481 27990
9017 12812 21827
12812 9017 21827
21827 9017 12812
17318 10222 18075
10222 17318 18075
18075 10222 17318
18741 5799 11433
5799 11433 18741
11433 5799 18741
25025 2385 21559
2385 21559 25025
21559 2385 25025
14335 19370 22500
19370 14335 22500
22500 14335 19370
24559 9559 22725
9559 22725 24559
22725 9559 24559
29379 24851 29915
29915 24851 29379
24851 29379 29915
26297 2929 18099
18099 2929 26297
2929 18099 26297
6245 17205 25003
25003 6245 17205
17205 6245 25003
8924 16054 16176
16054 8924 16176
16176 8924 16054
8384 4053 26818
4053 8384 26818
26818 4053 8384
4395 6087 9586
9586 4395 6087
6087 4395 9586
20238 5982 24017
24017 5982 20238
5982 20238 24017
28172 3299 27583
3299 27583 28172
27583 3299 28172
28085 13185 23609
23609 13185 28085
13185 23609 28085
22249 14949 29757
29757 14949 22249
14949 22249 29757
654 4085 15134
4085 654 15134
15134 654 4085
9712 13210 18443
18443 9712 13210
13210 9712 18443
29617 4758 10907
10907 4758 29617
4758 10907 29617
26811 193 2612
193 2612 26811
2612 193 26811
14248 1452 16548
16548 1452 14248
1452 14248 16548
27181 6681 19295
6681 19295 27181
19295 6681 27181
29568 7913 10512
7913 10512 29568
10512 7913 29568
27362 10307 17849
10307 17849 27362
17849 10307 27362
13829 2169 28292
28292 2169 13829
2169 13829 28292
29082 8312 25999
8312 25999 29082
25999 8312 29082
22145 19937 23113
19937 22145 23113
23113 19937 22145
10137 3127 3504
3504 3127 10137
3127 3504 10137
20216 5388 15752
15752 5388 20216
5388 15752 20216
15794 8880 15324
15324 8880 15794
8880 15324 15794
10972 6503 6526
6526 6503 10972
6503 6526 10972
17126 16405 26389
16405 17126 26389
26389 16405 17126
23596 7219 13657
13657 7219 23596
7219 13657 23596
138 3676 17498
17498 138 3676
3676 138 17498
9295 24265 24597
24597 9295 24265
24265 9295 24597
9248 207 7221
7221 207 9248
207 7221 9248
974 525 16117
525 974 16117
16117 525 974
6459 11817 21482
21482 6459 11817
11817 6459 21482
2566 13161 18893
13161 2566 18893
18893 2566 13161
22162 1433 28892
1433 22162 28892
28892 1433 22162
24571 13973 22000
22000 13973 24571
13973 22000 24571
15597 5704 7871
5704 7871 15597
7871 5704 15597
11130 842 11380
11380 842 11130
842 11130 11380
28903 20472 27450
27450 20472 28903
20472 27450 28903
25666 3540 7245
7245 3540 25666
3540 7245 25666
17131 22115 27568
22115 17131 27568
27568 17131 22115
22254 4868 13164
13164 4868 22254
4868 13164 22254
20346 2877 3174
2877 3174 20346
3174 2877 20346
17874 499 21534
21534 499 17874
499 17874 21534
19066 14814 17011
14814 17011 19066
17011 14814 19066
18046 18788 26073
18788 18046 26073
26073 18046 18788
5864 12048 26709
12048 5864 26709
26709 5864 12048
14363 668 20137
668 14363 20137
20137 668 14363
16624 19459 27860
19459 16624 27860
27860 16624 19459
23817 11872 22399
22399 11872 23817
11872 22399 23817
11971 2962 25740
2962 11971 25740
25740 2962 11971
10809 3454 12064
3454 10809 12064
12064 3454 10809
18245 12443 19340
12443 18245 19340
19340 12443 18245
28313 1110 5452
5452 1110 28313
1110 5452 28313
9210 5800 18268
5800 9210 18268
18268 5800 9210
1068 18679 20721
18679 1068 20721
20721 1068 18679
2627 9006 25606
9006 2627 25606
25606 2627 9006
25907 8451 9972
9972 8451 25907
8451 9972 25907
14431 1711 29669
1711 14431 29669
29669 1711 14431
3678 5938 10382
10382 3678 5938
5938 3678 10382
16174 23170 25413
25413 16174 23170
23170 16174 25413
25553 12729 28325
12729 25553 28325
28325 12729 25553
6345 3512 21990
3512 6345 21990
21990 3512 6345
8087 15838 26420
15838 8087 26420
26420 8087 15838
23563 10626 21064
10626 21064 23563
21064 10626 23563
29026 3039 21887
21887 3039 29026
3039 21887 29026
18119 13155 17391
13155 17391 18119
17391 13155 18119
10911 19443 27961
27961 10911 19443
19443 10911 27961
2762 8995 11525
8995 2762 11525
11525 2762 8995
13373 12855 22356
12855 13373 22356
22356 12855 13373
29690 9940 13846
9940 13846 29690
13846 9940 29690
9593 8699 27702
8699 9593 27702
27702 8699 9593
2239 1286 5009
1286 2239 5009
5009 1286 2239
8095 5766 8862
5766 8095 8862
8862 5766 8095
22263 22105 22884
22105 22263 22884
22884 22105 22263
10668 1319 1445
1445 1319 10668
1319 1445 10668
27079 4564 12342
12342 4564 27079
4564 12342 27079
20911 11648 13427
13427 11648 20911
11648 13427 20911
29165 6635 29983
6635 29165 29983
29983 6635 29165
27519 22817 24562
22817 24562 27519
24562 22817 27519
3396 18941 26967
26967 3396 18941
18941 3396 26967
25215 11592 22111
11592 22111 25215
22111 11592 25215
13599 6088 16655
16655 6088 13599
6088 13599 16655
2717 4852 13675
13675 2717 4852
4852 2717 13675
5524 4751 23682
23682 4751 5524
4751 5524 23682
22454 5265 15533
5265 15533 22454
15533 5265 22454
29828 11752 14083
11752 14083 29828
14083 11752 29828
10936 2432 17373
17373 2432 10936
2432 10936 17373
14609 10127 26606
26606 10127 14609
10127 14609 26606
20086 20016 26661
20016 20086 26661
26661 20016 20086
16918 10291 29246
10291 16918 29246
29246 10291 16918
25054 8785 11077
8785 11077 25054
11077 8785 25054
22148 7438 19434
19434 7438 22148
7438 19434 22148
20930 600 11042
11042 600 20930
600 11042 20930
25456 9313 29941
9313 25456 29941
29941 9313 25456
5140 27073 29029
29029 5140 27073
27073 5140 29029
3575 6449 13375
6449 3575 13375
13375 3575 6449
9486 68 24155
68 9486 24155
24155 68 9486
11480 3262 5581
5581 3262 11480
3262 5581 11480
21494 10275 27974
27974 10275 21494
10275 21494 27974
28342 26382 28479
28479 26382 28342
26382 28342 28479
24591 20994 23719
20994 23719 24591
23719 20994 24591
8838 10555 11233
10555 8838 11233
11233 8838 10555
19015 11626 22951
11626 19015 22951
22951 11626 19015
24321 5454 20425
5454 20425 24321
20425 5454 24321
6183 2187 19461
2187 6183 19461
19461 2187 6183
10740 1180 29652
29652 1180 10740
1180 10740 29652
26820 10850 13276
10850 13276 26820
13276 10850 26820
6810 12713 23543
23543 6810 12713
12713 6810 23543
24398 8981 19596
8981 19596 24398
19596 8981 24398
8067 15542 23891
15542 8067 23891
23891 8067 15542
15263 1770 4278
1770 4278 15263
4278 1770 15263
12967 21297 27246
21297 12967 27246
27246 12967 21297
14277 17315 25667
25667 14277 17315
17315 14277 25667
25623 8335 29071
29071 8335 25623
8335 25623 29071
25741 18208 26761
18208 25741 26761
26761 18208 25741
28871 9626 22382
22382 9626 28871
9626 22382 28871
25139 1813 26513
26513 1813 25139
1813 25139 26513
9183 559 18466
559 9183 18466
18466 559 9183
9889 3890 18230
3890 9889 18230
18230 3890 9889
3559 2414 15108
15108 2414 3559
2414 3559 15108
17601 9391 24870
9391 17601 24870
24870 9391 17601
29096 6732 13882
6732 13882 29096
13882 6732 29096
2057 18502 19700
18502 2057 19700
19700 2057 18502
28542 10549 17827
17827 10549 28542
10549 17827 28542
10020 19815 25199
25199 10020 19815
19815 10020 25199
28468 9783 16156
9783 16156 28468
16156 9783 28468
24711 20678 23475
20678 23475 24711
23475 20678 24711
22523 15379 26970
26970 15379 22523
15379 22523 26970
6390 14202 18164
18164 6390 14202
14202 6390 18164
6242 19224 29551
19224 6242 29551
29551 6242 19224
7422 14751 21181
21181 7422 14751
14751 7422 21181
4956 7555 25347
25347 4956 7555
7555 4956 25347
27290 15006 23769
15006 23769 27290
23769 15006 27290
22503 26018 27970
27970 22503 26018
26018 22503 27970
19991 15153 27866
15153 19991 27866
27866 15153 19991
9965 19810 29104
29104 9965 19810
19810 9965 29104
7728 10059 20767
20767 7728 10059
10059 7728 20767
11824 2533 27701
2533 11824 27701
27701 2533 11824
22715 23970 25659
25659 22715 23970
23970 22715 25659
2441 21210 22488
21210 2441 22488
22488 2441 21210
6306 5496 12003
5496 6306 12003
12003 5496 6306
15962 19383 23728
23728 15962 19383
19383 15962 23728
28560 10107 25050
25050 10107 28560
10107 25050 28560
18948 2767 29675
2767 18948 29675
29675 2767 18948
249 4300 4602
4300 249 4602
4602 249 4300
11086 21805 28471
21805 11086 28471
28471 11086 21805
27033 4281 29968
4281 27033 29968
29968 4281 27033
11645 18133 19419
19419 11645 18133
18133 11645 19419
14755 11538 17337
17337 11538 14755
11538 14755 17337
22609 5727 28083
5727 22609 28083
28083 5727 22609
26631 11934 25973
25973 11934 26631
11934 25973 26631
17821 2156 24515
24515 2156 17821
2156 17821 24515
5279 6228 20257
6228 5279 20257
20257 5279 6228
21804 1963 28339
28339 1963 21804
1963 21804 28339
21271 10072 29020
10072 21271 29020
29020 10072 21271
161 2001 22043
2001 161 22043
22043 161 2001
14117 19571 22110
19571 14117 22110
22110 14117 19571
3680 4747 27637
4747 3680 27637
27637 3680 4747
1040 4086 10186
4086 1040 10186
10186 1040 4086
8181 6174 8662
8662 6174 8181
6174 8181 8662
13893 7443 15258
15258 7443 13893
7443 13893 15258
26331 24621 25194
25194 24621 26331
24621 25194 26331
9356 7569 12024
12024 7569 9356
7569 9356 12024
2660 22264 27941
27941 2660 22264
22264 2660 27941
17987 3545 16416
3545 16416 17987
16416 3545 17987
24922 1234 27093
27093 1234 24922
1234 24922 27093
25774 1303 8018
1303 8018 25774
8018 1303 25774
18518 26516 28773
26516 18518 28773
28773 18518 26516
23931 8912 16870
16870 8912 23931
8912 16870 23931
19311 5782 16727
5782 16727 19311
16727 5782 19311
11095 18044 19310
18044 11095 19310
19310 11095 18044
16403 3212 15254
3212 15254 16403
15254 3212 16403
26994 22076 29471
29471 22076 26994
22076 26994 29471
29207 24035 25298
25298 24035 29207
24035 25298 29207
15027 13405 16989
16989 13405 15027
13405 15027 16989
2888 2313 4019
4019 2313 2888
2313 2888 4019
22510 10379 19330
10379 19330 22510
19330 10379 22510
12085 14587 29351
14587 12085 29351
29351 12085 14587
3570 10401 29847
29847 3570 10401
10401 3570 29847
29813 2195 7824
7824 2195 29813
2195 7824 29813
13016 8012 25467
25467 8012 13016
8012 13016 25467
18668 5644 14602
14602 5644 18668
5644 14602 18668
24636 13017 14940
13017 14940 24636
14940 13017 24636
14513 4497 25254
25254 4497 14513
4497 14513 25254
7331 9057 27148
9057 7331 27148
27148 7331 9057
18522 2902 22534
22534 2902 18522
2902 18522 22534
5095 12501 12884
12884 5095 12501
12501 5095 12884
16924 11755 20327
11755 16924 20327
20327 11755 16924
10271 21285 29113
29113 10271 21285
21285 10271 29113
11554 1603 24854
1603 11554 24854
24854 1603 11554
7586 12814 22265
12814 7586 22265
22265 7586 12814
3042 8405 20313
8405 3042 20313
20313 3042 8405
13404 15616 19874
19874 13404 15616
15616 13404 19874
21249 3365 11267
3365 11267 21249
11267 3365 21249
3583 2081 10589
2081 3583 10589
10589 2081 3583
26448 6491 11315
11315 6491 26448
6491 11315 26448
25848 17662 23391
23391 17662 25848
17662 23391 25848
18357 5022 29389
5022 18357 29389
29389 5022 18357
19587 4983 5457
4983 5457 19587
5457 4983 19587
16907 5208 25023
25023 5208 16907
5208 16907 25023
17779 13009 23914
13009 17779 23914
23914 13009 17779
3898 10114 20912
10114 3898 20912
20912 3898 10114
18102 478 19762
19762 478 18102
478 18102 19762
25461 15809 26493
15809 25461 26493
26493 15809 25461
22080 13764 16419
13764 16419 22080
16419 13764 22080
11366 9864 10688
9864 10688 11366
10688 9864 11366
322 9799 12331
12331 322 9799
9799 322 12331
4392 21865 27779
21865 4392 27779
27779 4392 21865
20390 17109 21288
21288 17109 20390
17109 20390 21288
13534 1555 25187
25187 1555 13534
1555 13534 25187
15565 7252 22051
22051 7252 15565
7252 15565 22051
13366 17334 21400
17334 13366 21400
21400 13366 17334
20272 292 16851
16851 292 20272
292 16851 20272
13803 16461 20632
20632 13803 16461
16461 13803 20632
19211 18850 28535
18850 19211 28535
28535 18850 19211
1066 4354 5037
5037 1066 4354
4354 1066 5037
23000 1090 13042
13042 1090 23000
1090 13042 23000
28262 2830 17647
2830 17647 28262
17647 2830 28262
5188 5266 22854
22854 5188 5266
5266 5188 22854
3920 15963 19175
15963 3920 19175
19175 3920 15963
18512 6865 24107
6865 18512 24107
24107 6865 18512
24600 2458 16823
16823 2458 24600
2458 16823 24600
25835 15299 15848
15848 15299 25835
15299 15848 25835
1389 2056 5946
2056 1389 5946
5946 1389 2056
25186 8430 28977
8430 25186 28977
28977 8430 25186
5374 11250 11555
11555 5374 11250
11250 5374 11555
14330 5523 28014
28014 5523 14330
5523 14330 28014
26409 11158 20962
11158 20962 26409
20962 11158 26409
17013 2184 22782
22782 2184 17013
2184 17013 22782
9683 15498 20162
20162 9683 15498
15498 9683 20162
28667 217 23059
217 23059 28667
23059 217 28667
29381 4768 12752
4768 12752 29381
12752 4768 29381
1665 11743 29607
11743 1665 29607
29607 1665 11743
4018 2619 14560
2619 4018 14560
14560 2619 4018
27880 10654 26296
10654 26296 27880
26296 10654 27880
27713 6831 20848
20848 6831 27713
6831 20848 27713
26373 3187 10748
3187 10748 26373
10748 3187 26373
16879 2743 25428
2743 16879 25428
25428 2743 16879
2991 4958 6269
6269 2991 4958
4958 2991 6269
11779 19919 26765
26765 11779 19919
19919 11779 26765
22434 28416 29277
28416 22434 29277
29277 22434 28416
19122 10684 23944
10684 19122 23944
23944 10684 19122
25837 14192 23559
14192 23559 25837
23559 14192 25837
22285 23797 24358
24358 22285 23797
23797 22285 24358
7570 12971 15632
15632 7570 12971
12971 7570 15632
29450 511 28495
28495 511 29450
511 28495 29450
4606 11996 17480
11996 4606 17480
17480 4606 11996
12526 25192 26993
25192 12526 26993
26993 12526 25192
2461 4773 19363
4773 2461 19363
19363 2461 4773
18885 4251 13720
13720 4251 18885
4251 13720 18885
17014 2549 18539
2549 17014 18539
18539 2549 17014
22949 3705 21993
3705 21993 22949
21993 3705 22949
12148 6297 21542
6297 12148 21542
21542 6297 12148
18875 16051 25946
16051 18875 25946
25946 16051 18875
17187 18903 28376
18903 17187 28376
28376 17187 18903
10442 1022 16917
1022 10442 16917
16917 1022 10442
16030 8850 18853
18853 8850 16030
8850 16030 18853
20527 11941 12456
11941 12456 20527
12456 11941 20527
17006 8777 9455
8777 9455 17006
9455 8777 17006
8394 7017 10849
10849 7017 8394
7017 8394 10849
25544 26890 28833
28833 25544 26890
26890 25544 28833
20212 4516 6888
4516 6888 20212
6888 4516 20212
5055 6536 14856
6536 5055 14856
14856 5055 6536
27798 9473 28716
28716 9473 27798
9473 27798 28716
29135 16582 24041
16582 24041 29135
24041 16582 29135
9099 19192 28703
28703 9099 19192
19192 9099 28703
21876 10801 26914
10801 21876 26914
26914 10801 21876
5934 11751 29455
11751 5934 29455
29455 5934 11751
20950 1314 19614
1314 19614 20950
19614 1314 20950
14756 10421 24615
10421 14756 24615
24615 10421 14756
28439 4998 14186
4998 14186 28439
14186 4998 28439
27710 15055 17948
15055 17948 27710
17948 15055 27710
18537 2588 22517
2588 18537 22517
22517 2588 18537
29618 18384 20761
18384 20761 29618
20761 18384 29618
29858 13905 24755
24755 13905 29858
13905 24755 29858
1692 7777 8158
7777 1692 8158
8158 1692 7777
22907 9557 22135
9557 22135 22907
22135 9557 22907
15322 11918 22706
11918 15322 22706
22706 11918 15322
23907 22014 27655
22014 23907 27655
27655 22014 23907
16770 4499 25233
4499 16770 25233
25233 4499 16770
14691 159 28822
159 14691 28822
28822 159 14691
4345 1820 11908
11908 1820 4345
1820 4345 11908
11875 8151 22797
22797 8151 11875
8151 11875 22797
22512 2164 12504
12504 2164 22512
2164 12504 22512
10725 7901 24931
24931 7901 10725
7901 10725 24931
26919 15383 16048
16048 15383 26919
15383 16048 26919
22402 7049 25504
25504 7049 22402
7049 22402 25504
21758 16224 21640
16224 21640 21758
21640 16224 21758
1164 9880 20734
20734 1164 9880
9880 1164 20734
16512 7229 20033
20033 7229 16512
7229 16512 20033
16484 14218 21335
21335 14218 16484
14218 16484 21335
14041 5051 19054
5051 14041 19054
19054 5051 14041
26655 18141 21757
21757 18141 26655
18141 21757 26655
22203 4595 9478
9478 4595 22203
4595 9478 22203
28699 19977 23342
19977 23342 28699
23342 19977 28699
23202 2367 23555
23555 2367 23202
2367 23202 23555
5679 2535 4541
4541 2535 5679
2535 4541 5679
18136 18824 21719
21719 18136 18824
18824 18136 21719
13301 14021 22069
14021 13301 22069
22069 13301 14021
23909 5226 15130
15130 5226 23909
5226 15130 23909
1385 12498 27441
27441 1385 12498
12498 1385 27441
25326 11901 28746
11901 25326 28746
28746 11901 25326
14275 5116 18792
5116 14275 18792
18792 5116 14275
17270 16746 22938
22938 16746 17270
16746 17270 22938
10243 3525 25386
25386 3525 10243
3525 10243 25386
9653 5996 18852
5996 9653 18852
18852 5996 9653
19818 4612 10084
4612 10084 19818
10084 4612 19818
27373 11992 24448
11992 24448 27373
24448 11992 27373
1758 12402 25219
12402 1758 25219
25219 1758 12402
4396 12524 20050
20050 4396 12524
12524 4396 20050
14417 16709 16898
16709 14417 16898
16898 14417 16709
16445 9629 17082
9629 16445 17082
17082 9629 16445
20931 3881 4817
3881 4817 20931
4817 3881 20931
8521 16521 20225
20225 8521 16521
16521 8521 20225
4881 10975 22381
10975 4881 22381
22381 4881 10975
7775 6555 16233
6555 7775 16233
16233 6555 7775
27461 15468 19974
15468 19974 27461
19974 15468 27461
15145 5737 13512
5737 13512 15145
13512 5737 15145
15017 3105 16139
16139 3105 15017
3105 15017 16139
11155 21985 29820
21985 11155 29820
29820 11155 21985
2444 24352 25163
25163 2444 24352
24352 2444 25163
16339 12449 25109
12449 16339 25109
25109 12449 16339
25471 426 12665
12665 426 25471
426 12665 25471
2609 2952 3855
2952 2609 3855
3855 2609 2952
12012 7243 11377
11377 7243 12012
7243 11377 12012
19983 14851 18038
18038 14851 19983
14851 18038 19983
3475 8261 14831
14831 3475 8261
8261 3475 14831
15475 8243 12385
8243 12385 15475
12385 8243 15475
27590 330 23199
23199 330 27590
330 23199 27590
9936 1796 23882
23882 1796 9936
1796 9936 23882
15492 2988 13654
13654 2988 15492
2988 13654 15492
24003 20368 29255
20368 24003 29255
29255 20368 24003
22137 7362 9123
9123 7362 22137
7362 9123 22137
16154 4883 6659
4883 6659 16154
6659 4883 16154
27939 14237 19889
14237 19889 27939
19889 14237 27939
11168 4453 15357
15357 4453 11168
4453 11168 15357
19692 8836 21578
8836 19692 21578
21578 8836 19692
15592 90 19262
90 15592 19262
19262 90 15592
3932 1738 13683
1738 3932 13683
13683 1738 3932
17691 3164 3342
3342 3164 17691
3164 3342 17691
18993 6529 11550
6529 11550 18993
11550 6529 18993
15390 11262 16756
16756 11262 15390
11262 15390 16756
7494 18098 23151
23151 7494 18098
18098 7494 23151
16737 11536 23505
11536 16737 23505
23505 11536 16737
3346 6940 23805
6940 3346 23805
23805 3346 6940
25330 18768 19099
19099 18768 25330
18768 19099 25330
22255 11974 27850
11974 22255 27850
27850 11974 22255
8898 10352 21714
21714 8898 10352
10352 8898 21714
6027 8284 18173
8284 6027 18173
18173 6027 8284
10111 992 11570
992 10111 11570
11570 992 10111
24165 7072 16191
16191 7072 24165
7072 16191 24165
13261 10195 11147
11147 10195 13261
10195 11147 13261
16162 3581 13208
3581 13208 16162
13208 3581 16162
3629 594 6071
594 3629 6071
6071 594 3629
4078 993 6359
6359 993 4078
993 4078 6359
18696 25694 29004
29004 18696 25694
25694 18696 29004
29323 7423 9141
7423 9141 29323
9141 7423 29323
417 2690 26184
26184 417 2690
2690 417 26184
11552 16468 23706
16468 11552 23706
23706 11552 16468
8741 5324 14122
14122 5324 8741
5324 8741 14122
27066 8327 19436
8327 19436 27066
19436 8327 27066
20750 16087 21148
21148 16087 20750
16087 20750 21148
7550 6446 6511
6446 6511 7550
6511 6446 7550
7098 2981 17253
2981 7098 17253
17253 2981 7098
970 4105 26141
4105 970 26141
26141 970 4105
17168 9378 24992
9378 17168 24992
24992 9378 17168
11565 6650 7916
6650 7916 11565
7916 6650 11565
26965 16414 22903
22903 16414 26965
16414 22903 26965
27871 1375 22971
1375 22971 27871
22971 1375 27871
23677 12273 28870
28870 12273 23677
12273 23677 28870
18155 3594 23174
3594 18155 23174
23174 3594 18155
21403 3626 14626
3626 14626 21403
14626 3626 21403
12853 12368 27756
27756 12368 12853
12368 12853 27756
22659 28037 28706
28706 22659 28037
28037 22659 28706
2141 10357 15547
10357 2141 15547
15547 2141 10357
29924 17629 23320
17629 23320 29924
23320 17629 29924
29063 247 29889
29889 247 29063
247 29063 29889
18963 4197 16395
16395 4197 18963
4197 16395 18963
14297 2479 10671
2479 10671 14297
10671 2479 14297
7224 19444 20760
20760 7224 19444
19444 7224 20760
26112 7449 16774
7449 16774 26112
16774 7449 26112
26987 1313 22289
22289 1313 26987
1313 22289 26987
22467 4368 27608
27608 4368 22467
4368 22467 27608
19283 8825 11627
11627 8825 19283
8825 11627 19283
23159 24194 29694
29694 23159 24194
24194 23159 29694
19853 4804 15408
4804 15408 19853
15408 4804 19853
4129 17734 18574
18574 4129 17734
17734 4129 18574
13019 3763 22871
22871 3763 13019
3763 13019 22871
24611 12862 23198
12862 23198 24611
23198 12862 24611
9263 12129 20129
12129 9263 20129
20129 9263 12129
3003 24780 26595
26595 3003 24780
24780 3003 26595
11773 1399 7127
1399 7127 11773
7127 1399 11773
9651 24055 28360
28360 9651 24055
24055 9651 28360
25635 4459 8894
8894 4459 25635
4459 8894 25635
18924 3206 14920
14920 3206 18924
3206 14920 18924
12793 4772 5260
4772 5260 12793
5260 4772 12793
689 9706 29032
9706 689 29032
29032 689 9706
27255 10658 25177
25177 10658 27255
10658 25177 27255
23995 195 18494
18494 195 23995
195 18494 23995
10464 3856 15095
15095 3856 10464
3856 10464 15095
1994 5763 24333
24333 1994 5763
5763 1994 24333
18660 6356 12077
12077 6356 18660
6356 12077 18660
3796 14912 27059
14912 3796 27059
27059 3796 14912
5786 2449 18911
2449 5786 18911
18911 2449 5786
26329 24271 25201
24271 25201 26329
25201 24271 26329
9983 4218 13275
4218 9983 13275
13275 4218 9983
3938 22665 26495
22665 3938 26495
26495 3938 22665
22733 4838 28457
28457 4838 22733
4838 22733 28457
26267 13254 17560
17560 13254 26267
13254 17560 26267
7951 15276 29912
29912 7951 15276
15276 7951 29912
12816 3161 17836
17836 3161 12816
3161 12816 17836
4696 3577 17982
17982 3577 4696
3577 4696 17982
23516 1648 18579
18579 1648 23516
1648 18579 23516
8302 10852 27935
27935 8302 10852
10852 8302 27935
25106 3606 24554
3606 24554 25106
24554 3606 25106
13194 13236 21984
21984 13194 13236
13236 13194 21984
12278 22581 25812
22581 12278 25812
25812 12278 22581
16106 21600 28151
28151 16106 21600
21600 16106 28151
2463 12938 23752
12938 2463 23752
23752 2463 12938
18926 944 8860
8860 944 18926
944 8860 18926
22552 12059 18288
18288 12059 22552
12059 18288 22552
9673 27054 28723
27054 9673 28723
28723 9673 27054
28153 15487 16413
16413 15487 28153
15487 16413 28153
17835 6812 9494
6812 9494 17835
9494 6812 17835
26696 12416 20847
12416 20847 26696
20847 12416 26696
18178 3664 8847
3664 8847 18178
8847 3664 18178
9724 10272 13629
13629 9724 10272
10272 9724 13629
21574 13435 14445
13435 14445 21574
14445 13435 21574
1365 10209 26260
10209 1365 26260
26260 1365 10209
3217 5486 7109
7109 3217 5486
5486 3217 7109
21112 21107 27597
21107 21112 27597
27597 21107 21112
21496 24494 27364
27364 21496 24494
24494 21496 27364
6539 6480 7297
7297 6480 6539
6480 6539 7297
8745 20219 22632
22632 8745 20219
20219 8745 22632
13415 6765 21481
6765 13415 21481
21481 6765 13415
26082 7751 23142
7751 23142 26082
23142 7751 26082
18347 19032 23754
23754 18347 19032
19032 18347 23754
10073 1590 17605
17605 1590 10073
1590 10073 17605
28404 8060 13766
13766 8060 28404
8060 13766 28404
10903 280 4247
280 4247 10903
4247 280 10903
29156 15345 16620
15345 16620 29156
16620 15345 29156
28065 5936 19095
19095 5936 28065
5936 19095 28065
17636 21368 26964
26964 17636 21368
21368 17636 26964
10828 16923 28868
28868 10828 16923
16923 10828 28868
19592 9167 26663
26663 9167 19592
9167 19592 26663
25280 988 1430
1430 988 25280
988 1430 25280
7779 14650 27459
27459 7779 14650
14650 7779 27459
17323 21343 29395
29395 17323 21343
21343 17323 29395
26056 5186 25524
25524 5186 26056
5186 25524 26056
12068 410 3064
3064 410 12068
410 3064 12068
16894 5686 9848
5686 9848 16894
9848 5686 16894
14538 1 4257
1 4257 14538
4257 1 14538
3816 8918 12800
8918 3816 12800
12800 3816 8918
25842 6096 6505
6505 6096 25842
6096 6505 25842
13962 2126 4993
4993 2126 13962
2126 4993 13962
28541 1573 17850
17850 1573 28541
1573 17850 28541
29153 2364 17825
17825 2364 29153
2364 17825 29153
16623 21905 23749
23749 16623 21905
21905 16623 23749
10326 4358 21179
4358 10326 21179
21179 4358 10326
27071 16983 19879
19879 16983 27071
16983 19879 27071
2322 6902 25137
6902 2322 25137
25137 2322 6902
11799 5499 15530
5499 11799 15530
15530 5499 11799
2544 18107 24631
18107 2544 24631
24631 2544 18107
18365 3080 20599
20599 3080 18365
3080 18365 20599
10856 3996 11831
3996 10856 11831
11831 3996 10856
8437 9749 20568
9749 8437 20568
20568 8437 9749
9476 9747 17533
9747 9476 17533
17533 9476 9747
15558 4062 24753
24753 4062 15558
4062 15558 24753
7999 11307 12754
12754 7999 11307
11307 7999 12754
22630 13825 21770
13825 21770 22630
21770 13825 22630
8412 2420 19476
2420 8412 19476
19476 2420 8412
12172 7982 11547
11547 7982 12172
7982 11547 12172
21636 20036 29058
20036 21636 29058
29058 20036 21636
26982 6054 23518
23518 6054 26982
6054 23518 26982
19119 2207 18272
18272 2207 19119
2207 18272 19119
24151 19028 19987
19028 19987 24151
19987 19028 24151
20576 16978 28907
16978 20576 28907
28907 16978 20576
17301 561 1170
1170 561 17301
561 1170 17301
18677 657 9524
9524 657 18677
657 9524 18677
11803 5604 10397
10397 5604 11803
5604 10397 11803
9555 14074 19894
14074 9555 19894
19894 9555 14074
29266 10793 21688
10793 21688 29266
21688 10793 29266
1013 6772 20843
6772 1013 20843
20843 1013 6772
1791 403 7931
403 1791 7931
7931 403 1791
12123 16131 21900
16131 12123 21900
21900 12123 16131
24669 9208 10136
9208 10136 24669
10136 9208 24669
7462 4184 19920
4184 7462 19920
19920 4184 7462
23233 15917 26171
26171 15917 23233
15917 23233 26171
4357 6021 10511
10511 4357 6021
6021 4357 10511
11932 1003 17706
1003 11932 17706
17706 1003 11932
20891 1666 6951
1666 6951 20891
6951 1666 20891
21405 10763 16199
10763 16199 21405
16199 10763 21405
2829 1335 17446
17446 1335 2829
1335 2829 17446
14305 20039 23711
20039 14305 23711
23711 14305 20039
25928 13069 16387
16387 13069 25928
13069 16387 25928
12930 1695 7266
7266 1695 12930
1695 7266 12930
15309 3207 15005
15005 3207 15309
3207 15005 15309
25770 5276 7436
7436 5276 25770
5276 7436 25770
7501 17454 26703
26703 7501 17454
17454 7501 26703
19237 5836 10078
10078 5836 19237
5836 10078 19237
18260 7257 14352
14352 7257 18260
7257 14352 18260
28116 8816 24329
24329 8816 28116
8816 24329 28116
9734 10562 29243
29243 9734 10562
10562 9734 29243
28249 17062 25409
17062 25409 28249
25409 17062 28249
15393 12976 16150
16150 12976 15393
12976 15393 16150
6482 427 28816
427 6482 28816
28816 427 6482
23994 23264 29619
23264 23994 29619
29619 23264 23994
6270 19623 20826
20826 6270 19623
19623 6270 20826
26688 9862 17444
9862 17444 26688
17444 9862 26688
17210 743 13543
13543 743 17210
743 13543 17210
16490 10659 29163
29163 10659 16490
10659 16490 29163
22597 16326 18180
16326 18180 22597
18180 16326 22597
15029 4314 23577
23577 4314 15029
4314 15029 23577
5952 7397 20337
20337 5952 7397
7397 5952 20337
15536 8203 25391
25391 8203 15536
8203 15536 25391
21736 26656 29103
29103 21736 26656
26656 21736 29103
1135 3723 16136
16136 1135 3723
3723 1135 16136
16998 6907 13682
13682 6907 16998
6907 13682 16998
26330 5657 16478
16478 5657 26330
5657 16478 26330
979 12825 15484
12825 979 15484
15484 979 12825
10215 15177 21639
15177 10215 21639
21639 10215 15177
3838 21348 23168
21348 3838 23168
23168 3838 21348
27349 11177 27936
27936 11177 27349
11177 27349 27936
3078 1394 21283
1394 3078 21283
21283 1394 3078
15443 25443 27971
25443 15443 27971
27971 15443 25443
11275 9357 9446
9357 9446 11275
9446 9357 11275
1411 1247 19263
19263 1247 1411
1247 1411 19263
20381 16753 27408
16753 20381 27408
27408 16753 20381
2731 5816 16845
5816 2731 16845
16845 2731 5816
14759 15841 18500
15841 14759 18500
18500 14759 15841
24369 717 19112
19112 717 24369
717 19112 24369
19746 14418 26892
26892 14418 19746
14418 19746 26892
4115 15307 25189
25189 4115 15307
15307 4115 25189
28514 1095 5658
5658 1095 28514
1095 5658 28514
21397 2576 13796
2576 13796 21397
13796 2576 21397
12492 12753 20509
20509 12492 12753
12753 12492 20509
3673 4158 9061
4158 3673 9061
9061 3673 4158
20161 1100 19059
1100 19059 20161
19059 1100 20161
3505 6513 15297
15297 3505 6513
6513 3505 15297
7031 6337 28470
28470 6337 7031
6337 7031 28470
9224 15239 22161
22161 9224 15239
15239 9224 22161
16153 20976 27500
20976 16153 27500
27500 16153 20976
2589 900 10031
900 2589 10031
10031 900 2589
28091 8295 16593
16593 8295 28091
8295 16593 28091
5819 14310 29637
14310 5819 29637
29637 5819 14310
12154 4277 9614
9614 4277 12154
4277 9614 12154
2824 12242 27338
12242 2824 27338
27338 2824 12242
10645 1647 3369
3369 1647 10645
1647 3369 10645
6570 10857 20326
10857 6570 20326
20326 6570 10857
20794 18485 18828
18485 18828 20794
18828 18485 20794
792 9406 25379
9406 792 25379
25379 792 9406
16192 2965 21722
21722 2965 16192
2965 16192 21722
28109 16161 19598
19598 16161 28109
16161 19598 28109
26208 2063 6405
2063 6405 26208
6405 2063 26208
24379 15722 24125
24125 15722 24379
15722 24125 24379
25492 10179 18379
18379 10179 25492
10179 18379 25492
787 14314 23870
14314 787 23870
23870 787 14314
27350 20105 27487
20105 27350 27487
27487 20105 27350
25091 25230 26179
25230 25091 26179
26179 25091 25230
14772 10819 13949
10819 13949 14772
13949 10819 14772
4864 14996 19410
19410 4864 14996
14996 4864 19410
29470 10083 16590
16590 10083 29470
10083 16590 29470
12164 1906 16434
16434 1906 12164
1906 12164 16434
14354 13693 25133
13693 14354 25133
25133 13693 14354
9345 14717 19523
19523 9345 14717
14717 9345 19523
15388 2427 10067
2427 10067 15388
10067 2427 15388
10779 7192 25651
7192 10779 25651
25651 7192 10779
9084 5886 22619
22619 5886 9084
5886 9084 22619
12806 7932 11749
11749 7932 12806
7932 11749 12806
15331 5002 28398
28398 5002 15331
5002 15331 28398
13216 18077 20258
20258 13216 18077
18077 13216 20258
2532 12941 24542
12941 2532 24542
24542 2532 12941
6080 2854 10914
2854 6080 10914
10914 2854 6080
11657 6886 10265
10265 6886 11657
6886 10265 11657
14776 1698 22941
1698 14776 22941
22941 1698 14776
5214 20542 25739
20542 5214 25739
25739 5214 20542
10874 8036 25304
25304 8036 10874
8036 10874 25304
6860 9553 23973
23973 6860 9553
9553 6860 23973
1322 1275 27152
27152 1275 1322
1275 1322 27152
12637 22920 26966
26966 12637 22920
22920 12637 26966
19969 17140 23939
17140 19969 23939
23939 17140 19969
16772 1462 17618
17618 1462 16772
1462 16772 17618
9085 1151 22026
1151 9085 22026
22026 1151 9085
23594 12509 27927
12509 23594 27927
27927 12509 23594
24635 4217 27389
27389 4217 24635
4217 24635 27389
5113 6473 25824
25824 5113 6473
6473 5113 25824
36 22635 23806
22635 36 23806
23806 36 22635
1559 18939 26228
26228 1559 18939
18939 1559 26228
23302 25270 27585
25270 23302 27585
27585 23302 25270
4916 19474 23855
23855 4916 19474
19474 4916 23855
5428 7238 15115
7238 5428 15115
15115 5428 7238
17 1249 4253
1249 17 4253
4253 17 1249
22064 7959 8208
8208 7959 22064
7959 8208 22064
11845 6076 9702
9702 6076 11845
6076 9702 11845
18352 16060 18546
18546 16060 18352
16060 18352 18546
15997 22726 23714
22726 15997 23714
23714 15997 22726
4797 12951 16372
16372 4797 12951
12951 4797 16372
24022 3 11131
3 11131 24022
11131 3 24022
15157 10473 23904
10473 15157 23904
23904 10473 15157
29997 12040 20070
20070 12040 29997
12040 20070 29997
13112 3562 17593
3562 13112 17593
17593 3562 13112
26174 2424 15232
15232 2424 26174
2424 15232 26174
6152 18328 26848
18328 6152 26848
26848 6152 18328
21946 16732 21795
16732 21795 21946
21795 16732 21946
21659 1775 5210
1775 5210 21659
5210 1775 21659
338 2746 17297
17297 338 2746
2746 338 17297
3988 8729 15261
15261 3988 8729
8729 3988 15261
15623 8515 13002
13002 8515 15623
8515 13002 15623
15823 24074 29600
29600 15823 24074
24074 15823 29600
5953 1509 17437
1509 5953 17437
17437 1509 5953
11788 11466 20276
20276 11466 11788
11466 11788 20276
20455 17918 22996
22996 17918 20455
17918 20455 22996
28774 18326 20691
20691 18326 28774
18326 20691 28774
18318 13900 19607
19607 13900 18318
13900 18318 19607
15482 1152 20613
20613 1152 15482
1152 15482 20613
24410 26173 26256
26173 24410 26256
26256 24410 26173
10732 3706 28561
28561 3706 10732
3706 10732 28561
18699 26180 26264
26264 18699 26180
26180 18699 26264
566 6363 24240
24240 566 6363
6363 566 24240
3592 261 19023
19023 261 3592
261 3592 19023
8476 6169 9721
6169 8476 9721
9721 6169 8476
11877 9970 28670
9970 11877 28670
28670 9970 11877
10039 10731 13566
13566 10039 10731
10731 10039 13566
24384 5899 21649
5899 21649 24384
21649 5899 24384
14480 13402 20442
13402 14480 20442
20442 13402 14480
13057 8579 15455
8579 13057 15455
15455 8579 13057
2844 314 29704
29704 314 2844
314 2844 29704
24967 6061 14174
6061 14174 24967
14174 6061 24967
23865 8491 19507
19507 8491 23865
8491 19507 23865
18746 3440 28625
28625 3440 18746
3440 18746 28625
26933 8453 26385
8453 26385 26933
26385 8453 26933
26217 22192 23564
23564 22192 26217
22192 23564 26217
20340 2211 3130
3130 2211 20340
2211 3130 20340
21942 5757 23458
5757 21942 23458
23458 5757 21942
29434 17852 24457
24457 17852 29434
17852 24457 29434
13046 10573 18159
18159 10573 13046
10573 13046 18159
26303 6259 24810
24810 6259 26303
6259 24810 26303
9361 17427 27848
17427 9361 27848
27848 9361 17427
14233 22189 29881
22189 14233 29881
29881 14233 22189
16579 8316 26969
8316 16579 26969
26969 8316 16579
29380 2897 15398
2897 15398 29380
15398 2897 29380
21771 14627 17108
17108 14627 21771
14627 17108 21771
24143 24798 27053
27053 24143 24798
24798 24143 27053
15527 6658 10651
6658 10651 15527
10651 6658 15527
19432 10237 28381
10237 19432 28381
28381 10237 19432
415 6214 8658
8658 415 6214
6214 415 8658
5964 10623 29647
10623 5964 29647
29647 5964 10623
14669 18179 22375
18179 14669 22375
22375 14669 18179
22058 11452 27972
27972 11452 22058
11452 22058 27972
11857 3230 13284
13284 3230 11857
3230 11857 13284
820 58 29193
58 820 29193
29193 58 820
27741 2659 2838
2659 2838 27741
2838 2659 27741
5014 3267 10339
10339 3267 5014
3267 5014 10339
639 21586 22126
22126 639 21586
21586 639 22126
5981 13287 27025
13287 5981 27025
27025 5981 13287
24285 4413 5570
5570 4413 24285
4413 5570 24285
10075 24681 28041
28041 10075 24681
24681 10075 28041
890 5600 25284
5600 890 25284
25284 890 5600
26885 9115 21060
9115 21060 26885
21060 9115 26885
21864 1200 21880
1200 21864 21880
21880 1200 21864
1306 20356 27435
27435 1306 20356
20356 1306 27435
8340 4001 20846
20846 4001 8340
4001 8340 20846
25498 19094 22928
