213 2021 2394
2394 213 2021
2021 213 2394
1111 189 901
901 189 1111
189 901 1111
1842 622 1568
1568 622 1842
622 1568 1842
496 291 1278
291 496 1278
1278 291 496
1524 711 735
735 711 1524
711 735 1524
1944 1192 1789
1789 1192 1944
1192 1789 1944
2003 61 392
61 392 2003
392 61 2003
1617 1749 2843
1749 1617 2843
2843 1617 1749
2304 1383 2723
2723 1383 2304
1383 2304 2723
887 876 2630
876 887 2630
2630 876 887
309 1247 1769
1769 309 1247
1247 309 1769
28 305 1329
1329 28 305
305 28 1329
2260 1873 2632
2632 1873 2260
1873 2260 2632
2467 203 834
203 834 2467
834 203 2467
2961 101 1307
1307 101 2961
101 1307 2961
819 1118 2938
2938 819 1118
1118 819 2938
2922 531 1484
531 1484 2922
1484 531 2922
933 771 2528
771 933 2528
2528 771 933
1279 770 1778
1778 770 1279
770 1279 1778
1355 21 252
21 252 1355
252 21 1355
2564 595 1339
595 1339 2564
1339 595 2564
1845 1424 2761
2761 1424 1845
1424 1845 2761
389 235 2975
2975 235 389
235 389 2975
500 2084 2439
2439 500 2084
2084 500 2439
337 1106 2926
2926 337 1106
1106 337 2926
2449 1276 2841
2841 1276 2449
1276 2449 2841
1413 144 890
890 144 1413
144 890 1413
1881 256 1389
1389 256 1881
256 1389 1881
1351 565 2318
2318 565 1351
565 1351 2318
1490 963 2312
2312 963 1490
963 1490 2312
850 471 2454
471 850 2454
2454 471 850
2687 962 1374
962 1374 2687
1374 962 2687
1564 860 1830
1830 860 1564
860 1564 1830
637 298 931
931 298 637
298 637 931
1991 513 1468
1468 513 1991
513 1468 1991
986 917 2465
917 986 2465
2465 917 986
402 1359 2885
2885 402 1359
1359 402 2885
2220 1409 2688
2688 1409 2220
1409 2220 2688
2071 469 683
469 683 2071
683 469 2071
1565 821 1309
821 1309 1565
1309 821 1565
2262 2358 2604
2604 2262 2358
2358 2262 2604
594 1073 1787
1073 594 1787
1787 594 1073
2591 1521 2456
2456 1521 2591
1521 2456 2591
1007 2142 2978
2142 1007 2978
2978 1007 2142
2023 95 1463
1463 95 2023
95 1463 2023
1264 1440 1974
1974 1264 1440
1440 1264 1974
842 499 1734
1734 499 842
499 842 1734
1049 68 601
68 601 1049
601 68 1049
675 1600 1986
1986 675 1600
1600 675 1986
2675 2665 2681
2665 2675 2681
2681 2665 2675
22 2232 2463
2232 22 2463
2463 22 2232
1957 1540 1650
1650 1540 1957
1540 1650 1957
163 230 2316
2316 163 230
230 163 2316
87 218 2307
218 87 2307
2307 87 218
2864 731 2655
731 2655 2864
2655 731 2864
2748 1713 1960
1713 1960 2748
1960 1713 2748
2834 2059 2508
2508 2059 2834
2059 2508 2834
1429 1221 1612
1612 1221 1429
1221 1429 1612
2776 1951 2256
1951 2256 2776
2256 1951 2776
2011 755 2930
755 2011 2930
2930 755 2011
607 1861 2421
2421 607 1861
1861 607 2421
2701 52 2221
2221 52 2701
52 2221 2701
44 889 2446
889 44 2446
2446 44 889
2308 38 2580
2580 38 2308
38 2308 2580
438 1432 2060
1432 438 2060
2060 438 1432
166 1246 1872
1246 166 1872
1872 166 1246
2162 284 1708
284 1708 2162
1708 284 2162
1497 88 2662
2662 88 1497
88 1497 2662
220 72 2043
72 220 2043
2043 72 220
2078 172 2547
2547 172 2078
172 2078 2547
1569 1417 1722
1722 1417 1569
1417 1569 1722
2698 411 2459
2459 411 2698
411 2459 2698
1431 1444 1878
1444 1431 1878
1878 1431 1444
1664 204 386
386 204 1664
204 386 1664
180 2151 2417
2417 180 2151
2151 180 2417
843 76 82
82 76 843
76 82 843
1894 276 1023
276 1023 1894
1023 276 1894
1693 360 2593
360 1693 2593
2593 360 1693
51 1705 2754
2754 51 1705
1705 51 2754
506 1151 2238
1151 506 2238
2238 506 1151
628 831 1621
831 628 1621
1621 628 831
176 171 1200
171 176 1200
1200 171 176
2672 1144 2954
2954 1144 2672
1144 2672 2954
1302 703 1546
1546 703 1302
703 1302 1546
1959 1043 1232
1232 1043 1959
1043 1232 1959
2475 1950 2157
1950 2157 2475
2157 1950 2475
2669 1122 2332
2332 1122 2669
1122 2332 2669
1102 1126 2034
2034 1102 1126
1126 1102 2034
2488 1912 2872
2872 1912 2488
1912 2488 2872
1681 33 817
817 33 1681
33 817 1681
371 1443 2863
1443 371 2863
2863 371 1443
1539 2117 2813
2117 1539 2813
2813 1539 2117
2191 1087 1997
1997 1087 2191
1087 1997 2191
2970 892 2984
2984 892 2970
892 2970 2984
2276 1449 1999
1449 1999 2276
1999 1449 2276
1963 1945 2854
2854 1945 1963
1945 1963 2854
760 129 2051
129 760 2051
2051 129 760
1343 343 1060
343 1060 1343
1060 343 1343
647 987 2768
987 647 2768
2768 647 987
2936 1055 2403
1055 2403 2936
2403 1055 2936
2484 558 1457
1457 558 2484
558 1457 2484
524 1285 2606
1285 524 2606
2606 524 1285
2073 124 2958
2958 124 2073
124 2073 2958
1631 319 458
319 458 1631
458 319 1631
1824 1501 2406
2406 1501 1824
1501 1824 2406
2348 1406 2415
1406 2348 2415
2415 1406 2348
1498 2860 2983
2983 1498 2860
2860 1498 2983
2302 1516 2995
2995 1516 2302
1516 2302 2995
1022 610 942
610 942 1022
942 610 1022
1324 134 2855
2855 134 1324
134 1324 2855
47 870 2419
2419 47 870
870 47 2419
385 745 2173
2173 385 745
745 385 2173
336 596 766
766 336 596
596 336 766
423 1791 2561
1791 423 2561
2561 423 1791
1187 1313 2128
1313 1187 2128
2128 1187 1313
2733 741 2311
741 2311 2733
2311 741 2733
2430 2090 2976
2090 2430 2976
2976 2090 2430
2261 2480 2495
2495 2261 2480
2480 2261 2495
2879 1481 2375
2375 1481 2879
1481 2375 2879
724 1871 2016
1871 724 2016
2016 724 1871
1265 1036 1434
1036 1265 1434
1434 1036 1265
1354 366 969
366 969 1354
969 366 1354
2464 903 1759
1759 903 2464
903 1759 2464
1363 585 2861
585 1363 2861
2861 585 1363
2912 409 2848
409 2848 2912
2848 409 2912
1084 259 2571
2571 259 1084
259 1084 2571
1094 584 1987
1987 584 1094
584 1094 1987
461 214 2999
2999 214 461
214 461 2999
1198 763 791
763 791 1198
791 763 1198
512 1953 2237
1953 512 2237
2237 512 1953
2781 290 2620
2620 290 2781
290 2620 2781
481 145 1176
1176 145 481
145 481 1176
2670 2268 2427
2427 2268 2670
2268 2427 2670
1886 1786 2401
1786 1886 2401
2401 1786 1886
1832 2473 2741
2741 1832 2473
2473 1832 2741
278 1338 2098
2098 278 1338
1338 278 2098
2743 581 1346
581 1346 2743
1346 581 2743
1570 925 1412
925 1412 1570
1412 925 1570
886 416 2246
416 886 2246
2246 416 886
201 400 1725
1725 201 400
400 201 1725
1598 63 2388
63 1598 2388
2388 63 1598
1439 2396 2828
2396 1439 2828
2828 1439 2396
486 425 1934
1934 425 486
425 486 1934
2909 671 1210
671 1210 2909
1210 671 2909
2570 853 1233
853 1233 2570
1233 853 2570
370 825 2370
825 370 2370
2370 370 825
2856 6 1243
1243 6 2856
6 1243 2856
112 1855 1981
1981 112 1855
1855 112 1981
1331 130 408
130 408 1331
408 130 1331
161 2035 2809
2035 161 2809
2809 161 2035
1267 1318 1555
1318 1267 1555
1555 1267 1318
2820 1640 1642
1640 1642 2820
1642 1640 2820
2205 810 1545
1545 810 2205
810 1545 2205
2510 882 1353
1353 882 2510
882 1353 2510
1691 2410 2426
2410 1691 2426
2426 1691 2410
1319 1177 1608
1177 1319 1608
1608 1177 1319
2212 1680 2557
1680 2212 2557
2557 1680 2212
1928 151 1218
1218 151 1928
151 1218 1928
2682 909 1998
1998 909 2682
909 1998 2682
304 1815 2101
1815 304 2101
2101 304 1815
483 1075 1298
1298 483 1075
1075 483 1298
381 435 2270
435 381 2270
2270 381 435
1615 1462 2044
1462 1615 2044
2044 1462 1615
1205 1352 2460
2460 1205 1352
1352 1205 2460
2799 1904 2097
1904 2097 2799
2097 1904 2799
1591 988 1168
1168 988 1591
988 1168 1591
1191 1982 2389
1982 1191 2389
2389 1191 1982
2275 1614 1993
1993 1614 2275
1614 1993 2275
1487 797 2273
2273 797 1487
797 1487 2273
924 1647 2062
2062 924 1647
1647 924 2062
2735 431 2734
431 2734 2735
2734 431 2735
2607 316 1304
316 1304 2607
1304 316 2607
413 1175 2581
2581 413 1175
1175 413 2581
2360 1260 1502
1502 1260 2360
1260 1502 2360
750 775 1390
775 750 1390
1390 750 775
2567 2293 2811
2811 2293 2567
2293 2567 2811
157 1868 2368
2368 157 1868
1868 157 2368
271 382 2322
2322 271 382
382 271 2322
2626 207 2125
207 2125 2626
2125 207 2626
1989 1507 2472
2472 1507 1989
1507 1989 2472
666 265 480
480 265 666
265 480 666
379 856 2476
856 379 2476
2476 379 856
1741 1731 2337
1731 1741 2337
2337 1731 1741
508 251 2113
2113 251 508
251 508 2113
549 117 2602
2602 117 549
117 549 2602
2653 1132 1437
1132 1437 2653
1437 1132 2653
1452 560 2291
2291 560 1452
560 1452 2291
1470 1853 2080
1853 1470 2080
2080 1470 1853
2144 1256 1407
1256 1407 2144
1407 1256 2144
310 528 1310
528 310 1310
1310 310 528
2269 137 2015
137 2015 2269
2015 137 2269
2534 862 1048
1048 862 2534
862 1048 2534
2651 733 904
904 733 2651
733 904 2651
1703 81 97
97 81 1703
81 97 1703
1320 287 1679
1679 287 1320
287 1320 1679
1013 1977 2366
1977 1013 2366
2366 1013 1977
1611 583 2404
2404 583 1611
583 1611 2404
1274 1942 2458
1942 1274 2458
2458 1274 1942
1289 2039 2469
2469 1289 2039
2039 1289 2469
106 1199 1453
1453 106 1199
1199 106 1453
59 1129 2499
2499 59 1129
1129 59 2499
1499 692 2535
692 1499 2535
2535 692 1499
2036 1808 2511
2511 1808 2036
1808 2036 2511
2052 958 1939
958 1939 2052
1939 958 2052
636 1145 2569
1145 636 2569
2569 636 1145
1269 894 2680
894 1269 2680
2680 894 1269
1460 1385 2633
1385 1460 2633
2633 1385 1460
691 1949 2951
1949 691 2951
2951 691 1949
981 353 1225
353 981 1225
1225 353 981
714 1522 1958
1958 714 1522
1522 714 1958
1281 537 2714
2714 537 1281
537 1281 2714
2765 1026 2182
2182 1026 2765
1026 2182 2765
2333 619 2214
2214 619 2333
619 2214 2333
1896 419 1477
419 1477 1896
1477 419 1896
564 1033 2819
2819 564 1033
1033 564 2819
2972 493 1673
1673 493 2972
493 1673 2972
50 474 2038
474 50 2038
2038 50 474
2618 547 749
547 749 2618
749 547 2618
502 412 630
412 502 630
630 412 502
92 948 1547
948 92 1547
1547 92 948
898 307 1428
1428 307 898
307 898 1428
66 2077 2605
2077 66 2605
2605 66 2077
1668 615 2154
615 1668 2154
2154 615 1668
2558 1556 2482
2482 1556 2558
1556 2482 2558
1772 2694 2875
2694 1772 2875
2875 1772 2694
701 349 2411
2411 349 701
349 701 2411
2877 515 1879
515 1879 2877
1879 515 2877
1526 78 1195
1195 78 1526
78 1195 1526
1021 1193 2204
2204 1021 1193
1193 1021 2204
85 2037 2054
2037 85 2054
2054 85 2037
1583 205 2103
2103 205 1583
205 1583 2103
308 796 2974
796 308 2974
2974 308 796
2658 913 1292
1292 913 2658
913 1292 2658
2466 686 2094
686 2094 2466
2094 686 2466
1831 1969 2359
2359 1831 1969
1969 1831 2359
136 1361 2074
2074 136 1361
1361 136 2074
1182 2487 2530
2530 1182 2487
2487 1182 2530
232 1391 2010
1391 232 2010
2010 232 1391
1348 398 586
586 398 1348
398 586 1348
342 1393 1531
1531 342 1393
1393 342 1531
2166 568 1400
1400 568 2166
568 1400 2166
2227 621 1197
1197 621 2227
621 1197 2227
270 105 2940
2940 105 270
105 270 2940
815 688 2022
688 815 2022
2022 688 815
1876 1370 2808
1370 1876 2808
2808 1370 1876
2514 146 781
781 146 2514
146 781 2514
1250 126 2592
2592 126 1250
126 1250 2592
2428 716 829
716 829 2428
829 716 2428
2342 1238 2400
2400 1238 2342
1238 2342 2400
2833 1397 2041
2041 1397 2833
1397 2041 2833
1211 164 1024
164 1024 1211
1024 164 1211
2160 1110 2249
2249 1110 2160
1110 2160 2249
535 1399 2895
2895 535 1399
1399 535 2895
2354 2648 2738
2738 2354 2648
2648 2354 2738
1630 1153 2709
1153 1630 2709
2709 1153 1630
2096 2603 2979
2603 2096 2979
2979 2096 2603
1295 618 1552
1552 618 1295
618 1295 1552
70 883 1955
1955 70 883
883 70 1955
199 1158 1489
1489 199 1158
1158 199 1489
1003 1004 2575
1004 1003 2575
2575 1003 1004
1846 15 1181
15 1181 1846
1181 15 1846
536 743 985
743 536 985
985 536 743
2296 1794 2908
1794 2296 2908
2908 1794 2296
148 250 806
250 148 806
806 148 250
1835 42 577
577 42 1835
42 577 1835
539 150 2380
2380 150 539
150 539 2380
43 2334 2656
2334 43 2656
2656 43 2334
1032 170 1263
170 1032 1263
1263 170 1032
2056 123 611
123 611 2056
611 123 2056
1124 1575 2845
1575 1124 2845
2845 1124 1575
1213 2657 2818
2818 1213 2657
2657 1213 2818
1099 777 2497
777 1099 2497
2497 777 1099
606 362 833
362 606 833
833 362 606
1062 604 2788
2788 604 1062
604 1062 2788
1476 514 1932
514 1476 1932
1932 514 1476
2533 729 1061
1061 729 2533
729 1061 2533
1560 107 899
899 107 1560
107 899 1560
1006 313 1495
1495 313 1006
313 1006 1495
2192 99 1634
1634 99 2192
99 1634 2192
217 196 2057
196 217 2057
2057 196 217
2919 2330 2847
2847 2330 2919
2330 2847 2919
2939 2661 2697
2661 2697 2939
2697 2661 2939
1702 1985 2079
2079 1702 1985
1985 1702 2079
1180 1696 2870
1696 1180 2870
2870 1180 1696
1204 473 1695
473 1204 1695
1695 473 1204
160 602 2382
602 160 2382
2382 160 602
1674 1496 1727
1496 1674 1727
1727 1496 1674
1330 300 1865
1865 300 1330
300 1330 1865
90 340 1792
1792 90 340
340 90 1792
2047 108 1682
108 1682 2047
1682 108 2047
2690 1371 2075
1371 2075 2690
2075 1371 2690
920 2137 2720
2137 920 2720
2720 920 2137
998 1223 2750
1223 998 2750
2750 998 1223
374 221 2215
221 374 2215
2215 221 374
2519 405 2790
2790 405 2519
405 2519 2790
1719 1171 2408
2408 1171 1719
1171 1719 2408
2826 1051 2026
1051 2026 2826
2026 1051 2826
2014 322 1135
1135 322 2014
322 1135 2014
1170 1057 2671
2671 1057 1170
1057 1170 2671
1447 1380 1947
1947 1380 1447
1380 1447 1947
991 491 2543
491 991 2543
2543 491 991
1 2509 2955
2955 1 2509
2509 1 2955
1234 682 2119
682 1234 2119
2119 682 1234
844 836 2356
836 844 2356
2356 836 844
2317 2365 2588
2365 2317 2588
2588 2317 2365
1514 699 2668
699 1514 2668
2668 699 1514
2387 2659 2956
2659 2387 2956
2956 2387 2659
1948 477 2751
477 1948 2751
2751 477 1948
2152 2505 2641
2505 2152 2641
2641 2152 2505
2378 532 1895
532 1895 2378
1895 532 2378
906 2067 2550
2550 906 2067
2067 906 2550
1856 788 2272
788 1856 2272
2272 788 1856
695 283 2729
2729 283 695
283 695 2729
1594 723 1530
1530 723 1594
723 1530 1594
1801 1689 2518
1689 1801 2518
2518 1689 1801
1317 428 1172
1172 428 1317
428 1172 1317
573 2222 2301
2222 573 2301
2301 573 2222
2934 1677 1938
1938 1677 2934
1677 1938 2934
794 1161 2492
1161 794 2492
2492 794 1161
2719 1416 2842
1416 2719 2842
2842 1416 2719
2065 162 482
162 482 2065
482 162 2065
1387 1913 2328
2328 1387 1913
1913 1387 2328
1859 420 1473
1473 420 1859
420 1473 1859
1040 1398 1925
1398 1040 1925
1925 1040 1398
996 603 1698
603 996 1698
1698 603 996
2105 317 1362
317 1362 2105
1362 317 2105
663 1795 2777
1795 663 2777
2777 663 1795
1754 576 2867
576 1754 2867
2867 576 1754
2546 747 2193
2193 747 2546
747 2193 2546
1136 1286 1430
1430 1136 1286
1286 1136 1430
2483 520 1767
1767 520 2483
520 1767 2483
2453 1342 1757
1757 1342 2453
1342 1757 2453
980 1701 1965
1701 980 1965
1965 980 1701
1956 335 2210
2210 335 1956
335 1956 2210
947 1582 1850
1850 947 1582
1582 947 1850
2925 1119 1382
1382 1119 2925
1119 1382 2925
67 1553 1753
1553 67 1753
1753 67 1553
2185 223 2423
2423 223 2185
223 2185 2423
1229 415 1909
1909 415 1229
415 1229 1909
2829 567 1012
1012 567 2829
567 1012 2829
643 1186 1350
1186 643 1350
1350 643 1186
2609 977 1082
977 1082 2609
1082 977 2609
949 823 2481
823 949 2481
2481 823 949
2178 954 2235
2235 954 2178
954 2178 2235
2780 684 2691
2691 684 2780
684 2691 2780
1105 616 1109
616 1105 1109
1109 616 1105
118 2046 2111
2046 118 2111
2111 118 2046
2148 2652 2695
2652 2148 2695
2695 2148 2652
2739 234 2100
2100 234 2739
234 2100 2739
2966 355 1852
1852 355 2966
355 1852 2966
1332 1743 1803
1743 1332 1803
1803 1332 1743
1618 1418 2494
2494 1418 1618
1418 1618 2494
689 330 2129
330 689 2129
2129 330 689
1813 334 2107
334 1813 2107
2107 334 1813
2048 685 785
785 685 2048
685 785 2048
1867 708 2663
708 1867 2663
2663 708 1867
1273 1039 2941
1039 1273 2941
2941 1039 1273
2806 2104 2174
2104 2174 2806
2174 2104 2806
484 1602 2197
1602 484 2197
2197 484 1602
1561 152 1760
152 1561 1760
1760 152 1561
2053 922 2545
922 2053 2545
2545 922 2053
1828 994 2874
2874 994 1828
994 1828 2874
2650 1037 1678
1037 1678 2650
1678 1037 2650
17 1935 2247
1935 17 2247
2247 17 1935
826 946 2666
946 826 2666
2666 826 946
2825 2201 2767
2767 2201 2825
2201 2767 2825
1047 1188 2445
1188 1047 2445
2445 1047 1188
1251 1096 1541
1541 1096 1251
1096 1251 1541
2323 13 941
941 13 2323
13 941 2323
754 1410 2199
2199 754 1410
1410 754 2199
658 542 644
542 644 658
644 542 658
2253 1283 2240
2240 1283 2253
1283 2240 2253
1891 464 1379
1379 464 1891
464 1379 1891
1216 417 446
417 446 1216
446 417 1216
1844 1458 1729
1458 1729 1844
1729 1458 1844
2049 818 1159
818 1159 2049
1159 818 2049
2211 1212 2891
1212 2211 2891
2891 1212 2211
1528 177 1222
177 1222 1528
1222 177 1528
578 376 1902
1902 376 578
376 578 1902
2264 1277 2784
1277 2264 2784
2784 1277 2264
867 1525 1549
1525 867 1549
1549 867 1525
1739 1475 2710
2710 1475 1739
1475 1739 2710
1943 2615 2866
2866 1943 2615
2615 1943 2866
231 399 1554
399 231 1554
1554 231 399
2177 1656 2153
2153 1656 2177
1656 2153 2177
1098 39 447
39 447 1098
447 39 1098
569 609 1848
1848 569 609
609 569 1848
1931 509 2229
509 1931 2229
2229 509 1931
641 437 2836
437 641 2836
2836 437 641
193 476 1224
1224 193 476
476 193 1224
2082 808 1952
808 1952 2082
1952 808 2082
572 648 2942
648 572 2942
2942 572 648
1415 269 939
939 269 1415
269 939 1415
257 662 1592
1592 257 662
662 257 1592
2006 1919 2289
2289 1919 2006
1919 2006 2289
2542 1744 2133
1744 2133 2542
2133 1744 2542
2742 525 2231
2231 525 2742
525 2231 2742
1137 1882 2773
1882 1137 2773
2773 1137 1882
1520 285 2800
285 1520 2800
2800 285 1520
1149 280 1811
280 1149 1811
1811 280 1149
1877 45 736
736 45 1877
45 736 1877
1523 478 1639
478 1523 1639
1639 478 1523
744 758 779
779 744 758
758 744 779
1303 722 2892
2892 722 1303
722 1303 2892
2789 873 2553
2553 873 2789
873 2553 2789
36 407 1826
1826 36 407
407 36 1826
410 429 1068
1068 410 429
429 410 1068
790 432 2948
2948 432 790
432 790 2948
900 668 1294
668 900 1294
1294 668 900
1386 1178 2280
2280 1178 1386
1178 1386 2280
2887 84 1806
84 1806 2887
1806 84 2887
2398 449 1054
449 1054 2398
1054 449 2398
2413 1606 1712
1712 1606 2413
1606 1712 2413
2889 767 2540
767 2540 2889
2540 767 2889
712 1074 2838
1074 712 2838
2838 712 1074
462 100 1814
100 462 1814
1814 100 462
168 255 488
255 168 488
488 168 255
1058 54 2114
54 1058 2114
2114 54 1058
2357 1164 2960
1164 2357 2960
2960 1164 2357
318 369 2689
2689 318 369
369 318 2689
264 2030 2636
2636 264 2030
2030 264 2636
1450 2566 2906
2906 1450 2566
2566 1450 2906
2791 62 2991
2991 62 2791
62 2791 2991
2072 696 2865
696 2072 2865
2865 696 2072
2627 626 999
626 999 2627
999 626 2627
1624 57 321
321 57 1624
57 321 1624
1781 1534 2600
2600 1534 1781
1534 1781 2600
1160 1078 1123
1123 1078 1160
1078 1123 1160
776 570 2198
570 776 2198
2198 570 776
2241 875 1940
875 1940 2241
1940 875 2241
752 1316 2383
1316 752 2383
2383 752 1316
2099 838 935
935 838 2099
838 935 2099
2339 2331 2634
2331 2339 2634
2634 2331 2339
1660 928 1146
928 1146 1660
1146 928 1660
2181 1448 2085
1448 2085 2181
2085 1448 2181
2020 2303 2766
2303 2020 2766
2766 2020 2303
1980 367 418
418 367 1980
367 418 1980
23 764 2093
2093 23 764
764 23 2093
677 262 521
262 521 677
521 262 677
1715 1166 2726
1166 1715 2726
2726 1166 1715
551 1209 2063
1209 551 2063
2063 551 1209
2881 1217 1231
1231 1217 2881
1217 1231 2881
1245 893 1000
893 1000 1245
1000 893 1245
907 1290 2442
2442 907 1290
1290 907 2442
2489 346 1369
1369 346 2489
346 1369 2489
60 2294 2700
2294 60 2700
2700 60 2294
2349 516 2797
2797 516 2349
516 2349 2797
1559 403 2116
2116 403 1559
403 1559 2116
2076 1784 2774
2774 1784 2076
1784 2076 2774
1972 1821 2918
2918 1821 1972
1821 1972 2918
303 1095 1248
1248 303 1095
1095 303 1248
2944 2525 2527
2527 2525 2944
2525 2527 2944
1474 759 1019
759 1019 1474
1019 759 1474
2319 813 2345
813 2319 2345
2345 813 2319
1064 930 1420
1420 930 1064
930 1064 1420
640 1376 2898
1376 640 2898
2898 640 1376
2597 1887 2793
2793 1887 2597
1887 2597 2793
2363 2013 2886
2886 2013 2363
2013 2363 2886
2529 589 816
816 589 2529
589 816 2529
2390 2637 2935
2637 2390 2935
2935 2390 2637
1901 919 1328
1328 919 1901
919 1328 1901
368 555 2110
2110 368 555
555 368 2110
1016 261 1976
1976 261 1016
261 1016 1976
624 1262 2957
1262 624 2957
2957 624 1262
197 2541 2599
2599 197 2541
2541 197 2599
670 697 2727
2727 670 697
697 670 2727
388 789 2769
789 388 2769
2769 388 789
1492 2598 2635
2635 1492 2598
2598 1492 2635
2740 1378 1515
1515 1378 2740
1378 1515 2740
1133 680 2420
680 1133 2420
2420 680 1133
1971 2538 2778
2538 1971 2778
2778 1971 2538
2122 361 518
518 361 2122
361 518 2122
2422 1518 2549
2549 1518 2422
1518 2422 2549
1042 2223 2335
2223 1042 2335
2335 1042 2223
2707 258 1356
1356 258 2707
258 1356 2707
2450 211 1011
211 1011 2450
1011 211 2450
188 71 728
71 188 728
728 71 188
2346 1573 2785
1573 2346 2785
2785 1573 2346
698 1114 2371
1114 698 2371
2371 698 1114
1527 456 2286
456 1527 2286
2286 456 1527
1990 756 2455
756 1990 2455
2455 756 1990
1584 1325 2418
1325 1584 2418
2418 1325 1584
273 706 1311
706 273 1311
1311 273 706
2134 653 1207
1207 653 2134
653 1207 2134
2258 1469 2203
2203 1469 2258
1469 2203 2258
1927 681 1748
681 1748 1927
1748 681 1927
314 2156 2188
2156 314 2188
2188 314 2156
580 387 2578
387 580 2578
2578 387 580
1056 174 2461
174 1056 2461
2461 174 1056
132 801 1646
1646 132 801
801 132 1646
1543 665 2186
665 1543 2186
2186 665 1543
138 921 1911
921 138 1911
1911 138 921
2531 1173 2130
2130 1173 2531
1173 2130 2531
2548 35 1921
1921 35 2548
35 1921 2548
2143 1751 2242
1751 2143 2242
2242 1751 2143
2702 325 2822
2822 325 2702
325 2702 2822
141 91 1381
91 141 1381
1381 91 141
811 2005 2164
2164 811 2005
2005 811 2164
934 600 1097
600 934 1097
1097 600 934
841 2019 2180
2180 841 2019
2019 841 2180
1893 507 667
667 507 1893
507 667 1893
978 2338 2968
2968 978 2338
2338 978 2968
732 2234 2310
2234 732 2310
2310 732 2234
851 1426 1488
1426 851 1488
1488 851 1426
757 809 1810
1810 757 809
809 757 1810
951 128 2931
128 951 2931
2931 128 951
2933 1070 2992
1070 2933 2992
2992 1070 2933
608 1300 2840
1300 608 2840
2840 608 1300
534 19 645
19 534 645
645 19 534
2971 1287 2127
1287 2127 2971
2127 1287 2971
989 1898 2161
1898 989 2161
2161 989 1898
878 1644 2027
2027 878 1644
1644 878 2027
2883 2520 2555
2555 2520 2883
2520 2555 2883
2927 773 1441
773 1441 2927
1441 773 2927
783 2131 2693
2131 783 2693
2693 783 2131
799 1480 2438
1480 799 2438
2438 799 1480
2136 2452 2608
2452 2136 2608
2608 2136 2452
2341 1653 1771
1653 1771 2341
1771 1653 2341
2195 363 1219
363 1219 2195
1219 363 2195
1327 598 2711
2711 598 1327
598 1327 2711
2812 1240 1270
1270 1240 2812
1240 1270 2812
742 599 1085
599 742 1085
1085 599 742
1995 1252 2929
1252 1995 2929
2929 1252 1995
2982 959 2325
2325 959 2982
959 2325 2982
2126 240 324
324 240 2126
240 324 2126
661 1202 2381
1202 661 2381
2381 661 1202
93 832 961
961 93 832
832 93 961
1619 649 1908
1908 649 1619
649 1619 1908
1716 926 1388
1388 926 1716
926 1388 1716
1517 31 198
198 31 1517
31 198 1517
301 34 2611
2611 34 301
34 301 2611
2089 1892 2462
2462 1892 2089
1892 2089 2462
2556 694 1519
694 1519 2556
1519 694 2556
1230 605 2684
605 1230 2684
2684 605 1230
1625 1002 1629
1629 1002 1625
1002 1625 1629
2622 96 1029
1029 96 2622
96 1029 2622
2562 1937 2779
1937 2562 2779
2779 1937 2562
1045 200 487
487 200 1045
200 487 1045
2207 798 1665
798 1665 2207
1665 798 2207
1014 323 375
323 375 1014
375 323 1014
1837 2744 2890
2890 1837 2744
2744 1837 2890
1030 391 1357
391 1030 1357
1357 391 1030
1666 102 1648
102 1648 1666
1648 102 1666
765 1493 2001
2001 765 1493
1493 765 2001
911 225 1081
225 911 1081
1081 225 911
976 2336 2853
2336 976 2853
2853 976 2336
1411 822 1979
822 1411 1979
1979 822 1411
187 5 2139
2139 5 187
5 187 2139
2730 147 529
147 529 2730
529 147 2730
1165 1127 2196
1127 1165 2196
2196 1127 1165
1271 293 401
293 401 1271
401 293 1271
351 1422 2202
1422 351 2202
2202 351 1422
800 1017 2434
2434 800 1017
1017 800 2434
1215 341 2629
341 1215 2629
2629 341 1215
2061 543 2572
2572 543 2061
543 2061 2572
1220 552 902
552 902 1220
902 552 1220
824 676 1707
1707 676 824
676 824 1707
612 1671 2798
1671 612 2798
2798 612 1671
1758 2823 2832
2823 1758 2832
2832 1758 2823
2281 489 971
489 971 2281
971 489 2281
1763 1208 2795
1208 1763 2795
2795 1208 1763
155 2498 2624
2498 155 2624
2624 155 2498
1588 224 2012
224 1588 2012
2012 224 1588
2115 377 2171
2171 377 2115
377 2115 2171
1579 2228 2271
2228 1579 2271
2271 1579 2228
2708 55 2189
2189 55 2708
55 2189 2708
1857 239 294
239 294 1857
294 239 1857
2515 805 3000
805 2515 3000
3000 805 2515
1603 1994 2032
2032 1603 1994
1994 1603 2032
2901 86 183
183 86 2901
86 183 2901
1241 32 1585
32 1241 1585
1585 32 1241
1090 40 2771
2771 40 1090
40 1090 2771
1984 1157 1723
1157 1723 1984
1723 1157 1984
383 872 2859
2859 383 872
872 383 2859
955 2522 2536
2536 955 2522
2522 955 2536
1706 970 1670
1670 970 1706
970 1670 1706
195 165 472
165 195 472
472 165 195
1152 1633 2878
1633 1152 2878
2878 1152 1633
2764 990 1268
1268 990 2764
990 1268 2764
550 1590 2539
1590 550 2539
2539 550 1590
296 1567 2907
1567 296 2907
2907 296 1567
625 881 2320
881 625 2320
2320 625 881
2640 737 1088
1088 737 2640
737 1088 2640
2783 1189 1323
1189 1323 2783
1323 1189 2783
1548 540 1201
1201 540 1548
540 1201 1548
2884 1156 1282
1282 1156 2884
1156 1282 2884
2998 315 443
443 315 2998
315 443 2998
820 795 1529
795 820 1529
1529 795 820
2678 393 1651
1651 393 2678
393 1651 2678
2810 2552 2728
2552 2728 2810
2728 2552 2810
2946 1920 2124
1920 2124 2946
2124 1920 2946
1809 1167 1829
1167 1809 1829
1829 1167 1809
1120 2374 2746
2746 1120 2374
2374 1120 2746
143 974 2416
2416 143 974
974 143 2416
965 338 855
855 338 965
338 855 965
1652 2123 2468
2468 1652 2123
2123 1652 2468
142 1333 2135
1333 142 2135
2135 142 1333
18 441 1301
441 18 1301
1301 18 441
1669 591 1101
591 1101 1669
1101 591 1669
2252 236 2900
236 2252 2900
2900 236 2252
79 2055 2163
2055 79 2163
2163 79 2055
1299 125 454
125 454 1299
454 125 1299
2299 1613 2216
1613 2216 2299
2216 1613 2299
1663 286 2937
2937 286 1663
286 1663 2937
1840 1419 2087
2087 1419 1840
1419 1840 2087
2639 1150 1512
1512 1150 2639
1150 1512 2639
620 874 2616
2616 620 874
874 620 2616
1820 1140 2167
1140 1820 2167
2167 1140 1820
967 154 541
154 541 967
541 154 967
2899 1571 1817
1571 1817 2899
1817 1571 2899
845 651 1163
1163 651 845
651 845 1163
1347 891 1790
1790 891 1347
891 1347 1790
2582 1367 2106
1367 2106 2582
2106 1367 2582
2963 1732 2500
1732 2500 2963
2500 1732 2963
169 2169 2623
2169 169 2623
2623 169 2169
2830 244 2513
2513 244 2830
244 2513 2830
2219 702 1649
1649 702 2219
702 1649 2219
784 1314 1930
1314 784 1930
1930 784 1314
1700 717 1683
717 1683 1700
1683 717 1700
2355 1425 1897
1897 1425 2355
1425 1897 2355
1077 1823 2876
2876 1077 1823
1823 1077 2876
1746 1103 2642
2642 1103 1746
1103 1746 2642
1435 4 1918
1918 4 1435
4 1435 1918
1889 693 2176
2176 693 1889
693 1889 2176
623 1236 2852
1236 623 2852
2852 623 1236
1610 139 253
139 253 1610
253 139 1610
2069 9 787
9 787 2069
787 9 2069
923 2040 2893
2893 923 2040
2040 923 2893
260 1237 2243
2243 260 1237
1237 260 2243
1455 46 1414
1414 46 1455
46 1414 1455
793 1533 1978
1978 793 1533
1533 793 1978
656 1312 2962
2962 656 1312
1312 656 2962
2108 1121 1504
1504 1121 2108
1121 1504 2108
2967 1402 2306
1402 2306 2967
2306 1402 2967
1659 339 869
869 339 1659
339 869 1659
1115 451 548
451 548 1115
548 451 1115
332 1632 2903
1632 332 2903
2903 332 1632
2677 2194 2724
2724 2194 2677
2194 2677 2724
1505 730 840
840 730 1505
730 840 1505
2717 1783 2713
2713 1783 2717
1783 2713 2717
1970 657 1688
657 1688 1970
1688 657 1970
2292 208 1421
1421 208 2292
208 1421 2292
395 1623 2705
1623 395 2705
2705 395 1623
202 778 2706
778 202 2706
2706 202 778
2849 1780 1854
1854 1780 2849
1780 1854 2849
2753 1628 2088
1628 2088 2753
2088 1628 2753
113 390 804
804 113 390
390 113 804
274 356 1044
356 274 1044
1044 274 356
2474 352 1636
1636 352 2474
352 1636 2474
2716 1456 2150
1456 2150 2716
2150 1456 2716
426 734 2674
2674 426 734
734 426 2674
562 114 140
114 140 562
140 114 562
1782 814 2565
814 1782 2565
2565 814 1782
2478 1536 1747
1747 1536 2478
1536 1747 2478
830 430 2155
430 830 2155
2155 430 830
206 49 2973
49 206 2973
2973 49 206
2923 14 465
14 465 2923
465 14 2923
866 592 1226
1226 592 866
592 866 1226
497 1214 1662
1662 497 1214
1214 497 1662
1690 1672 2477
2477 1672 1690
1672 1690 2477
2851 660 1445
1445 660 2851
660 1445 2851
1275 579 709
709 579 1275
579 709 1275
2263 1364 1724
1364 1724 2263
1724 1364 2263
654 326 378
378 326 654
326 378 654
2165 1272 1816
1272 1816 2165
1816 1272 2165
504 182 617
182 504 617
617 182 504
1847 73 2490
73 1847 2490
2490 73 1847
1645 501 1291
1291 501 1645
501 1291 1645
1966 470 812
470 812 1966
812 470 1966
2516 2279 2574
2279 2516 2574
2574 2279 2516
1147 768 1340
1340 768 1147
768 1147 1340
74 1100 2722
1100 74 2722
2722 74 1100
2018 1261 2300
1261 2018 2300
2300 1261 2018
1730 1169 2361
2361 1169 1730
1169 1730 2361
1551 848 992
848 992 1551
992 848 1551
2512 1321 1401
1401 1321 2512
1321 1401 2512
2732 720 1687
1687 720 2732
720 1687 2732
2905 1093 1227
1227 1093 2905
1093 1227 2905
1721 348 1562
348 1562 1721
1562 348 1721
2920 1709 2590
1709 2590 2920
2590 1709 2920
2969 345 2757
2757 345 2969
345 2757 2969
2873 938 1482
938 1482 2873
1482 938 2873
839 167 746
746 167 839
167 746 839
233 2147 2755
2147 233 2755
2755 233 2147
2737 1438 1839
1438 1839 2737
1839 1438 2737
2448 865 1858
1858 865 2448
865 1858 2448
1485 384 1900
384 1485 1900
1900 384 1485
888 48 359
48 359 888
359 48 888
1694 1843 2485
2485 1694 1843
1843 1694 2485
1242 1395 2964
2964 1242 1395
1395 1242 2964
1368 707 945
945 707 1368
707 945 1368
1052 929 984
929 984 1052
984 929 1052
2758 726 936
726 936 2758
936 726 2758
56 995 2782
995 56 2782
2782 56 995
2239 358 2614
2614 358 2239
358 2239 2614
937 1138 2584
1138 937 2584
2584 937 1138
1825 1675 2638
1675 1825 2638
2638 1675 1825
590 1718 2471
2471 590 1718
1718 590 2471
884 1863 2959
2959 884 1863
1863 884 2959
2070 2175 2479
2479 2070 2175
2175 2070 2479
879 191 246
191 246 879
246 191 879
452 156 1737
156 452 1737
1737 156 452
1735 311 2391
311 1735 2391
2391 311 1735
1550 222 664
222 664 1550
664 222 1550
2981 505 1066
505 1066 2981
1066 505 2981
1558 279 1676
1676 279 1558
279 1558 1676
2988 780 2760
2760 780 2988
780 2760 2988
1924 210 1923
1923 210 1924
210 1923 1924
116 1750 2170
2170 116 1750
1750 116 2170
544 2587 2645
2645 544 2587
2587 544 2645
2340 2315 2917
2315 2340 2917
2917 2315 2340
964 1031 2230
2230 964 1031
1031 964 2230
792 1063 2846
2846 792 1063
1063 792 2846
1967 37 2762
2762 37 1967
37 1967 2762
1089 26 53
26 53 1089
53 26 1089
466 915 1532
1532 466 915
915 466 1532
2287 847 1988
847 1988 2287
1988 847 2287
545 12 2386
12 545 2386
2386 12 545
1766 2379 2985
2985 1766 2379
2379 1766 2985
2399 1384 1756
1384 1756 2399
1756 1384 2399
2801 1366 2352
1366 2352 2801
2352 1366 2801
1162 444 1599
444 1162 1599
1599 444 1162
329 2649 2715
2649 329 2715
2715 329 2649
2432 266 2373
266 2373 2432
2373 266 2432
2168 1461 2752
2752 1461 2168
1461 2168 2752
2225 1799 2544
1799 2225 2544
2544 1799 2225
2092 1667 2009
2009 1667 2092
1667 2009 2092
1408 2402 2894
2402 1408 2894
2894 1408 2402
2298 175 495
175 495 2298
495 175 2298
846 721 897
721 846 897
897 721 846
2915 10 556
556 10 2915
10 556 2915
1190 510 2397
2397 510 1190
510 1190 2397
2226 1116 1259
1116 1259 2226
1259 1116 2226
1638 2502 2850
2502 1638 2850
2850 1638 2502
1805 908 1464
1464 908 1805
908 1464 1805
1686 1258 2277
1258 1686 2277
2277 1258 1686
460 448 1922
448 460 1922
1922 448 460
104 1142 2816
1142 104 2816
2816 104 1142
181 2138 2425
2138 181 2425
2425 181 2138
1875 1537 1962
1537 1875 1962
1962 1537 1875
1112 159 380
159 380 1112
380 159 1112
748 297 1635
1635 297 748
297 748 1635
80 1113 2696
2696 80 1113
1113 80 2696
127 442 2692
442 127 2692
2692 127 442
533 479 2081
479 533 2081
2081 479 533
2344 192 1203
1203 192 2344
192 1203 2344
522 229 932
229 522 932
932 229 522
1774 228 467
467 228 1774
228 467 1774
2775 1483 2993
1483 2775 2993
2993 1483 2775
2911 782 2521
2521 782 2911
782 2521 2911
2628 2802 2965
2802 2628 2965
2965 2628 2802
2064 111 2444
111 2064 2444
2444 111 2064
1796 30 1595
30 1595 1796
1595 30 1796
519 115 557
557 115 519
115 519 557
1086 582 710
582 710 1086
710 582 1086
1053 1365 2443
2443 1053 1365
1365 1053 2443
2989 1574 2673
1574 2673 2989
2673 1574 2989
1373 1306 2595
1306 1373 2595
2595 1306 1373
103 11 725
11 103 725
725 11 103
2254 357 1609
1609 357 2254
357 1609 2254
858 1910 2679
1910 858 2679
2679 858 1910
2250 302 2601
2601 302 2250
302 2250 2601
2763 1580 2559
1580 2559 2763
2559 1580 2763
1566 485 2184
2184 485 1566
485 1566 2184
1284 1961 1968
1968 1284 1961
1961 1284 1968
633 2896 2994
2896 633 2994
2994 633 2896
1797 1360 2187
2187 1360 1797
1360 1797 2187
1819 1479 2327
1479 1819 2327
2327 1479 1819
1914 705 2251
705 1914 2251
2251 705 1914
973 740 1777
1777 740 973
740 973 1777
895 1597 1793
1793 895 1597
1597 895 1793
263 131 2921
131 263 2921
2921 131 263
1491 2045 2916
2916 1491 2045
2045 1491 2916
1041 153 1765
1765 153 1041
153 1041 1765
2274 2409 2839
2839 2274 2409
2409 2274 2839
1239 1228 2285
1228 1239 2285
2285 1228 1239
1466 2091 2573
2573 1466 2091
2091 1466 2573
2190 1508 2002
1508 2002 2190
2002 1508 2190
1770 241 2524
241 1770 2524
2524 241 1770
2686 243 634
634 243 2686
243 634 2686
2613 328 2986
2986 328 2613
328 2613 2986
2393 179 2949
179 2393 2949
2949 179 2393
248 2218 2835
2835 248 2218
2218 248 2835
2031 288 2699
2699 288 2031
288 2031 2699
58 1028 1836
1028 58 1836
1836 58 1028
1581 267 2058
267 1581 2058
2058 267 1581
2140 673 2577
673 2140 2577
2577 673 2140
960 1141 1572
1572 960 1141
1141 960 1572
655 65 1174
65 655 1174
1174 65 655
2295 282 880
282 880 2295
880 282 2295
678 837 2928
2928 678 837
837 678 2928
2712 2821 2932
2821 2712 2932
2932 2712 2821
877 64 1436
1436 64 877
64 877 1436
827 1257 2392
1257 827 2392
2392 827 1257
2914 807 2353
2353 807 2914
807 2353 2914
1069 1071 1305
1071 1069 1305
1305 1069 1071
2179 272 1091
272 1091 2179
1091 272 2179
2807 1010 2950
1010 2807 2950
2950 1010 2807
2209 997 2284
997 2209 2284
2284 997 2209
2255 1433 1884
1884 1433 2255
1433 1884 2255
2429 659 2347
2347 659 2429
659 2347 2429
1899 354 863
863 354 1899
354 863 1899
1322 918 1812
918 1322 1812
1812 918 1322
2888 2017 2245
2245 2017 2888
2017 2245 2888
1266 1736 2350
2350 1266 1736
1736 1266 2350
292 119 1083
119 292 1083
1083 119 292
2362 940 1866
1866 940 2362
940 1866 2362
2643 122 463
463 122 2643
122 463 2643
226 613 1768
1768 226 613
613 226 1768
1015 173 2447
2447 173 1015
173 1015 2447
642 237 2504
237 642 2504
2504 237 642
2913 966 2305
2305 966 2913
966 2305 2913
2288 1720 1906
1720 1906 2288
1906 1720 2288
445 254 1586
1586 254 445
254 445 1586
2871 1711 2532
1711 2532 2871
2532 1711 2871
1131 2858 2953
2858 1131 2953
2953 1131 2858
1742 674 2804
2804 674 1742
674 1742 2804
242 629 1643
1643 242 629
629 242 1643
859 2343 2470
2470 859 2343
2343 859 2470
2424 1626 1762
1762 1626 2424
1626 1762 2424
2493 1833 1874
1874 1833 2493
1833 1874 2493
669 1478 2676
1478 669 2676
2676 669 1478
857 490 1885
490 857 1885
1885 490 857
2704 753 2141
753 2141 2704
2141 753 2704
1005 912 2501
2501 912 1005
912 1005 2501
944 1076 2815
2815 944 1076
1076 944 2815
526 1849 2364
1849 526 2364
2364 526 1849
687 98 1404
1404 98 687
98 687 1404
1557 3 2585
2585 3 1557
3 1557 2585
835 364 1009
1009 364 835
364 835 1009
1589 1446 2506
1446 1589 2506
2506 1446 1589
2824 1454 1511
1511 1454 2824
1454 1511 2824
2491 1280 1964
1280 1964 2491
1964 1280 2491
2267 178 2159
178 2159 2267
2159 178 2267
421 2827 2987
2827 421 2987
2987 421 2827
511 1883 2586
1883 511 2586
2586 511 1883
1179 350 2385
2385 350 1179
350 1179 2385
1067 2112 2118
2112 1067 2118
2118 1067 2112
1776 275 1946
1946 275 1776
275 1776 1946
2004 450 638
450 638 2004
638 450 2004
2109 459 2024
459 2024 2109
2024 459 2109
289 715 2817
715 289 2817
2817 289 715
120 25 1509
1509 25 120
25 120 1509
2610 468 1851
1851 468 2610
468 1851 2610
453 761 1471
1471 453 761
761 453 1471
1018 885 982
982 885 1018
885 982 1018
2149 953 1684
953 1684 2149
1684 953 2149
2282 1996 2747
2747 1996 2282
1996 2282 2747
1427 871 1253
871 1253 1427
1253 871 1427
1699 517 2326
517 1699 2326
2326 517 1699
1822 149 268
268 149 1822
149 268 1822
2206 110 700
700 110 2206
110 700 2206
184 1941 2924
2924 184 1941
1941 184 2924
2313 436 2517
436 2313 2517
2517 436 2313
1154 1183 2756
1183 1154 2756
2756 1154 1183
1072 424 475
424 475 1072
475 424 1072
2007 952 1403
952 1403 2007
1403 952 2007
2563 2 2631
2631 2 2563
2 2563 2631
1627 216 1104
1104 216 1627
216 1104 1627
2583 439 1916
1916 439 2583
439 1916 2583
1654 1604 2433
2433 1604 1654
1604 1654 2433
249 1451 2265
2265 249 1451
1451 249 2265
772 1740 1779
1740 772 1779
1779 772 1740
455 427 1134
427 455 1134
1134 427 455
2617 1297 1535
1535 1297 2617
1297 1535 2617
1975 1862 2523
2523 1862 1975
1862 1975 2523
281 83 2910
83 281 2910
2910 83 281
1860 1785 2257
1785 1860 2257
2257 1785 1860
1717 786 2770
2770 786 1717
786 1717 2770
121 593 2897
2897 121 593
593 121 2897
1903 75 1992
75 1903 1992
1992 75 1903
650 1377 1685
1377 650 1685
1685 650 1377
2451 554 1344
554 1344 2451
1344 554 2451
1194 950 1607
1607 950 1194
950 1194 1607
2718 394 1335
1335 394 2718
394 1335 2718
2213 993 2066
993 2066 2213
2066 993 2213
1620 571 2792
571 1620 2792
2792 571 1620
2664 2290 2685
2685 2290 2664
2290 2664 2685
1296 2369 2596
2369 1296 2596
2596 1296 2369
227 727 1092
1092 227 727
727 227 1092
1726 672 2503
672 1726 2503
2503 672 1726
2405 575 861
575 861 2405
861 575 2405
972 457 1596
457 972 1596
1596 457 972
1807 597 774
774 597 1807
597 774 1807
1704 574 1375
1375 574 1704
574 1375 1704
1587 1880 2721
1880 1587 2721
2721 1587 1880
406 927 2997
2997 406 927
927 406 2997
803 968 1658
968 803 1658
1658 803 968
498 1372 2083
1372 498 2083
2083 498 1372
1578 1593 2172
1593 1578 2172
2172 1578 1593
20 1605 2904
2904 20 1605
1605 20 2904
631 1293 1655
1293 631 1655
1655 631 1293
1929 1864 2526
1864 1929 2526
2526 1864 1929
1035 1423 2372
2372 1035 1423
1423 1035 2372
209 2772 2980
2772 209 2980
2980 209 2772
538 396 1802
1802 396 538
396 538 1802
614 2158 2880
2158 614 2880
2880 614 2158
864 2803 2837
2803 864 2837
2837 864 2803
1733 1244 1467
1244 1467 1733
1467 1244 1733
588 2200 2759
2759 588 2200
2200 588 2759
1544 1038 2579
2579 1038 1544
1038 1544 2579
89 327 2990
327 89 2990
2990 89 327
2132 1034 2244
1034 2132 2244
2244 1034 2132
219 652 1143
652 219 1143
1143 219 652
373 344 854
854 344 373
344 373 854
2683 1936 2435
1936 2435 2683
2435 1936 2683
24 635 1738
635 24 1738
1738 24 635
762 1800 2029
2029 762 1800
1800 762 2029
1494 738 1926
1926 738 1494
738 1494 1926
2496 8 1148
1148 8 2496
8 1148 2496
2943 2033 2146
2146 2033 2943
2033 2146 2943
492 1761 2367
1761 492 2367
2367 492 1761
2000 1107 2945
1107 2000 2945
2945 1107 2000
2095 397 2589
2589 397 2095
397 2095 2589
331 238 2248
238 331 2248
2248 238 331
1983 1027 1206
1206 1027 1983
1027 1206 1983
2644 559 2441
2441 559 2644
559 2441 2644
2224 295 1773
1773 295 2224
295 1773 2224
2619 2551 2749
2551 2619 2749
2749 2551 2619
1506 2314 2324
2324 1506 2314
2314 1506 2324
704 2236 2321
2321 704 2236
2236 704 2321
1818 751 1503
751 1503 1818
1503 751 1818
1065 186 2376
186 1065 2376
2376 186 1065
849 1255 2667
1255 849 2667
2667 849 1255
802 1775 2028
1775 802 2028
2028 802 1775
1130 1392 2384
1392 1130 2384
2384 1130 1392
979 1973 2102
1973 979 2102
2102 979 1973
77 1080 1710
1710 77 1080
1080 77 1710
2145 69 1008
1008 69 2145
69 1008 2145
1513 1337 1542
1337 1513 1542
1542 1337 1513
2537 566 1050
1050 566 2537
566 1050 2537
2786 1235 1657
1657 1235 2786
1235 1657 2786
530 916 2831
916 530 2831
2831 530 916
2507 94 1661
94 1661 2507
1661 94 2507
212 299 1358
299 212 1358
1358 212 299
2120 956 2868
2868 956 2120
956 2120 2868
2576 434 2594
434 2576 2594
2594 434 2576
975 1341 1804
1804 975 1341
1341 975 1804
896 1917 2266
2266 896 1917
1917 896 2266
1334 440 2660
2660 440 1334
440 1334 2660
1933 1326 2008
1326 1933 2008
2008 1326 1933
1500 29 1349
29 1349 1500
1349 29 1500
2121 719 2309
2309 719 2121
719 2121 2309
2977 718 828
718 828 2977
828 718 2977
1907 1128 1637
1637 1128 1907
1128 1637 1907
1714 133 2217
133 1714 2217
2217 133 1714
639 905 2329
2329 639 905
905 639 2329
2086 868 1059
868 1059 2086
1059 868 2086
2297 1745 1798
1798 1745 2297
1745 1798 2297
2050 277 1905
1905 277 2050
277 1905 2050
1915 1196 2625
2625 1196 1915
1196 1915 2625
2612 1079 2233
1079 2233 2612
2233 1079 2612
1184 769 1155
1155 769 1184
769 1155 1184
1020 2457 2647
2647 1020 2457
2457 1020 2647
158 2414 2794
2794 158 2414
2414 158 2794
1254 1185 2902
1185 1254 2902
2902 1185 1254
983 2025 2560
2560 983 2025
2025 983 2560
910 372 1576
372 910 1576
1576 372 910
1046 1954 2395
1954 1046 2395
2395 1046 1954
2869 404 2278
