2968 1124 1439
1439 1124 2968
1124 1439 2968
845 1230 1574
1230 845 1574
1574 845 1230
207 376 1571
1571 207 376
376 207 1571
1483 192 268
268 192 1483
192 268 1483
287 888 2227
888 287 2227
2227 287 888
120 60 2228
2228 60 120
60 120 2228
2404 337 584
337 584 2404
584 337 2404
2407 1316 2943
1316 2407 2943
2943 1316 2407
1993 632 1988
632 1988 1993
1988 632 1993
2814 85 1566
1566 85 2814
85 1566 2814
814 126 2679
126 814 2679
2679 126 814
217 1559 1606
1606 217 1559
1559 217 1606
737 325 698
698 325 737
325 698 737
1111 281 2906
2906 281 1111
281 1111 2906
2738 846 1974
1974 846 2738
846 1974 2738
2762 1253 1648
1648 1253 2762
1253 1648 2762
1887 2256 2424
2424 1887 2256
2256 1887 2424
1488 438 2872
438 1488 2872
2872 438 1488
2061 358 2534
358 2061 2534
2534 358 2061
1213 522 2453
2453 522 1213
522 1213 2453
1416 1319 2947
1319 1416 2947
2947 1319 1416
2219 913 1480
913 1480 2219
1480 913 2219
1008 254 2157
254 1008 2157
2157 254 1008
211 447 2015
447 211 2015
2015 211 447
1212 431 662
431 662 1212
662 431 1212
1853 1987 2590
2590 1853 1987
1987 1853 2590
2466 862 2884
862 2466 2884
2884 862 2466
377 532 2271
2271 377 532
532 377 2271
1623 882 1675
882 1623 1675
1675 882 1623
242 2155 2330
2155 242 2330
2330 242 2155
2295 837 1622
1622 837 2295
837 1622 2295
2888 50 1368
50 1368 2888
1368 50 2888
2255 556 1365
1365 556 2255
556 1365 2255
1352 2461 2967
2461 1352 2967
2967 1352 2461
2182 425 1073
425 1073 2182
1073 425 2182
795 2056 2152
2056 795 2152
2152 795 2056
525 1122 1411
1122 525 1411
1411 525 1122
569 1039 1550
1550 569 1039
1039 569 1550
1175 253 792
792 253 1175
253 792 1175
1184 1001 1196
1001 1184 1196
1196 1001 1184
2305 1379 2536
2536 1379 2305
1379 2305 2536
86 1193 2974
1193 86 2974
2974 86 1193
2592 1103 1753
1103 1753 2592
1753 1103 2592
2607 896 1489
896 1489 2607
1489 896 2607
2134 322 1960
1960 322 2134
322 1960 2134
575 195 1695
195 575 1695
1695 195 575
2417 2064 2656
2656 2064 2417
2064 2417 2656
2743 732 1330
732 1330 2743
1330 732 2743
932 1087 1128
1128 932 1087
1087 932 1128
1785 125 2585
125 1785 2585
2585 125 1785
2040 250 1558
1558 250 2040
250 1558 2040
351 762 2791
762 351 2791
2791 351 762
2926 1428 2008
2008 1428 2926
1428 2008 2926
981 175 819
175 819 981
819 175 981
482 916 2365
2365 482 916
916 482 2365
1291 927 1081
927 1081 1291
1081 927 1291
2259 73 596
73 596 2259
596 73 2259
1041 601 1900
601 1041 1900
1900 601 1041
277 2249 2372
2372 277 2249
2249 277 2372
2042 1257 2286
2286 1257 2042
1257 2042 2286
305 2125 2507
2507 305 2125
2125 305 2507
655 2291 2718
2718 655 2291
2291 655 2718
2398 847 2898
2898 847 2398
847 2398 2898
1238 308 1498
1498 308 1238
308 1238 1498
1970 2204 2617
2204 1970 2617
2617 1970 2204
781 1192 2591
1192 781 2591
2591 781 1192
2793 696 1516
696 1516 2793
1516 696 2793
2010 628 1757
628 1757 2010
1757 628 2010
2876 1141 2517
1141 2517 2876
2517 1141 2876
1769 1782 2321
1782 1769 2321
2321 1769 1782
890 1508 1950
1508 890 1950
1950 890 1508
291 2017 2143
2017 291 2143
2143 291 2017
2165 114 1664
1664 114 2165
114 1664 2165
2715 2233 2474
2233 2474 2715
2474 2233 2715
230 576 2358
576 230 2358
2358 230 576
1364 966 2240
2240 966 1364
966 1364 2240
725 872 2638
872 725 2638
2638 725 872
232 757 2732
2732 232 757
757 232 2732
1374 2374 2599
2599 1374 2374
2374 1374 2599
784 1094 1455
1094 784 1455
1455 784 1094
402 224 863
863 224 402
224 402 863
677 1662 2394
2394 677 1662
1662 677 2394
1415 2736 2955
2955 1415 2736
2736 1415 2955
1674 1160 1861
1861 1160 1674
1160 1674 1861
2674 1332 2887
2887 1332 2674
1332 2674 2887
2332 1679 1738
1738 1679 2332
1679 1738 2332
2826 2237 2767
2767 2237 2826
2237 2767 2826
812 143 307
143 307 812
307 143 812
1669 225 507
507 225 1669
225 507 1669
2873 1143 2787
2787 1143 2873
1143 2787 2873
342 1386 1932
1932 342 1386
1386 342 1932
638 121 286
121 286 638
286 121 638
1173 379 1468
1468 379 1173
379 1173 1468
2721 1359 2728
2728 1359 2721
1359 2721 2728
2500 2191 2350
2350 2191 2500
2191 2350 2500
1424 1638 2290
2290 1424 1638
1638 1424 2290
2162 1500 1804
1500 1804 2162
1804 1500 2162
188 950 1619
1619 188 950
950 188 1619
2868 709 2264
2264 709 2868
709 2264 2868
940 603 1414
603 940 1414
1414 603 940
905 1000 2982
1000 905 2982
2982 905 1000
2049 954 1799
1799 954 2049
954 1799 2049
2119 1138 2962
1138 2119 2962
2962 1138 2119
1590 873 1007
873 1007 1590
1007 873 1590
469 1090 2164
1090 469 2164
2164 469 1090
818 1605 1768
1768 818 1605
1605 818 1768
2188 2561 2986
2561 2188 2986
2986 2188 2561
453 118 2400
2400 118 453
118 453 2400
200 793 1625
793 200 1625
1625 200 793
2824 297 771
771 297 2824
297 771 2824
543 973 1997
1997 543 973
973 543 1997
450 289 2531
2531 289 450
289 450 2531
2369 2355 2766
2355 2369 2766
2766 2355 2369
1338 1436 1929
1436 1338 1929
1929 1338 1436
2850 773 1355
773 1355 2850
1355 773 2850
1747 412 620
620 412 1747
412 620 1747
1715 969 2800
969 1715 2800
2800 969 1715
800 408 444
444 408 800
408 444 800
841 170 2415
170 841 2415
2415 170 841
907 136 1578
136 907 1578
1578 136 907
1425 2082 2684
2684 1425 2082
2082 1425 2684
2754 1402 2550
2550 1402 2754
1402 2550 2754
2116 2481 2790
2790 2116 2481
2481 2116 2790
1168 895 2615
2615 895 1168
895 1168 2615
1795 1580 2277
2277 1580 1795
1580 1795 2277
2810 421 2729
421 2729 2810
2729 421 2810
2977 442 454
454 442 2977
442 454 2977
2648 606 1562
606 1562 2648
1562 606 2648
2930 106 1709
1709 106 2930
106 1709 2930
2619 2568 2631
2568 2619 2631
2631 2568 2619
243 2030 2495
2030 243 2495
2495 243 2030
1308 104 2896
104 1308 2896
2896 104 1308
2319 1142 1634
1634 1142 2319
1142 1634 2319
2220 1198 1296
1198 1296 2220
1296 1198 2220
864 1031 1520
1520 864 1031
1031 864 1520
1936 1725 2745
1725 1936 2745
2745 1725 1936
2687 1897 2177
2177 1897 2687
1897 2177 2687
1098 526 1626
1626 526 1098
526 1098 1626
2763 212 391
391 212 2763
212 391 2763
441 2753 2912
2753 441 2912
2912 441 2753
1755 2044 2442
2044 1755 2442
2442 1755 2044
2772 1067 1274
1067 1274 2772
1274 1067 2772
2098 2140 2288
2288 2098 2140
2140 2098 2288
1382 491 2634
2634 491 1382
491 1382 2634
2979 168 1539
168 1539 2979
1539 168 2979
1032 37 2287
37 1032 2287
2287 37 1032
1082 1653 2889
2889 1082 1653
1653 1082 2889
2389 678 2023
2023 678 2389
678 2023 2389
288 430 1848
430 288 1848
1848 288 430
314 1321 2556
2556 314 1321
1321 314 2556
761 1254 1472
1472 761 1254
1254 761 1472
2316 1543 2829
2829 1543 2316
1543 2316 2829
1739 400 1318
400 1318 1739
1318 400 1739
1004 774 813
774 813 1004
813 774 1004
779 850 2087
850 779 2087
2087 779 850
2386 69 1281
1281 69 2386
69 1281 2386
2902 71 1034
1034 71 2902
71 1034 2902
2301 2205 2758
2758 2205 2301
2205 2301 2758
1523 398 1462
398 1462 1523
1462 398 1523
2193 1624 2014
1624 2014 2193
2014 1624 2193
920 1265 1903
1903 920 1265
1265 920 1903
1188 1042 2272
1042 1188 2272
2272 1042 1188
116 55 141
55 116 141
141 55 116
1474 219 937
219 937 1474
937 219 1474
1544 1683 2479
1683 1544 2479
2479 1544 1683
2691 1203 1773
1203 1773 2691
1773 1203 2691
2062 108 2768
2768 108 2062
108 2062 2768
877 1261 1432
1432 877 1261
1261 877 1432
1224 112 991
991 112 1224
112 991 1224
1555 273 2368
273 1555 2368
2368 273 1555
457 621 1509
621 457 1509
1509 457 621
616 229 2382
2382 229 616
229 616 2382
2478 2090 2469
2469 2090 2478
2090 2469 2478
1933 31 2940
2940 31 1933
31 1933 2940
599 1399 1748
1748 599 1399
1399 599 1748
787 1862 2692
1862 787 2692
2692 787 1862
2151 1607 2662
2662 1607 2151
1607 2151 2662
2103 1645 2921
2921 1645 2103
1645 2103 2921
560 1328 1467
1467 560 1328
1328 560 1467
2541 413 2578
2578 413 2541
413 2541 2578
1460 2475 2751
2751 1460 2475
2475 1460 2751
2076 416 1003
416 1003 2076
1003 416 2076
2176 1863 1901
1901 1863 2176
1863 1901 2176
2422 93 1721
1721 93 2422
93 1721 2422
1938 172 1702
172 1702 1938
1702 172 1938
625 1919 2666
2666 625 1919
1919 625 2666
1518 1290 1557
1557 1290 1518
1290 1518 1557
2405 77 1771
1771 77 2405
77 1771 2405
1909 1651 1692
1692 1651 1909
1651 1692 1909
2980 451 2153
2153 451 2980
451 2153 2980
2978 1147 2083
2083 1147 2978
1147 2083 2978
1668 107 1051
107 1051 1668
1051 107 1668
1112 296 2284
2284 296 1112
296 1112 2284
671 682 1649
682 671 1649
1649 671 682
182 858 1048
858 182 1048
1048 182 858
880 566 2070
2070 566 880
566 880 2070
2860 1948 2820
1948 2820 2860
2820 1948 2860
2231 26 196
26 196 2231
196 26 2231
1250 1916 2697
2697 1250 1916
1916 1250 2697
2344 210 2320
210 2320 2344
2320 210 2344
1952 534 2180
534 1952 2180
2180 534 1952
327 2433 2779
2779 327 2433
2433 327 2779
2862 577 1835
1835 577 2862
577 1835 2862
2866 802 1864
1864 802 2866
802 1864 2866
633 738 2809
738 633 2809
2809 633 738
1855 353 1918
1918 353 1855
353 1855 1918
29 1504 1939
1504 29 1939
1939 29 1504
536 409 1635
409 536 1635
1635 409 536
1037 1164 1521
1164 1037 1521
1521 1037 1164
2239 1400 1788
1788 1400 2239
1400 1788 2239
816 98 1083
98 816 1083
1083 98 816
2696 1166 2704
1166 2696 2704
2704 1166 2696
1859 383 1389
383 1389 1859
1389 383 1859
957 1583 2686
2686 957 1583
1583 957 2686
341 892 2892
892 341 2892
2892 341 892
2504 344 1981
1981 344 2504
344 1981 2504
2815 521 1104
521 1104 2815
1104 521 2815
2703 257 1097
1097 257 2703
257 1097 2703
234 768 1608
768 234 1608
1608 234 768
553 1934 2670
1934 553 2670
2670 553 1934
2361 1269 2620
1269 2361 2620
2620 1269 2361
1511 323 2115
323 1511 2115
2115 323 1511
2699 239 1205
239 1205 2699
1205 239 2699
2731 1154 1227
1154 1227 2731
1227 1154 2731
478 204 1777
1777 204 478
204 478 1777
2642 1453 1661
1661 1453 2642
1453 1661 2642
1091 197 2200
2200 197 1091
197 1091 2200
1135 183 1621
1621 183 1135
183 1135 1621
2852 319 2198
2198 319 2852
319 2198 2852
1110 1860 2281
2281 1110 1860
1860 1110 2281
2682 1792 2816
2816 1792 2682
1792 2682 2816
2733 236 1797
1797 236 2733
236 1797 2733
720 1512 1954
1954 720 1512
1512 720 1954
2494 612 930
612 930 2494
930 612 2494
1459 2072 2276
2276 1459 2072
2072 1459 2276
1096 2379 2822
2822 1096 2379
2379 1096 2822
2131 1808 1953
1953 1808 2131
1808 1953 2131
919 1024 2274
2274 919 1024
1024 919 2274
1528 791 2890
2890 791 1528
791 1528 2890
2673 1681 2238
2238 1681 2673
1681 2238 2673
2110 373 668
668 373 2110
373 668 2110
1463 2187 2542
2542 1463 2187
2187 1463 2542
590 695 1700
1700 590 695
695 590 1700
1684 1477 1603
1603 1477 1684
1477 1603 1684
1313 824 2297
2297 824 1313
824 1313 2297
2194 514 1085
514 1085 2194
1085 514 2194
2359 12 985
12 985 2359
985 12 2359
2950 1346 2784
1346 2784 2950
2784 1346 2950
2925 343 2248
343 2248 2925
2248 343 2925
2739 648 1176
1176 648 2739
648 1176 2739
403 1207 2965
2965 403 1207
1207 403 2965
694 1475 2515
2515 694 1475
1475 694 2515
636 111 2516
111 636 2516
2516 111 636
1832 1964 2212
1964 1832 2212
2212 1832 1964
2706 436 1303
1303 436 2706
436 1303 2706
2441 467 2299
2299 467 2441
467 2299 2441
258 741 1005
741 258 1005
1005 258 741
2496 990 2514
990 2496 2514
2514 990 2496
693 1588 2093
1588 693 2093
2093 693 1588
965 1056 1298
1056 965 1298
1298 965 1056
49 1396 2761
2761 49 1396
1396 49 2761
465 1070 2637
2637 465 1070
1070 465 2637
299 610 2403
2403 299 610
610 299 2403
2573 285 2048
285 2048 2573
2048 285 2573
766 1158 1772
1158 766 1772
1772 766 1158
897 1376 2482
1376 897 2482
2482 897 1376
1533 2170 2393
2393 1533 2170
2170 1533 2393
998 1276 2449
1276 998 2449
2449 998 1276
2625 123 158
158 123 2625
123 158 2625
701 387 1075
387 701 1075
1075 387 701
1247 2909 2922
2922 1247 2909
2909 1247 2922
385 135 456
135 385 456
456 135 385
1394 588 829
588 829 1394
829 588 1394
269 2483 2821
2821 269 2483
2483 269 2821
544 1088 2171
2171 544 1088
1088 544 2171
333 702 1947
702 333 1947
1947 333 702
1540 1267 1844
1267 1540 1844
1844 1267 1540
2928 2366 2612
2612 2366 2928
2366 2612 2928
2289 2113 2175
2113 2175 2289
2175 2113 2289
2128 94 1907
94 1907 2128
1907 94 2128
699 2440 2905
2440 699 2905
2905 699 2440
1317 822 2303
2303 822 1317
822 1317 2303
2225 1194 2197
1194 2197 2225
2197 1194 2225
733 1404 1443
1443 733 1404
1404 733 1443
2011 419 2430
419 2011 2430
2430 419 2011
2647 2129 2632
2632 2129 2647
2129 2632 2647
509 876 1821
876 509 1821
1821 509 876
1582 730 852
852 730 1582
730 852 1582
2936 326 1650
1650 326 2936
326 1650 2936
59 707 1340
707 59 1340
1340 59 707
2080 600 1050
1050 600 2080
600 1050 2080
674 2916 2998
2916 674 2998
2998 674 2916
1197 1225 2727
1225 1197 2727
2727 1197 1225
1079 155 2306
2306 155 1079
155 1079 2306
1969 499 1660
1660 499 1969
499 1660 1969
2806 581 1189
1189 581 2806
581 1189 2806
1803 1033 1515
1515 1033 1803
1033 1515 1803
2918 958 2107
958 2107 2918
2107 958 2918
1928 886 983
886 983 1928
983 886 1928
883 688 2213
688 883 2213
2213 688 883
1106 208 938
938 208 1106
208 938 1106
1735 745 1349
745 1349 1735
1349 745 1735
1347 1216 2874
1216 1347 2874
2874 1216 1347
2537 1180 1644
1644 1180 2537
1180 1644 2537
2039 1693 2808
1693 2039 2808
2808 1693 2039
953 127 1592
1592 127 953
127 953 1592
439 397 1815
397 439 1815
1815 397 439
1427 586 1260
586 1260 1427
1260 586 1427
820 825 1846
825 820 1846
1846 820 825
1360 154 653
653 154 1360
154 653 1360
2570 1983 2867
2867 1983 2570
1983 2570 2867
35 282 2722
2722 35 282
282 35 2722
2512 2241 2794
2241 2512 2794
2794 2241 2512
411 2334 2593
2593 411 2334
2334 411 2593
1867 2257 2577
2257 1867 2577
2577 1867 2257
1278 714 2455
714 1278 2455
2455 714 1278
2716 748 2834
2834 748 2716
748 2716 2834
2859 666 2991
2991 666 2859
666 2859 2991
1878 946 2939
2939 946 1878
946 1878 2939
2961 332 1354
1354 332 2961
332 1354 2961
1107 445 1820
1820 445 1107
445 1107 1820
176 724 2752
724 176 2752
2752 176 724
1046 1893 2952
2952 1046 1893
1893 1046 2952
2755 21 372
21 372 2755
372 21 2755
1611 2843 2957
2843 1611 2957
2957 1611 2843
1830 528 922
528 922 1830
922 528 1830
2493 915 2421
2421 915 2493
915 2421 2493
278 1013 2601
1013 278 2601
2601 278 1013
1484 483 1445
1445 483 1484
483 1445 1484
2203 152 2222
2222 152 2203
152 2203 2222
1502 452 1171
1171 452 1502
452 1171 1502
1413 614 1538
1538 614 1413
614 1413 1538
2196 713 2802
2802 713 2196
713 2196 2802
1926 2300 2621
2300 1926 2621
2621 1926 2300
1627 1958 2544
2544 1627 1958
1958 1627 2544
36 2598 2742
2598 36 2742
2742 36 2598
1006 2463 2708
2463 1006 2708
2708 1006 2463
860 568 1879
1879 568 860
568 860 1879
247 275 1908
275 247 1908
1908 247 275
2181 1570 1831
1570 1831 2181
1831 1570 2181
706 1845 2322
1845 706 2322
2322 706 1845
388 1119 2949
1119 388 2949
2949 388 1119
2878 256 1701
1701 256 2878
256 1701 2878
889 2477 2690
2690 889 2477
2477 889 2690
131 194 963
194 131 963
963 131 194
2582 1476 2586
1476 2582 2586
2586 1476 2582
1673 2653 2797
2797 1673 2653
2653 1673 2797
1956 459 523
523 459 1956
459 523 1956
2847 2096 2701
2096 2701 2847
2701 2096 2847
1609 433 1306
433 1306 1609
1306 433 1609
399 1421 2644
1421 399 2644
2644 399 1421
2069 545 2932
2932 545 2069
545 2069 2932
484 760 942
760 484 942
942 484 760
68 931 1572
1572 68 931
931 68 1572
1214 602 641
641 602 1214
602 641 1214
1697 1284 2452
1284 1697 2452
2452 1284 1697
2159 1084 2942
2942 1084 2159
1084 2159 2942
650 274 772
274 650 772
772 274 650
1734 103 1331
103 1331 1734
1331 103 1734
2298 369 2346
369 2298 2346
2346 369 2298
2438 1136 1854
1854 1136 2438
1136 1854 2438
1927 1630 2470
2470 1630 1927
1630 1927 2470
1584 293 1665
1665 293 1584
293 1584 1665
1955 2002 2624
2002 1955 2624
2624 1955 2002
735 708 2724
708 735 2724
2724 708 735
1629 1836 2363
1836 1629 2363
2363 1629 1836
2413 181 318
181 318 2413
318 181 2413
2419 951 2880
2880 951 2419
951 2419 2880
1282 770 1121
770 1121 1282
1121 770 1282
113 1517 2770
1517 113 2770
2770 113 1517
856 1486 2785
2785 856 1486
1486 856 2785
909 203 1971
203 909 1971
1971 203 909
511 45 2145
2145 45 511
45 511 2145
1190 1991 2036
1991 1190 2036
2036 1190 1991
493 1044 1397
1397 493 1044
1044 493 1397
1549 749 1890
1890 749 1549
749 1549 1890
244 384 1288
1288 244 384
384 244 1288
1911 1628 1957
1628 1911 1957
1957 1628 1911
1866 1581 1857
1581 1857 1866
1857 1581 1866
437 756 1912
756 437 1912
1912 437 756
865 857 2373
857 865 2373
2373 857 865
2869 1800 2294
2294 1800 2869
1800 2294 2869
1704 405 2960
405 1704 2960
2960 405 1704
585 1186 2695
2695 585 1186
1186 585 2695
1810 105 2996
105 1810 2996
2996 105 1810
1129 1029 1537
1029 1129 1537
1537 1029 1129
417 1301 2156
2156 417 1301
1301 417 2156
25 191 2871
191 25 2871
2871 25 191
157 1429 2154
2154 157 1429
1429 157 2154
2705 717 1150
717 1150 2705
1150 717 2705
215 1116 2920
2920 215 1116
1116 215 2920
605 334 2079
334 605 2079
2079 334 605
944 2735 2750
2735 944 2750
2750 944 2735
1441 17 830
830 17 1441
17 830 1441
2447 317 1312
1312 317 2447
317 1312 2447
936 1716 2788
1716 936 2788
2788 936 1716
2234 304 1985
304 1985 2234
1985 304 2234
2521 1676 2380
2380 1676 2521
1676 2380 2521
1642 1595 2552
1595 1642 2552
2552 1595 1642
681 715 1527
715 681 1527
1527 681 715
502 137 2661
2661 137 502
137 502 2661
14 151 1130
1130 14 151
151 14 1130
542 44 1705
44 542 1705
1705 44 542
2792 280 827
280 827 2792
827 280 2792
1279 1219 2282
1219 1279 2282
2282 1219 1279
382 1685 1839
1839 382 1685
1685 382 1839
619 823 1362
823 619 1362
1362 619 823
1786 474 2074
474 1786 2074
2074 474 1786
481 1159 1481
1481 481 1159
1159 481 1481
1466 1742 2457
2457 1466 1742
1742 1466 2457
1791 1201 2799
1201 1791 2799
2799 1201 1791
345 206 2120
2120 206 345
206 345 2120
2555 984 2480
2480 984 2555
984 2480 2555
414 1206 2269
1206 414 2269
2269 414 1206
1118 2340 2765
2340 1118 2765
2765 1118 2340
1322 265 1049
1049 265 1322
265 1049 1322
1807 389 477
389 477 1807
477 389 1807
777 2431 2636
2636 777 2431
2431 777 2636
1759 801 2401
2401 801 1759
801 1759 2401
1873 1689 1870
1870 1689 1873
1689 1870 1873
1899 490 2262
490 1899 2262
2262 490 1899
2091 948 1806
948 1806 2091
1806 948 2091
2333 1300 1961
1961 1300 2333
1300 1961 2333
705 719 1337
719 705 1337
1337 705 719
826 1438 1593
1438 826 1593
1593 826 1438
2970 1770 2844
1770 2844 2970
2844 1770 2970
982 656 1052
1052 656 982
656 982 1052
831 1218 1417
1417 831 1218
1218 831 1417
78 2216 2629
2629 78 2216
2216 78 2629
2315 2459 2823
2459 2315 2823
2823 2315 2459
76 336 2572
2572 76 336
336 76 2572
2988 1507 2553
1507 2553 2988
2553 1507 2988
1579 2025 2828
2025 1579 2828
2828 1579 2025
1708 99 1996
99 1708 1996
1996 99 1708
562 2054 2650
2650 562 2054
2054 562 2650
943 62 1602
62 943 1602
1602 62 943
1019 901 2488
901 1019 2488
2488 901 1019
2141 46 1779
1779 46 2141
46 1779 2141
1461 935 2217
935 1461 2217
2217 935 1461
710 1181 2385
1181 710 2385
2385 710 1181
2105 759 2883
2883 759 2105
759 2105 2883
870 941 2099
2099 870 941
941 870 2099
2378 279 486
279 486 2378
486 279 2378
2179 392 489
392 489 2179
489 392 2179
1761 2659 2744
2744 1761 2659
2659 1761 2744
995 47 1473
47 995 1473
1473 47 995
939 869 2118
869 939 2118
2118 869 939
295 1880 2075
2075 295 1880
1880 295 2075
1043 1876 2178
1876 1043 2178
2178 1043 1876
2347 340 2088
2088 340 2347
340 2088 2347
613 367 2951
367 613 2951
2951 367 613
2235 1155 2221
1155 2221 2235
2221 1155 2235
1812 1678 1841
1841 1678 1812
1678 1812 1841
765 164 2063
2063 164 765
164 765 2063
790 446 448
446 448 790
448 446 790
2913 580 2846
580 2846 2913
2846 580 2913
796 2265 2737
2737 796 2265
2265 796 2737
1895 1191 2185
1191 1895 2185
2185 1191 1895
2709 237 1496
1496 237 2709
237 1496 2709
2522 264 1086
264 1086 2522
1086 264 2522
654 10 1965
1965 10 654
10 654 1965
836 563 1246
1246 563 836
563 836 1246
1395 1314 2877
1314 1395 2877
2877 1314 1395
423 401 1153
401 423 1153
1153 401 423
848 362 492
362 492 848
492 362 848
15 2543 2924
2924 15 2543
2543 15 2924
2218 1408 2059
2059 1408 2218
1408 2059 2218
2092 594 2005
2005 594 2092
594 2005 2092
2370 1401 1522
1401 1522 2370
1522 1401 2370
201 216 607
607 201 216
216 201 607
1778 2426 2759
2426 1778 2759
2759 1778 2426
1663 1884 2569
1884 1663 2569
2569 1663 1884
1620 180 1847
180 1620 1847
1847 180 1620
2707 874 2901
2901 874 2707
874 2707 2901
2166 1047 2911
2911 1047 2166
1047 2166 2911
2747 910 2780
910 2747 2780
2780 910 2747
967 449 689
689 449 967
449 689 967
2551 252 902
252 902 2551
902 252 2551
742 2142 2266
2142 742 2266
2266 742 2142
1149 1012 1114
1114 1012 1149
1012 1114 1149
1610 66 2660
66 1610 2660
2660 66 1610
1858 1137 1182
1137 1182 1858
1182 1137 1858
2528 153 2423
153 2423 2528
2423 153 2528
1200 557 2247
557 1200 2247
2247 557 1200
2900 908 2863
908 2863 2900
2863 908 2900
500 1945 2730
2730 500 1945
1945 500 2730
2310 1722 2839
2839 1722 2310
1722 2310 2839
173 518 2360
2360 173 518
518 173 2360
2353 309 2835
2835 309 2353
309 2353 2835
2226 144 1061
1061 144 2226
144 1061 2226
1123 148 508
508 148 1123
148 508 1123
1587 1941 2841
2841 1587 1941
1941 1587 2841
1616 480 593
593 480 1616
480 593 1616
1456 1980 2614
1980 1456 2614
2614 1456 1980
609 537 1294
1294 537 609
537 609 1294
2836 119 2133
2133 119 2836
119 2133 2836
716 266 1410
266 716 1410
1410 266 716
2489 1358 1707
1358 1707 2489
1707 1358 2489
410 1375 2726
2726 410 1375
1375 410 2726
1059 809 2313
2313 809 1059
809 1059 2313
339 249 1992
1992 249 339
249 339 1992
2994 1896 2511
1896 2511 2994
2511 1896 2994
821 2352 2865
2865 821 2352
2352 821 2865
1497 794 1076
794 1076 1497
1076 794 1497
90 122 1099
122 90 1099
1099 90 122
640 1235 2776
2776 640 1235
1235 640 2776
2101 283 312
312 283 2101
283 312 2101
328 316 1304
1304 316 328
316 328 1304
1388 1671 2813
2813 1388 1671
1671 1388 2813
2915 1323 2223
2223 1323 2915
1323 2223 2915
1275 2418 2532
2532 1275 2418
2418 1275 2532
1367 1384 2127
1384 1367 2127
2127 1367 1384
2589 608 2885
2885 608 2589
608 2589 2885
1407 1591 2376
2376 1407 1591
1591 1407 2376
1573 303 1781
1781 303 1573
303 1573 1781
1369 1783 2837
1783 1369 2837
2837 1369 1783
758 644 2628
2628 644 758
644 758 2628
248 989 1601
1601 248 989
989 248 1601
1492 947 2121
947 1492 2121
2121 947 1492
945 1451 1617
1617 945 1451
1451 945 1617
1561 435 476
476 435 1561
435 476 1561
199 1232 2473
1232 199 2473
2473 199 1232
1454 690 2854
690 1454 2854
2854 690 1454
1108 349 1422
349 1108 1422
1422 349 1108
2525 1133 2456
2456 1133 2525
1133 2456 2525
2275 1243 1696
1243 1696 2275
1696 1243 2275
1249 167 2408
2408 167 1249
167 1249 2408
2173 598 1767
598 1767 2173
1767 598 2173
803 1320 2367
1320 803 2367
2367 803 1320
2838 2513 2851
2851 2513 2838
2513 2838 2851
2273 643 2106
2106 643 2273
643 2106 2273
2501 1311 1743
1743 1311 2501
1311 1743 2501
914 1577 2999
1577 914 2999
2999 914 1577
2245 1010 1943
1943 1010 2245
1010 1943 2245
1493 2953 2959
2953 1493 2959
2959 1493 2953
1532 1982 2804
1982 1532 2804
2804 1532 1982
1925 395 1525
1525 395 1925
395 1525 1925
618 1437 2783
1437 618 2783
2783 618 1437
1226 2183 2796
2183 1226 2796
2796 1226 2183
2130 2117 2505
2117 2130 2505
2505 2117 2130
1482 2719 2997
2719 1482 2997
2997 1482 2719
381 925 999
999 381 925
925 381 999
2215 81 747
81 747 2215
747 81 2215
4 227 1485
227 4 1485
1485 4 227
2734 1280 2825
2825 1280 2734
1280 2734 2825
1505 246 466
246 466 1505
466 246 1505
97 1750 2348
2348 97 1750
1750 97 2348
177 887 1017
1017 177 887
887 177 1017
1357 65 2317
65 1357 2317
2317 65 1357
2641 43 83
83 43 2641
43 83 2641
1809 101 711
101 711 1809
711 101 1809
1765 783 2881
2881 783 1765
783 1765 2881
2683 1503 2362
2362 1503 2683
1503 2362 2683
1796 687 1343
1343 687 1796
687 1343 1796
2833 1868 1942
1942 1868 2833
1868 1942 2833
1009 1234 1966
1966 1009 1234
1234 1009 1966
2174 559 2302
559 2174 2302
2302 559 2174
91 1277 1666
1666 91 1277
1277 91 1666
2937 712 2396
2396 712 2937
712 2396 2937
174 53 2184
2184 53 174
53 174 2184
2335 30 1233
1233 30 2335
30 1233 2335
2280 1728 2051
1728 2051 2280
2051 1728 2280
1894 1169 1536
1169 1536 1894
1536 1169 1894
727 797 1329
1329 727 797
797 727 1329
1465 11 1999
11 1465 1999
1999 11 1465
1754 2261 2658
2658 1754 2261
2261 1754 2658
190 1256 1717
1256 190 1717
1717 190 1256
2616 117 1643
1643 117 2616
117 1643 2616
739 146 1698
1698 146 739
146 739 1698
1244 2811 2818
2818 1244 2811
2811 1244 2818
1930 1101 2349
2349 1101 1930
1101 1930 2349
2309 555 2748
555 2309 2748
2748 555 2309
2533 1113 2058
2058 1113 2533
1113 2058 2533
1604 1125 2468
1125 1604 2468
2468 1125 1604
2020 1849 1877
1849 1877 2020
1877 1849 2020
504 657 1904
1904 504 657
657 504 1904
868 1074 1163
1163 868 1074
1074 868 1163
2714 734 2769
2769 734 2714
734 2714 2769
2443 347 2645
347 2443 2645
2645 347 2443
538 1519 1984
1519 538 1984
1984 538 1519
2540 884 2964
884 2540 2964
2964 884 2540
1060 987 1363
987 1060 1363
1363 987 1060
298 647 2985
647 298 2985
2985 298 647
2425 1691 2136
1691 2136 2425
2136 1691 2425
1345 346 744
744 346 1345
346 744 1345
335 676 788
676 335 788
788 335 676
2580 885 976
976 885 2580
885 976 2580
2870 684 2702
2702 684 2870
684 2702 2870
1814 72 1491
72 1491 1814
1491 72 1814
2067 365 1242
1242 365 2067
365 1242 2067
313 665 1677
665 313 1677
1677 313 665
2646 161 2664
161 2646 2664
2664 161 2646
470 1710 2710
1710 470 2710
2710 470 1710
1989 1071 1874
1874 1071 1989
1071 1874 1989
1564 1152 1732
1732 1152 1564
1152 1564 1732
109 1392 1586
1392 109 1586
1586 109 1392
2158 1640 2995
2995 1640 2158
1640 2158 2995
1501 1766 2364
2364 1501 1766
1766 1501 2364
2725 1165 2253
1165 2253 2725
2253 1165 2725
617 921 1576
921 617 1576
1576 617 921
32 28 898
898 28 32
28 32 898
1126 259 1370
1370 259 1126
259 1126 1370
1494 1020 1387
1020 1387 1494
1387 1020 1494
844 2608 2623
2608 844 2623
2623 844 2608
75 798 2089
798 75 2089
2089 75 798
2613 1115 2963
1115 2613 2963
2963 1115 2613
67 41 642
41 67 642
642 41 67
1736 19 1095
1095 19 1736
19 1095 1736
128 18 1272
18 128 1272
1272 18 128
2210 1 2312
2312 1 2210
1 2210 2312
622 1350 1749
1749 622 1350
1350 622 1749
1789 1335 2845
1335 1789 2845
2845 1335 1789
1287 611 2667
2667 611 1287
611 1287 2667
980 2795 2855
2855 980 2795
2795 980 2855
2307 1444 2448
1444 2307 2448
2448 1444 2307
2975 851 2034
2034 851 2975
851 2034 2975
531 630 1018
630 531 1018
1018 531 630
320 1040 2919
1040 320 2919
2919 320 1040
198 503 1371
503 198 1371
1371 198 503
1151 578 1228
1228 578 1151
578 1151 1228
1016 956 1028
956 1016 1028
1028 956 1016
294 95 975
95 294 975
975 95 294
817 1026 1905
1905 817 1026
1026 817 1905
1774 363 495
363 495 1774
495 363 1774
213 1534 2411
2411 213 1534
1534 213 2411
1447 912 2807
912 1447 2807
2807 912 1447
2195 1231 1636
1231 1636 2195
1636 1231 2195
428 471 2539
2539 428 471
471 428 2539
1784 1547 2546
2546 1547 1784
1547 1784 2546
1762 1093 1687
1093 1687 1762
1687 1093 1762
2713 228 2498
2498 228 2713
228 2498 2713
875 1599 2258
1599 875 2258
2258 875 1599
832 646 1372
1372 646 832
646 832 1372
2945 300 726
300 726 2945
726 300 2945
2929 139 145
139 145 2929
145 139 2929
386 767 1615
1615 386 767
767 386 1615
1174 1420 1430
1430 1174 1420
1420 1174 1430
533 2579 2969
2969 533 2579
2579 533 2969
2649 1025 1670
1025 1670 2649
1670 1025 2649
2018 2144 2778
2778 2018 2144
2144 2018 2778
130 1711 2717
1711 130 2717
2717 130 1711
357 221 906
221 357 906
906 221 357
138 2086 2655
2655 138 2086
2086 138 2655
1889 1210 2434
2434 1210 1889
1210 1889 2434
805 463 1976
463 805 1976
1976 463 805
1419 9 1117
9 1117 1419
1117 9 1419
1917 2022 2250
2250 1917 2022
2022 1917 2250
1380 156 1285
1285 156 1380
156 1285 1380
2429 1600 2451
1600 2429 2451
2451 1600 2429
2971 904 2527
2527 904 2971
904 2527 2971
240 627 1268
1268 240 627
627 240 1268
2946 1881 2657
1881 2657 2946
2657 1881 2946
1252 704 917
917 704 1252
704 917 1252
1506 366 2678
2678 366 1506
366 1506 2678
700 270 1641
270 700 1641
1641 270 700
2252 27 1440
27 1440 2252
1440 27 2252
2565 623 1229
1229 623 2565
623 1229 2565
1712 2207 2567
2567 1712 2207
2207 1712 2567
1223 899 1449
899 1223 1449
1449 899 1223
2399 1057 1286
1286 1057 2399
1057 1286 2399
1827 541 659
541 659 1827
659 541 1827
722 751 2161
2161 722 751
751 722 2161
2973 833 928
833 928 2973
928 833 2973
2720 2331 2464
2464 2331 2720
2331 2464 2720
2520 554 2202
2202 554 2520
554 2202 2520
2387 1022 2773
1022 2387 2773
2773 1022 2387
1351 64 1302
64 1302 1351
1302 64 1351
2681 1731 2602
2602 1731 2681
1731 2602 2681
1208 634 1510
634 1208 1510
1510 634 1208
1412 39 2323
39 1412 2323
2323 39 1412
1452 1875 2254
2254 1452 1875
1875 1452 2254
2486 879 2849
879 2486 2849
2849 879 2486
214 1546 2123
1546 214 2123
2123 214 1546
853 378 1869
1869 378 853
378 853 1869
2654 1383 2948
1383 2654 2948
2948 1383 2654
1341 763 992
763 992 1341
992 763 1341
2065 855 1787
855 1787 2065
1787 855 2065
859 1659 1935
1935 859 1659
1659 859 1935
2518 1998 2236
2236 1998 2518
1998 2236 2518
2278 582 1469
1469 582 2278
582 1469 2278
1531 7 494
494 7 1531
7 494 1531
129 988 1703
988 129 1703
1703 129 988
1541 8 1921
8 1541 1921
1921 8 1541
2597 1801 2471
1801 2471 2597
2471 1801 2597
1080 33 147
147 33 1080
33 147 1080
394 510 2409
2409 394 510
510 394 2409
2672 1263 1931
1931 1263 2672
1263 1931 2672
1068 354 952
354 952 1068
952 354 1068
2150 1612 2329
2329 1612 2150
1612 2150 2329
434 1690 1699
1699 434 1690
1690 434 1699
2560 512 2414
2414 512 2560
512 2414 2560
263 2711 2782
2782 263 2711
2711 263 2782
2749 754 2574
2574 754 2749
754 2574 2749
407 1740 2383
2383 407 1740
1740 407 2383
1490 374 661
661 374 1490
374 661 1490
1556 934 1457
934 1457 1556
1457 934 1556
2019 79 2381
79 2019 2381
2381 79 2019
2583 2122 2984
2122 2583 2984
2984 2122 2583
2895 524 2819
2819 524 2895
524 2819 2895
193 1064 2633
1064 193 2633
2633 193 1064
1100 1565 1618
1565 1100 1618
1618 1100 1565
1554 1170 2566
2566 1170 1554
1170 1554 2566
996 723 1356
1356 723 996
723 996 1356
565 567 752
752 565 567
567 565 752
811 1336 2472
2472 811 1336
1336 811 2472
1567 1694 2897
2897 1567 1694
1694 1567 2897
255 1378 2446
2446 255 1378
1378 255 2446
1825 1569 2976
1569 1825 2976
2976 1569 1825
1727 42 1973
1973 42 1727
42 1727 1973
1794 1426 2324
1426 1794 2324
2324 1426 1794
2604 2033 2073
2073 2033 2604
2033 2073 2604
272 731 1326
1326 272 731
731 272 1326
1654 1239 2610
2610 1239 1654
1239 1654 2610
150 551 2557
2557 150 551
551 150 2557
1015 1036 2450
1036 1015 2450
2450 1015 1036
1487 1843 2526
1843 1487 2526
2526 1487 1843
2420 1144 1730
1144 1730 2420
1730 1144 2420
1979 142 350
350 142 1979
142 350 1979
1264 1065 2029
2029 1065 1264
1065 1264 2029
570 679 2944
2944 570 679
679 570 2944
1325 2027 2138
2138 1325 2027
2027 1325 2138
2523 2509 2886
2509 2523 2886
2886 2509 2523
1856 2492 2676
2676 1856 2492
2492 1856 2676
1746 1639 2958
2958 1639 1746
1639 1746 2958
729 57 2292
57 729 2292
2292 57 729
6 331 929
331 6 929
929 6 331
306 2260 2789
2260 306 2789
2789 306 2260
1951 361 1888
1888 361 1951
361 1888 1951
1069 550 703
703 550 1069
550 703 1069
519 1055 2137
2137 519 1055
1055 519 2137
949 390 2465
2465 390 949
390 949 2465
843 1597 2935
1597 843 2935
2935 843 1597
2596 61 2618
2618 61 2596
61 2596 2618
1132 38 1802
38 1132 1802
1802 38 1132
1990 1066 2047
2047 1066 1990
1066 1990 2047
970 370 2931
370 970 2931
2931 370 970
2135 187 2774
2774 187 2135
187 2135 2774
2899 728 2775
728 2775 2899
2775 728 2899
2343 979 2267
2267 979 2343
979 2267 2343
2786 415 933
415 933 2786
933 415 2786
205 1178 1816
1178 205 1816
1816 205 1178
220 2412 2771
2412 220 2771
2771 220 2412
235 2208 2904
2904 235 2208
2208 235 2904
1833 2882 2989
2989 1833 2882
2882 1833 2989
2012 540 573
573 540 2012
540 573 2012
505 924 1035
924 505 1035
1035 505 924
429 1215 1266
1266 429 1215
1215 429 1266
1148 1145 1553
1145 1148 1553
1553 1145 1148
2108 355 635
355 635 2108
635 355 2108
2147 2037 2038
2038 2037 2147
2037 2038 2147
51 406 1305
406 51 1305
1305 51 406
315 1292 1334
1292 315 1334
1334 315 1292
16 597 2972
2972 16 597
597 16 2972
2336 102 2827
2827 102 2336
102 2336 2827
552 276 2057
276 552 2057
2057 276 552
13 169 2626
169 13 2626
2626 13 169
455 1446 2545
2545 455 1446
1446 455 2545
2848 1898 2485
1898 2485 2848
2485 1898 2848
2201 2126 3000
2126 2201 3000
3000 2126 2201
1823 1922 2077
1922 1823 2077
2077 1823 1922
2639 1448 2084
1448 2084 2639
2084 1448 2639
658 776 2484
776 658 2484
2484 658 776
815 218 2698
2698 218 815
218 815 2698
202 171 1204
1204 171 202
171 202 1204
2777 1986 2244
1986 2244 2777
2244 1986 2777
1535 1910 2328
1910 1535 2328
2328 1535 1910
624 604 1077
1077 604 624
604 624 1077
140 691 2391
691 140 2391
2391 140 691
2085 1211 2163
1211 2085 2163
2163 1211 2085
260 179 2903
179 260 2903
2903 179 260
1647 918 1162
918 1162 1647
1162 918 1647
301 5 683
5 301 683
683 5 301
1817 923 1185
923 1185 1817
1185 923 1817
1655 1202 2437
1202 1655 2437
2437 1202 1655
1760 1851 2046
1851 1760 2046
2046 1760 1851
1733 769 1393
1393 769 1733
769 1393 1733
1834 672 2954
672 1834 2954
2954 672 1834
2243 520 1545
520 1545 2243
1545 520 2243
561 1403 2587
2587 561 1403
1403 561 2587
2671 878 2242
878 2242 2671
2242 878 2671
1221 964 1406
1406 964 1221
964 1221 1406
2095 56 311
311 56 2095
56 311 2095
1775 2327 2605
2327 1775 2605
2605 1775 2327
2611 261 2395
2395 261 2611
261 2395 2611
775 1813 1914
1813 775 1914
1914 775 1813
1435 87 1865
1865 87 1435
87 1435 1865
84 159 2268
2268 84 159
159 84 2268
2356 539 1344
1344 539 2356
539 1344 2356
2078 736 2032
2032 736 2078
736 2032 2078
2548 861 894
894 861 2548
861 894 2548
2308 1072 1920
1920 1072 2308
1072 1920 2308
1822 1023 1458
1023 1458 1822
1458 1023 1822
1891 806 1892
806 1891 1892
1892 806 1891
70 186 1883
1883 70 186
186 70 1883
2864 535 2263
535 2263 2864
2263 535 2864
1366 302 1102
1102 302 1366
302 1102 1366
74 1418 2206
2206 74 1418
1418 74 2206
1377 460 1850
460 1377 1850
1850 460 1377
1187 2524 2665
2665 1187 2524
2524 1187 2665
2669 517 1551
517 1551 2669
1551 517 2669
284 1183 2454
1183 284 2454
2454 284 1183
2230 2024 2094
2024 2094 2230
2094 2024 2230
2375 223 1913
223 1913 2375
1913 223 2375
1811 189 974
189 974 1811
974 189 1811
2467 558 2314
558 2314 2467
2314 558 2467
1637 778 1021
1021 778 1637
778 1021 1637
2402 978 2132
2132 978 2402
978 2132 2402
2357 2149 2595
2595 2149 2357
2149 2357 2595
871 440 2007
440 871 2007
2007 440 871
1940 479 1818
479 1818 1940
1818 479 1940
1179 427 1270
427 1179 1270
1270 427 1179
2001 780 972
972 780 2001
780 972 2001
1479 1790 2933
2933 1479 1790
1790 1479 2933
1146 1058 2817
1058 1146 2817
2817 1058 1146
2388 22 2460
22 2388 2460
2460 22 2388
2439 631 1514
1514 631 2439
631 1514 2439
2499 92 1840
1840 92 2499
92 1840 2499
1450 926 1195
1195 926 1450
926 1195 1450
2021 959 2688
2688 959 2021
959 2021 2688
2879 267 2028
2028 267 2879
267 2028 2879
804 461 473
461 473 804
473 461 804
1310 1140 1524
1524 1140 1310
1140 1310 1524
2397 166 2891
2891 166 2397
166 2397 2891
2908 1886 2798
1886 2798 2908
2798 1886 2908
2831 2192 2296
2296 2192 2831
2192 2296 2831
968 1780 2390
1780 968 2390
2390 968 1780
1307 115 2609
2609 115 1307
115 1307 2609
1513 472 2694
472 1513 2694
2694 472 1513
962 1959 2406
1959 962 2406
2406 962 1959
96 185 1217
1217 96 185
185 96 1217
2508 1259 2503
1259 2503 2508
2503 1259 2508
368 1842 2052
1842 368 2052
2052 368 1842
63 2435 2803
2435 63 2803
2803 63 2435
2432 2251 2351
2351 2251 2432
2251 2351 2432
2588 162 2723
2723 162 2588
162 2588 2723
1568 750 2992
750 1568 2992
2992 750 1568
807 547 2554
547 807 2554
2554 547 807
1327 961 1706
1706 961 1327
961 1327 1706
1156 1273 1548
1548 1156 1273
1273 1156 1548
2757 1373 1805
1805 1373 2757
1373 1805 2757
639 587 2311
2311 587 639
587 639 2311
2246 1177 2993
1177 2246 2993
2993 1177 2246
2981 497 1127
1127 497 2981
497 1127 2981
245 835 2622
2622 245 835
835 245 2622
2338 165 404
404 165 2338
165 404 2338
2476 1241 2071
1241 2071 2476
2071 1241 2476
1293 1139 2600
1139 1293 2600
2600 1139 1293
1011 2148 2606
2606 1011 2148
2148 1011 2606
1906 854 2558
854 1906 2558
2558 854 1906
629 1724 2189
2189 629 1724
1724 629 2189
1646 530 1161
530 1161 1646
1161 530 1646
1741 1944 2354
1944 1741 2354
2354 1741 1944
2146 667 2689
2689 667 2146
667 2146 2689
1633 1105 1667
1105 1633 1667
1667 1105 1633
1819 1977 2100
2100 1819 1977
1977 1819 2100
231 1613 2990
2990 231 1613
1613 231 2990
2345 838 1530
1530 838 2345
838 1530 2345
2741 564 615
615 564 2741
564 615 2741
971 1464 2304
2304 971 1464
1464 971 2304
2987 380 866
380 866 2987
866 380 2987
2549 2497 2861
2861 2497 2549
2497 2549 2861
321 209 2914
209 321 2914
2914 209 321
839 124 2427
2427 124 839
124 839 2427
2746 1027 1614
1614 1027 2746
1027 1614 2746
2339 516 1737
516 1737 2339
1737 516 2339
746 48 458
458 48 746
48 458 746
673 396 2224
2224 396 673
396 673 2224
675 1442 1756
1756 675 1442
1442 675 1756
1552 669 1726
1726 669 1552
669 1552 1726
2643 692 1924
692 1924 2643
1924 692 2643
1222 840 1560
840 1222 1560
1560 840 1222
721 1838 2853
2853 721 1838
1838 721 2853
626 418 2966
2966 418 626
418 626 2966
2458 595 1353
595 1353 2458
1353 595 2458
2856 651 2830
2830 651 2856
651 2830 2856
241 1054 2685
2685 241 1054
1054 241 2685
2428 1157 1245
1245 1157 2428
1157 1245 2428
649 834 1209
1209 649 834
834 649 1209
2285 1946 2564
1946 2285 2564
2564 1946 2285
960 2169 2535
2169 960 2535
2535 960 2169
572 2740 2875
2740 572 2875
2875 572 2740
2941 178 1688
178 1688 2941
1688 178 2941
2318 2045 2055
2045 2055 2318
2055 2045 2318
133 799 2337
2337 133 799
799 133 2337
1220 424 2172
2172 424 1220
424 1220 2172
1255 464 2700
464 1255 2700
2700 464 1255
82 89 1829
89 82 1829
1829 82 89
2102 506 1585
1585 506 2102
506 1585 2102
697 664 1967
1967 664 697
664 697 1967
262 548 663
548 262 663
663 262 548
986 571 1390
571 986 1390
1390 571 986
1391 2209 2668
2668 1391 2209
2209 1391 2668
740 238 1902
1902 238 740
238 740 1902
2538 1937 2576
2576 1937 2538
1937 2538 2576
2377 80 1315
80 1315 2377
1315 80 2377
637 810 2584
2584 637 810
810 637 2584
501 1433 1975
1433 501 1975
1975 501 1433
755 468 718
718 468 755
468 718 755
1089 2041 2693
2693 1089 2041
2041 1089 2693
88 1339 1682
1339 88 1682
1682 88 1339
2031 1014 2910
2910 1014 2031
1014 2031 2910
2812 184 1297
184 1297 2812
1297 184 2812
338 1199 2760
2760 338 1199
1199 338 2760
2857 903 1053
903 1053 2857
1053 903 2857
426 764 1631
764 426 1631
1631 426 764
1361 2114 2840
2114 1361 2840
2840 1361 2114
2050 1240 2000
2000 1240 2050
1240 2000 2050
496 842 1968
1968 496 842
842 496 1968
2581 1398 1431
1431 1398 2581
1398 1431 2581
2651 54 1471
1471 54 2651
54 1471 2651
1962 2416 2510
2416 1962 2510
2510 1962 2416
1672 100 529
100 529 1672
529 100 1672
2232 1798 2563
1798 2232 2563
2563 1798 2232
23 310 2502
2502 23 310
310 23 2502
1764 290 1744
290 1744 1764
1744 290 1764
2013 1385 1575
1575 1385 2013
1385 1575 2013
2035 911 1299
911 1299 2035
1299 911 2035
1686 977 1529
1529 977 1686
977 1529 1686
1882 891 1236
891 1236 1882
1236 891 1882
2124 2081 2160
2160 2081 2124
2081 2124 2160
1793 329 1251
1251 329 1793
329 1251 1793
1423 330 1776
1776 330 1423
330 1423 1776
2781 1563 2111
1563 2111 2781
2111 1563 2781
348 993 2559
993 348 2559
2559 348 993
2168 233 2384
2384 233 2168
233 2168 2384
1752 58 2004
2004 58 1752
58 1752 2004
1656 660 1828
1828 660 1656
660 1656 1828
2026 1258 1963
1963 1258 2026
1258 1963 2026
1657 1758 2112
1758 1657 2112
2112 1657 1758
2053 849 1729
1729 849 2053
849 1729 2053
2445 808 1972
1972 808 2445
808 1972 2445
2462 375 1723
1723 375 2462
375 1723 2462
2529 110 2675
2675 110 2529
110 2529 2675
2506 2006 2893
2006 2506 2893
2893 2006 2506
1063 1078 1092
1092 1063 1078
1078 1063 1092
1949 2571 2983
2983 1949 2571
2571 1949 2983
2627 2436 2894
2436 2627 2894
2894 2436 2627
488 1478 2832
2832 488 1478
1478 488 2832
1002 652 2444
652 1002 2444
2444 652 1002
1594 3 364
3 364 1594
364 3 1594
2186 1062 2392
2392 1062 2186
1062 2186 2392
1248 2801 2805
2801 1248 2805
2805 1248 2801
680 1826 2211
1826 680 2211
2211 680 1826
1405 134 1871
134 1405 1871
1871 134 1405
1295 40 1172
1172 40 1295
40 1172 1295
1289 34 2677
2677 34 1289
34 1289 2677
1381 549 2663
2663 549 1381
549 1381 2663
2016 432 785
432 785 2016
785 432 2016
222 422 2109
422 222 2109
2109 222 422
1923 789 1333
1333 789 1923
789 1333 1923
645 24 2562
2562 24 645
24 645 2562
1745 1030 2139
1030 1745 2139
2139 1030 1745
132 1324 1978
1324 132 1978
1978 132 1324
2917 997 1872
1872 997 2917
997 1872 2917
2652 251 2229
2229 251 2652
251 2229 2652
2068 1271 2680
1271 2068 2680
2680 1271 2068
828 1718 2009
2009 828 1718
1718 828 2009
1763 574 2199
2199 574 1763
574 1763 2199
360 443 1837
1837 360 443
443 360 1837
1824 1470 2043
