4541 15504 24941
15504 4541 24941
24941 4541 15504
19492 2345 22346
22346 2345 19492
2345 19492 22346
17131 22731 25729
22731 17131 25729
25729 17131 22731
27568 6302 20249
20249 6302 27568
6302 20249 27568
8420 11346 25779
25779 8420 11346
11346 8420 25779
11635 4633 29267
4633 11635 29267
29267 4633 11635
20268 1785 21436
1785 20268 21436
21436 1785 20268
1459 7661 27057
7661 1459 27057
27057 1459 7661
13253 23927 25045
25045 13253 23927
23927 13253 25045
4123 95 28039
95 4123 28039
28039 95 4123
28077 6679 16576
6679 16576 28077
16576 6679 28077
8396 11161 12940
11161 8396 12940
12940 8396 11161
8080 7477 11532
11532 7477 8080
7477 8080 11532
28889 6709 7629
6709 7629 28889
7629 6709 28889
7257 13200 19015
19015 7257 13200
13200 7257 19015
22844 7843 13146
7843 13146 22844
13146 7843 22844
24994 12140 25149
25149 12140 24994
12140 24994 25149
16883 6213 28708
28708 6213 16883
6213 16883 28708
22049 11060 15257
15257 11060 22049
11060 15257 22049
4165 5878 24073
5878 4165 24073
24073 4165 5878
10352 9210 29529
9210 10352 29529
29529 9210 10352
1445 11707 23600
11707 1445 23600
23600 1445 11707
940 4100 28161
28161 940 4100
4100 940 28161
29006 7413 11418
11418 7413 29006
7413 11418 29006
4690 5322 20197
5322 4690 20197
20197 4690 5322
10767 11689 22163
22163 10767 11689
11689 10767 22163
21730 6196 27234
27234 6196 21730
6196 21730 27234
1512 7038 27467
27467 1512 7038
7038 1512 27467
21174 3683 10207
3683 10207 21174
10207 3683 21174
27976 9748 29284
9748 27976 29284
29284 9748 27976
17166 14782 27063
27063 14782 17166
14782 17166 27063
15187 2424 24201
2424 15187 24201
24201 2424 15187
3207 8157 17512
8157 3207 17512
17512 3207 8157
5174 13470 29382
29382 5174 13470
13470 5174 29382
10255 18497 24129
18497 10255 24129
24129 10255 18497
4726 5329 11054
11054 4726 5329
5329 4726 11054
3866 1575 2878
1575 2878 3866
2878 1575 3866
14435 998 27934
998 14435 27934
27934 998 14435
9043 23030 23170
23030 9043 23170
23170 9043 23030
1531 4754 5260
5260 1531 4754
4754 1531 5260
27861 1645 5821
1645 5821 27861
5821 1645 27861
7458 4981 13275
13275 4981 7458
4981 7458 13275
7439 5875 21099
21099 5875 7439
5875 7439 21099
29547 2924 26453
2924 26453 29547
26453 2924 29547
11701 15475 16944
16944 11701 15475
15475 11701 16944
17351 21391 26458
26458 17351 21391
21391 17351 26458
15689 13994 23583
13994 15689 23583
23583 13994 15689
23993 1258 23953
23953 1258 23993
1258 23953 23993
11979 23106 26303
23106 11979 26303
26303 11979 23106
24600 7532 12226
12226 7532 24600
7532 12226 24600
23771 15757 20531
15757 20531 23771
20531 15757 23771
26360 26416 29162
29162 26360 26416
26416 26360 29162
16728 10770 17488
10770 16728 17488
17488 10770 16728
17480 3859 9889
9889 3859 17480
3859 9889 17480
4015 589 8104
8104 589 4015
589 4015 8104
11712 27460 27535
27535 11712 27460
27460 11712 27535
2136 7634 24694
7634 2136 24694
24694 2136 7634
21335 14700 23381
14700 21335 23381
23381 14700 21335
16579 5152 21314
21314 5152 16579
5152 16579 21314
18317 10262 17841
17841 10262 18317
10262 17841 18317
10277 5901 25471
5901 10277 25471
25471 5901 10277
4260 8110 26111
8110 4260 26111
26111 4260 8110
16847 15843 28325
28325 15843 16847
15843 16847 28325
11881 4990 16333
4990 11881 16333
16333 4990 11881
20731 9533 10688
10688 9533 20731
9533 10688 20731
27797 29784 29947
29784 27797 29947
29947 27797 29784
13070 6239 19964
6239 13070 19964
19964 6239 13070
12988 14943 22591
14943 12988 22591
22591 12988 14943
12870 10643 29611
29611 10643 12870
10643 12870 29611
20640 15201 28042
28042 15201 20640
15201 20640 28042
9959 10182 18697
18697 9959 10182
10182 9959 18697
9133 3306 18365
18365 3306 9133
3306 9133 18365
24322 7556 21410
7556 21410 24322
21410 7556 24322
21687 5695 21795
5695 21687 21795
21795 5695 21687
20198 5127 22662
22662 5127 20198
5127 20198 22662
21798 10380 12845
10380 12845 21798
12845 10380 21798
5894 10331 23069
10331 5894 23069
23069 5894 10331
13352 917 927
927 917 13352
917 927 13352
19303 2799 15149
15149 2799 19303
2799 15149 19303
6702 2608 26171
26171 2608 6702
2608 6702 26171
8705 14667 17542
14667 8705 17542
17542 8705 14667
6501 7520 10737
7520 6501 10737
10737 6501 7520
19888 7322 13366
7322 13366 19888
13366 7322 19888
900 9423 10413
9423 900 10413
10413 900 9423
21472 6563 15851
6563 15851 21472
15851 6563 21472
403 15280 26943
26943 403 15280
15280 403 26943
20521 756 25819
25819 756 20521
756 20521 25819
29801 5720 27689
27689 5720 29801
5720 27689 29801
23881 13804 17639
13804 17639 23881
17639 13804 23881
29874 2266 16099
16099 2266 29874
2266 16099 29874
21840 19013 27455
27455 19013 21840
19013 21840 27455
19134 8461 9111
8461 9111 19134
9111 8461 19134
12882 15234 18355
15234 12882 18355
18355 12882 15234
8816 5248 22133
5248 8816 22133
22133 5248 8816
14766 388 23315
23315 388 14766
388 14766 23315
28529 12776 16159
16159 12776 28529
12776 16159 28529
10860 5268 10417
10417 5268 10860
5268 10417 10860
23678 8772 14848
8772 14848 23678
14848 8772 23678
8393 9135 13276
9135 8393 13276
13276 8393 9135
28738 1496 4261
1496 4261 28738
4261 1496 28738
19468 24612 24672
24672 19468 24612
24612 19468 24672
18925 11118 28650
28650 11118 18925
11118 18925 28650
11834 4342 7687
4342 7687 11834
7687 4342 11834
16879 1715 23118
1715 16879 23118
23118 1715 16879
22326 10350 21837
21837 10350 22326
10350 21837 22326
47 739 6945
6945 47 739
739 47 6945
22553 10805 25498
10805 22553 25498
25498 10805 22553
18346 12793 14718
14718 12793 18346
12793 14718 18346
5686 13459 20417
20417 5686 13459
13459 5686 20417
15956 9323 24248
9323 15956 24248
24248 9323 15956
3059 14622 24063
24063 3059 14622
14622 3059 24063
28054 23402 23900
23402 23900 28054
23900 23402 28054
19852 7403 27949
27949 7403 19852
7403 19852 27949
21541 19182 28816
19182 21541 28816
28816 19182 21541
17702 12862 14619
14619 12862 17702
12862 14619 17702
11006 20390 29575
20390 11006 29575
29575 11006 20390
3613 2478 5043
2478 3613 5043
5043 2478 3613
7710 14269 15489
14269 7710 15489
15489 7710 14269
264 18807 27124
18807 264 27124
27124 264 18807
29188 3885 7475
7475 3885 29188
3885 7475 29188
10259 828 16886
828 10259 16886
16886 828 10259
500 18911 25021
25021 500 18911
18911 500 25021
21884 21455 26025
21455 21884 26025
26025 21455 21884
4578 5825 18087
5825 4578 18087
18087 4578 5825
23936 17790 21200
21200 17790 23936
17790 21200 23936
4712 6003 15568
6003 4712 15568
15568 4712 6003
18415 23717 29805
29805 18415 23717
23717 18415 29805
14677 20237 23543
23543 14677 20237
20237 14677 23543
16196 2582 18614
18614 2582 16196
2582 16196 18614
444 2806 6919
2806 444 6919
6919 444 2806
10293 27161 28169
27161 10293 28169
28169 10293 27161
5177 8075 25278
8075 5177 25278
25278 5177 8075
28839 3714 4727
4727 3714 28839
3714 4727 28839
1964 19218 24359
24359 1964 19218
19218 1964 24359
18905 1734 29990
29990 1734 18905
1734 18905 29990
19026 7596 16225
7596 16225 19026
16225 7596 19026
4786 370 6237
370 4786 6237
6237 370 4786
17385 2751 24371
24371 2751 17385
2751 17385 24371
5301 19427 26773
19427 5301 26773
26773 5301 19427
22697 17661 25306
25306 17661 22697
17661 22697 25306
9720 2815 22203
22203 2815 9720
2815 9720 22203
19575 7488 22992
7488 19575 22992
22992 7488 19575
4493 16067 16568
16067 4493 16568
16568 4493 16067
15430 28509 29080
29080 15430 28509
28509 15430 29080
2725 347 20182
20182 347 2725
347 2725 20182
2439 3458 12735
12735 2439 3458
3458 2439 12735
2536 1894 2085
1894 2085 2536
2085 1894 2536
24528 13870 15176
15176 13870 24528
13870 15176 24528
13367 15480 28045
28045 13367 15480
15480 13367 28045
9586 2557 4587
4587 2557 9586
2557 4587 9586
25355 4363 22595
4363 22595 25355
22595 4363 25355
14501 12615 22171
12615 14501 22171
22171 12615 14501
5001 27620 27913
27913 5001 27620
27620 5001 27913
25985 10108 16081
10108 16081 25985
16081 10108 25985
12890 10382 27077
27077 10382 12890
10382 12890 27077
3287 8488 29583
29583 3287 8488
8488 3287 29583
402 625 24350
625 402 24350
24350 402 625
25448 2982 3883
3883 2982 25448
2982 3883 25448
18288 14732 28521
14732 18288 28521
28521 14732 18288
22206 18145 29569
29569 18145 22206
18145 22206 29569
24483 5973 20937
5973 20937 24483
20937 5973 24483
20732 6470 23091
23091 6470 20732
6470 20732 23091
14522 20611 25674
25674 14522 20611
20611 14522 25674
26941 26203 27019
27019 26203 26941
26203 26941 27019
16190 1164 25179
25179 1164 16190
1164 16190 25179
24652 223 11801
11801 223 24652
223 11801 24652
16807 22822 26278
22822 16807 26278
26278 16807 22822
13888 23029 24668
24668 13888 23029
23029 13888 24668
18193 5048 15901
15901 5048 18193
5048 15901 18193
3363 7068 26806
7068 3363 26806
26806 3363 7068
23548 1224 12082
12082 1224 23548
1224 12082 23548
1936 4874 8190
4874 1936 8190
8190 1936 4874
5776 15887 26043
26043 5776 15887
15887 5776 26043
24087 5226 17650
17650 5226 24087
5226 17650 24087
10792 14468 25151
25151 10792 14468
14468 10792 25151
26709 2446 16805
16805 2446 26709
2446 16805 26709
15124 15881 24354
24354 15124 15881
15881 15124 24354
5762 21245 23506
21245 5762 23506
23506 5762 21245
19261 413 9443
413 9443 19261
9443 413 19261
1957 4297 29361
29361 1957 4297
4297 1957 29361
14550 16783 17324
16783 14550 17324
17324 14550 16783
26415 8969 22448
22448 8969 26415
8969 22448 26415
6792 14341 21141
21141 6792 14341
14341 6792 21141
21657 13861 27079
13861 21657 27079
27079 13861 21657
13020 16482 16743
16482 13020 16743
16743 13020 16482
17666 4752 20794
4752 17666 20794
20794 4752 17666
7501 13301 27964
27964 7501 13301
13301 7501 27964
12094 22221 26180
22221 12094 26180
26180 12094 22221
15978 13680 21421
13680 15978 21421
21421 13680 15978
3252 72 10011
10011 72 3252
72 3252 10011
27313 1008 13108
13108 1008 27313
1008 13108 27313
15353 1369 7285
1369 7285 15353
7285 1369 15353
25260 3735 17779
3735 17779 25260
17779 3735 25260
18 17265 25892
25892 18 17265
17265 18 25892
3561 23761 25764
23761 3561 25764
25764 3561 23761
11390 9499 11600
9499 11390 11600
11600 9499 11390
28316 9201 9901
9901 9201 28316
9201 9901 28316
19080 14787 20149
14787 19080 20149
20149 14787 19080
20727 13823 15838
13823 15838 20727
15838 13823 20727
26666 7378 12116
12116 7378 26666
7378 12116 26666
27603 28275 29089
29089 27603 28275
28275 27603 29089
22397 6045 9190
9190 6045 22397
6045 9190 22397
15247 14709 17640
14709 15247 17640
17640 14709 15247
20753 27690 29758
27690 20753 29758
29758 20753 27690
9464 715 21146
715 9464 21146
21146 715 9464
20546 11405 27813
27813 11405 20546
11405 20546 27813
11802 2425 26268
2425 11802 26268
26268 2425 11802
2381 5916 8081
5916 2381 8081
8081 2381 5916
28989 2882 26294
2882 26294 28989
26294 2882 28989
29232 11956 13132
13132 11956 29232
11956 13132 29232
22300 20351 22991
20351 22300 22991
22991 20351 22300
2144 2707 16165
16165 2144 2707
2707 2144 16165
4278 6773 29461
6773 4278 29461
29461 4278 6773
19320 27386 28409
28409 19320 27386
27386 19320 28409
25404 9755 11468
9755 11468 25404
11468 9755 25404
5617 19464 25543
19464 5617 25543
25543 5617 19464
15 6775 6834
6775 15 6834
6834 15 6775
28482 6765 6774
6765 6774 28482
6774 6765 28482
14081 1627 26990
26990 1627 14081
1627 14081 26990
7684 13631 17033
17033 7684 13631
13631 7684 17033
15500 13442 22062
13442 15500 22062
22062 13442 15500
22581 2312 14744
2312 14744 22581
14744 2312 22581
21131 8156 11410
11410 8156 21131
8156 11410 21131
12604 12637 28585
12637 12604 28585
28585 12604 12637
17864 7436 10804
7436 10804 17864
10804 7436 17864
5991 14998 22008
14998 5991 22008
22008 5991 14998
27406 5187 14936
14936 5187 27406
5187 14936 27406
29739 11462 23546
11462 23546 29739
23546 11462 29739
17289 18778 21326
21326 17289 18778
18778 17289 21326
7282 6378 10229
6378 7282 10229
10229 6378 7282
17457 16084 25910
25910 16084 17457
16084 17457 25910
10048 2315 25793
25793 2315 10048
2315 10048 25793
5439 2939 12305
2939 5439 12305
12305 2939 5439
1606 5771 17123
5771 1606 17123
17123 1606 5771
21316 9644 11668
9644 11668 21316
11668 9644 21316
14864 20190 22853
22853 14864 20190
20190 14864 22853
13990 1551 27191
1551 13990 27191
27191 1551 13990
1564 18357 24684
24684 1564 18357
18357 1564 24684
29986 6241 9564
9564 6241 29986
6241 9564 29986
17949 18044 23036
23036 17949 18044
18044 17949 23036
4344 13184 13882
13882 4344 13184
13184 4344 13882
27919 3528 16591
3528 16591 27919
16591 3528 27919
7104 12951 16189
12951 7104 16189
16189 7104 12951
27911 21411 27981
21411 27911 27981
27981 21411 27911
7513 16054 17006
16054 7513 17006
17006 7513 16054
2786 7535 12543
7535 2786 12543
12543 2786 7535
16468 1431 2182
2182 1431 16468
1431 2182 16468
18176 18831 23376
23376 18176 18831
18831 18176 23376
3696 6175 9013
9013 3696 6175
6175 3696 9013
19422 26744 28596
26744 19422 28596
28596 19422 26744
8419 556 19287
19287 556 8419
556 8419 19287
3839 5699 29939
5699 3839 29939
29939 3839 5699
9791 23429 28845
23429 9791 28845
28845 9791 23429
4207 969 26057
969 4207 26057
26057 969 4207
29510 1480 29584
29584 1480 29510
1480 29510 29584
20365 20305 21955
20305 20365 21955
21955 20305 20365
12586 5911 9101
9101 5911 12586
5911 9101 12586
20913 9452 22579
22579 9452 20913
9452 20913 22579
11987 6504 13513
13513 6504 11987
6504 11987 13513
3310 15545 17138
15545 3310 17138
17138 3310 15545
13913 12658 19773
12658 13913 19773
19773 12658 13913
11257 18878 27178
18878 11257 27178
27178 11257 18878
14260 11230 14903
11230 14260 14903
14903 11230 14260
13345 23568 29032
29032 13345 23568
23568 13345 29032
14982 5619 25245
25245 5619 14982
5619 14982 25245
26507 814 22701
814 22701 26507
22701 814 26507
3673 13537 17459
17459 3673 13537
13537 3673 17459
26383 20580 26925
20580 26383 26925
26925 20580 26383
8374 11579 26518
26518 8374 11579
11579 8374 26518
20704 14175 28049
14175 20704 28049
28049 14175 20704
18070 6794 18933
6794 18070 18933
18933 6794 18070
16971 3228 11879
11879 3228 16971
3228 11879 16971
21342 19881 20541
19881 20541 21342
20541 19881 21342
27417 12408 18667
18667 12408 27417
12408 18667 27417
12307 9406 29307
29307 9406 12307
9406 12307 29307
27517 18106 25794
25794 18106 27517
18106 25794 27517
8430 19866 26653
19866 8430 26653
26653 8430 19866
15810 13085 25769
25769 13085 15810
13085 15810 25769
11808 6536 20601
6536 11808 20601
20601 6536 11808
20774 13155 21417
13155 20774 21417
21417 13155 20774
14538 5694 26293
5694 14538 26293
26293 5694 14538
13356 16799 22837
22837 13356 16799
16799 13356 22837
26693 2347 4036
4036 2347 26693
2347 4036 26693
11710 7469 24205
7469 11710 24205
24205 7469 11710
22145 10504 13493
10504 13493 22145
13493 10504 22145
19062 7666 16962
7666 16962 19062
16962 7666 19062
27816 22998 25294
25294 22998 27816
22998 25294 27816
29416 18703 19551
19551 18703 29416
18703 19551 29416
15265 6330 25664
25664 6330 15265
6330 15265 25664
25832 20967 21821
21821 20967 25832
20967 21821 25832
9417 12788 28815
12788 9417 28815
28815 9417 12788
1514 237 10249
237 1514 10249
10249 237 1514
14815 16602 28291
16602 14815 28291
28291 14815 16602
13400 2156 28484
28484 2156 13400
2156 13400 28484
26894 24912 26843
26843 24912 26894
24912 26843 26894
15758 327 14905
14905 327 15758
327 14905 15758
27940 408 11398
11398 408 27940
408 11398 27940
484 4096 17237
4096 484 17237
17237 484 4096
17738 6818 8185
8185 6818 17738
6818 8185 17738
25800 15285 28921
15285 25800 28921
28921 15285 25800
9556 11037 18553
18553 9556 11037
11037 9556 18553
2660 7348 15143
15143 2660 7348
7348 2660 15143
7850 4478 20621
20621 4478 7850
4478 7850 20621
20300 17419 21973
17419 20300 21973
21973 17419 20300
3519 8965 23280
8965 3519 23280
23280 3519 8965
5586 12104 20471
20471 5586 12104
12104 5586 20471
29299 10033 12068
10033 12068 29299
12068 10033 29299
20922 6939 9985
9985 6939 20922
6939 9985 20922
20011 3412 23342
23342 3412 20011
3412 20011 23342
2981 10884 15282
10884 2981 15282
15282 2981 10884
4022 11300 18745
18745 4022 11300
11300 4022 18745
2823 5938 21570
5938 2823 21570
21570 2823 5938
5188 6087 9517
6087 5188 9517
9517 5188 6087
9803 16137 17125
16137 9803 17125
17125 9803 16137
28623 5337 6952
5337 6952 28623
6952 5337 28623
18187 18047 23123
18047 18187 23123
23123 18047 18187
6200 3515 10661
10661 3515 6200
3515 6200 10661
15455 5212 10528
5212 10528 15455
10528 5212 15455
16910 4488 5803
4488 5803 16910
5803 4488 16910
61 782 4085
782 61 4085
4085 61 782
23570 5705 16593
16593 5705 23570
5705 16593 23570
3868 1107 16456
16456 1107 3868
1107 3868 16456
1552 23612 28456
28456 1552 23612
23612 1552 28456
19238 6865 29772
29772 6865 19238
6865 19238 29772
10826 10101 12840
12840 10101 10826
10101 10826 12840
9612 10958 18275
18275 9612 10958
10958 9612 18275
2287 10932 25949
25949 2287 10932
10932 2287 25949
19092 12268 17558
17558 12268 19092
12268 17558 19092
24160 875 27236
875 24160 27236
27236 875 24160
21275 1115 18056
1115 18056 21275
18056 1115 21275
3362 11725 23820
11725 3362 23820
23820 3362 11725
29100 25613 27176
27176 25613 29100
25613 27176 29100
6390 9342 9418
9342 6390 9418
9418 6390 9342
5524 18192 19531
18192 5524 19531
19531 5524 18192
23838 11908 23625
23625 11908 23838
11908 23625 23838
29421 257 10044
257 10044 29421
10044 257 29421
17657 26554 28796
26554 17657 28796
28796 17657 26554
9796 6491 21357
21357 6491 9796
6491 9796 21357
866 16601 26937
16601 866 26937
26937 866 16601
13436 21653 23695
21653 13436 23695
23695 13436 21653
2705 6974 9710
9710 2705 6974
6974 2705 9710
25264 2124 8364
2124 8364 25264
8364 2124 25264
28247 5463 12886
5463 12886 28247
12886 5463 28247
17890 9795 13652
9795 13652 17890
13652 9795 17890
12402 6070 14822
6070 12402 14822
14822 6070 12402
12219 1835 10964
1835 10964 12219
10964 1835 12219
16331 18640 23511
23511 16331 18640
18640 16331 23511
8096 571 22682
22682 571 8096
571 8096 22682
10538 3121 16162
3121 10538 16162
16162 3121 10538
27801 19413 22315
19413 22315 27801
22315 19413 27801
19503 1955 3727
3727 1955 19503
1955 3727 19503
8648 24607 27758
24607 8648 27758
27758 8648 24607
3600 8709 22406
22406 3600 8709
8709 3600 22406
18113 4060 28891
4060 18113 28891
28891 4060 18113
6033 44 8008
44 6033 8008
8008 44 6033
7956 10558 16555
16555 7956 10558
10558 7956 16555
20067 1951 19721
19721 1951 20067
1951 19721 20067
27440 2944 26901
26901 2944 27440
2944 26901 27440
6121 1207 28717
28717 1207 6121
1207 6121 28717
27792 9096 25722
25722 9096 27792
9096 25722 27792
29657 802 29407
802 29407 29657
29407 802 29657
29392 11544 14867
11544 14867 29392
14867 11544 29392
15325 6318 19839
19839 6318 15325
6318 15325 19839
15029 5223 21381
21381 5223 15029
5223 15029 21381
12900 2070 29769
29769 2070 12900
2070 12900 29769
11076 14557 20457
14557 11076 20457
20457 11076 14557
3840 18639 21209
18639 3840 21209
21209 3840 18639
3928 9047 28571
28571 3928 9047
9047 3928 28571
9555 18776 22323
18776 9555 22323
22323 9555 18776
745 4819 14359
4819 745 14359
14359 745 4819
26024 6573 24345
6573 24345 26024
24345 6573 26024
27471 183 19688
183 19688 27471
19688 183 27471
24291 8298 16065
16065 8298 24291
8298 16065 24291
24199 24429 27899
24429 24199 27899
27899 24199 24429
10972 3491 11088
11088 3491 10972
3491 10972 11088
23129 7220 16085
7220 16085 23129
16085 7220 23129
25459 2165 14967
14967 2165 25459
2165 14967 25459
29488 4294 13774
4294 13774 29488
13774 4294 29488
20161 18409 19509
19509 18409 20161
18409 19509 20161
16322 3676 14165
3676 14165 16322
14165 3676 16322
22508 4044 16513
4044 16513 22508
16513 4044 22508
2549 8753 23186
8753 2549 23186
23186 2549 8753
19540 8469 18121
18121 8469 19540
8469 18121 19540
23616 24800 25067
25067 23616 24800
24800 23616 25067
16455 2075 6540
6540 2075 16455
2075 6540 16455
11301 21704 28242
28242 11301 21704
21704 11301 28242
20253 9326 29133
29133 9326 20253
9326 20253 29133
11057 7963 16405
7963 11057 16405
16405 7963 11057
17037 11279 28976
11279 17037 28976
28976 11279 17037
12218 18943 22624
18943 12218 22624
22624 12218 18943
3965 6847 11898
6847 3965 11898
11898 3965 6847
1352 7998 9299
7998 1352 9299
9299 1352 7998
16254 18596 29912
18596 16254 29912
29912 16254 18596
6770 6823 10148
10148 6770 6823
6823 6770 10148
10244 1381 4733
1381 4733 10244
4733 1381 10244
12489 4676 29399
4676 12489 29399
29399 4676 12489
26017 15544 26875
26875 15544 26017
15544 26017 26875
4440 5975 29793
5975 4440 29793
29793 4440 5975
9843 10716 23532
10716 9843 23532
23532 9843 10716
11415 16670 21528
16670 11415 21528
21528 11415 16670
4451 4895 25293
25293 4451 4895
4895 4451 25293
29648 8275 24864
24864 8275 29648
8275 24864 29648
24534 8668 25803
8668 24534 25803
25803 8668 24534
20608 11348 29509
29509 11348 20608
11348 20608 29509
7024 15944 27910
15944 7024 27910
27910 7024 15944
14179 8583 14519
8583 14179 14519
14519 8583 14179
20829 1684 5685
1684 5685 20829
5685 1684 20829
26028 14360 15985
14360 15985 26028
15985 14360 26028
7286 314 24103
24103 314 7286
314 7286 24103
1382 27646 29364
27646 1382 29364
29364 1382 27646
19535 23627 26760
26760 19535 23627
23627 19535 26760
9002 2651 7697
2651 7697 9002
7697 2651 9002
1075 5450 13837
5450 1075 13837
13837 1075 5450
10135 5921 12294
5921 10135 12294
12294 5921 10135
23101 2518 16729
16729 2518 23101
2518 16729 23101
14578 12835 28226
12835 14578 28226
28226 12835 14578
26565 15765 27008
15765 26565 27008
27008 15765 26565
957 9405 12652
9405 957 12652
12652 957 9405
13321 21715 22234
21715 13321 22234
22234 13321 21715
4099 6623 9699
9699 4099 6623
6623 4099 9699
12213 2765 3278
3278 2765 12213
2765 3278 12213
29222 13883 14569
13883 14569 29222
14569 13883 29222
14942 3800 22217
22217 3800 14942
3800 14942 22217
21470 16489 26511
16489 21470 26511
26511 16489 21470
5812 2108 29108
2108 5812 29108
29108 2108 5812
22621 5129 5531
5129 5531 22621
5531 5129 22621
10749 4006 17964
17964 4006 10749
4006 10749 17964
29550 4618 9252
4618 9252 29550
9252 4618 29550
14657 1119 22971
22971 1119 14657
1119 14657 22971
24041 20929 24580
24580 20929 24041
20929 24041 24580
9199 4234 19928
4234 9199 19928
19928 4234 9199
17510 7029 11063
11063 7029 17510
7029 11063 17510
29362 12060 25911
25911 12060 29362
12060 25911 29362
20179 10879 24703
10879 20179 24703
24703 10879 20179
71 6995 17602
6995 71 17602
17602 71 6995
8163 19372 24165
24165 8163 19372
19372 8163 24165
23073 338 25133
338 23073 25133
25133 338 23073
19541 9124 12787
12787 9124 19541
9124 12787 19541
8280 8910 16598
8910 8280 16598
16598 8280 8910
19917 1648 28821
1648 19917 28821
28821 1648 19917
3403 10570 11867
11867 3403 10570
10570 3403 11867
11825 6696 23513
6696 11825 23513
23513 6696 11825
8788 22254 28640
22254 8788 28640
28640 8788 22254
2233 8095 14155
14155 2233 8095
8095 2233 14155
20227 3500 5600
5600 3500 20227
3500 5600 20227
7801 17027 25012
17027 7801 25012
25012 7801 17027
23083 6508 23349
23349 6508 23083
6508 23083 23349
14689 10996 14396
14396 10996 14689
10996 14396 14689
9012 4287 24660
24660 4287 9012
4287 9012 24660
5394 573 12251
12251 573 5394
573 5394 12251
2337 3566 9923
9923 2337 3566
3566 2337 9923
22136 3090 23089
3090 22136 23089
23089 3090 22136
9652 23175 29305
23175 9652 29305
29305 9652 23175
8037 6828 22290
22290 6828 8037
6828 8037 22290
22130 8779 20287
20287 8779 22130
8779 20287 22130
11813 19746 22811
22811 11813 19746
19746 11813 22811
18970 5447 7980
7980 5447 18970
5447 7980 18970
21769 9585 29348
29348 9585 21769
9585 21769 29348
18254 7491 28211
28211 7491 18254
7491 18254 28211
9421 1467 2591
1467 2591 9421
2591 1467 9421
5641 13273 26853
13273 5641 26853
26853 5641 13273
1251 21038 21450
21038 1251 21450
21450 1251 21038
13781 10243 17434
17434 10243 13781
10243 13781 17434
13163 15779 18172
15779 13163 18172
18172 13163 15779
2067 10332 26544
26544 2067 10332
10332 2067 26544
2436 3870 12038
12038 2436 3870
3870 2436 12038
8958 9348 13947
13947 8958 9348
9348 8958 13947
14422 12687 25342
12687 14422 25342
25342 12687 14422
8349 14833 15617
15617 8349 14833
14833 8349 15617
25350 9827 29220
9827 25350 29220
29220 9827 25350
1994 15399 16460
15399 1994 16460
16460 1994 15399
17933 12184 14119
12184 14119 17933
14119 12184 17933
18002 10553 10919
10919 10553 18002
10553 10919 18002
15512 16504 17946
16504 15512 17946
17946 15512 16504
966 8637 25065
25065 966 8637
8637 966 25065
13596 5033 12505
12505 5033 13596
5033 12505 13596
13626 15360 23664
15360 13626 23664
23664 13626 15360
29181 5583 19717
5583 19717 29181
19717 5583 29181
18451 12558 15899
15899 12558 18451
12558 15899 18451
24455 1002 18491
1002 18491 24455
18491 1002 24455
5367 7942 21331
7942 5367 21331
21331 5367 7942
25774 7895 10993
10993 7895 25774
7895 10993 25774
23290 8516 23899
8516 23290 23899
23899 8516 23290
2976 18587 23179
23179 2976 18587
18587 2976 23179
3304 1032 5267
1032 3304 5267
5267 1032 3304
8891 21121 26546
21121 8891 26546
26546 8891 21121
6267 8088 26992
26992 6267 8088
8088 6267 26992
24850 1999 23182
23182 1999 24850
1999 23182 24850
13122 13041 29393
29393 13041 13122
13041 13122 29393
19340 6700 22447
6700 19340 22447
22447 6700 19340
10822 3057 12968
12968 3057 10822
3057 10822 12968
6198 2501 12171
2501 6198 12171
12171 2501 6198
29760 2405 10945
10945 2405 29760
2405 10945 29760
14199 10398 23332
23332 10398 14199
10398 14199 23332
10233 6989 28573
6989 10233 28573
28573 6989 10233
3202 2934 23534
2934 3202 23534
23534 2934 3202
3694 7396 23482
7396 3694 23482
23482 3694 7396
11117 6193 19921
19921 6193 11117
6193 11117 19921
24676 23178 27048
23178 24676 27048
27048 23178 24676
29426 5777 21145
21145 5777 29426
5777 21145 29426
22864 14472 16164
14472 16164 22864
16164 14472 22864
29176 4947 5348
4947 5348 29176
5348 4947 29176
4134 8284 19399
19399 4134 8284
8284 4134 19399
29141 7734 27102
27102 7734 29141
7734 27102 29141
29692 4016 16554
16554 4016 29692
4016 16554 29692
21114 13197 29890
13197 21114 29890
29890 13197 21114
15406 6336 10920
10920 6336 15406
6336 10920 15406
9231 16433 26007
16433 9231 26007
26007 9231 16433
6971 18227 25930
18227 6971 25930
25930 6971 18227
15244 1136 19696
19696 1136 15244
1136 15244 19696
26200 17036 19027
17036 19027 26200
19027 17036 26200
26052 439 1519
439 1519 26052
1519 439 26052
8732 5385 6803
5385 6803 8732
6803 5385 8732
5891 319 29992
29992 319 5891
319 5891 29992
20855 15017 25127
15017 20855 25127
25127 15017 20855
21959 9659 12157
9659 12157 21959
12157 9659 21959
20436 11005 11682
11682 11005 20436
11005 11682 20436
19179 8041 17689
8041 17689 19179
17689 8041 19179
6780 27098 27414
27098 6780 27414
27414 6780 27098
9413 18160 25460
18160 9413 25460
25460 9413 18160
4338 3103 27872
27872 3103 4338
3103 4338 27872
21090 10778 18301
10778 18301 21090
18301 10778 21090
16463 15088 18435
15088 16463 18435
18435 15088 16463
10797 7770 9860
9860 7770 10797
7770 9860 10797
16115 3811 20876
20876 3811 16115
3811 16115 20876
18525 13265 23401
23401 13265 18525
13265 18525 23401
26178 4741 26643
4741 26178 26643
26643 4741 26178
25982 15387 25003
15387 25003 25982
25003 15387 25982
11686 16356 27901
16356 11686 27901
27901 11686 16356
29780 19149 23709
19149 23709 29780
23709 19149 29780
28716 11143 23976
23976 11143 28716
11143 23976 28716
13519 8942 21107
8942 13519 21107
21107 8942 13519
1090 11982 27505
11982 1090 27505
27505 1090 11982
22122 7078 23977
7078 22122 23977
23977 7078 22122
3541 333 19769
333 3541 19769
19769 333 3541
17745 3824 7311
3824 7311 17745
7311 3824 17745
3990 16157 28156
16157 3990 28156
28156 3990 16157
9504 13105 18080
18080 9504 13105
13105 9504 18080
29087 17017 29467
17017 29087 29467
29467 17017 29087
2286 27686 28385
27686 2286 28385
28385 2286 27686
11181 6298 26848
6298 11181 26848
26848 6298 11181
7407 5779 19353
5779 7407 19353
19353 5779 7407
17235 6317 14177
6317 14177 17235
14177 6317 17235
2643 2729 20699
2729 2643 20699
20699 2643 2729
8800 4691 10988
4691 8800 10988
10988 4691 8800
515 13633 20561
20561 515 13633
13633 515 20561
14088 4350 15734
15734 4350 14088
4350 14088 15734
10113 10396 24781
24781 10113 10396
10396 10113 24781
10812 2709 8045
2709 8045 10812
8045 2709 10812
16991 22244 28007
28007 16991 22244
22244 16991 28007
24827 4073 10201
4073 10201 24827
10201 4073 24827
24865 639 18331
18331 639 24865
639 18331 24865
3347 6555 28106
6555 3347 28106
28106 3347 6555
29484 9818 17192
9818 17192 29484
17192 9818 29484
12493 6535 9028
9028 6535 12493
6535 9028 12493
14037 17767 21726
17767 14037 21726
21726 14037 17767
26663 3594 6340
6340 3594 26663
3594 6340 26663
27372 2256 4875
4875 2256 27372
2256 4875 27372
24516 722 3051
3051 722 24516
722 3051 24516
4792 7175 28896
7175 4792 28896
28896 4792 7175
14547 2374 11833
2374 11833 14547
11833 2374 14547
17876 2614 28540
28540 2614 17876
2614 17876 28540
17039 17543 26115
26115 17039 17543
17543 17039 26115
13850 15575 25619
15575 13850 25619
25619 13850 15575
15730 9665 22410
9665 15730 22410
22410 9665 15730
24304 8916 25218
8916 24304 25218
25218 8916 24304
8042 16902 18292
18292 8042 16902
16902 8042 18292
9687 3012 11466
11466 3012 9687
3012 9687 11466
16161 3648 8022
3648 8022 16161
8022 3648 16161
20486 23785 27030
23785 20486 27030
27030 20486 23785
17541 3787 27773
27773 3787 17541
3787 17541 27773
19530 24993 27107
24993 19530 27107
27107 19530 24993
20278 10864 24148
24148 10864 20278
10864 20278 24148
3563 4259 5672
4259 3563 5672
5672 3563 4259
2066 29 9640
9640 29 2066
29 2066 9640
26398 6406 6602
6406 6602 26398
6602 6406 26398
3415 17309 17584
17584 3415 17309
17309 3415 17584
18133 7904 17930
7904 17930 18133
17930 7904 18133
29400 16240 23552
23552 16240 29400
16240 23552 29400
29228 7179 17501
7179 17501 29228
17501 7179 29228
18280 7118 20550
20550 7118 18280
7118 18280 20550
9089 114 9222
114 9089 9222
9222 114 9089
4707 16767 26248
26248 4707 16767
16767 4707 26248
6883 12938 15056
15056 6883 12938
12938 6883 15056
8220 15520 26049
15520 8220 26049
26049 8220 15520
23303 765 5782
765 5782 23303
5782 765 23303
18440 13037 13610
13037 13610 18440
13610 13037 18440
1006 18456 20569
18456 1006 20569
20569 1006 18456
23084 13164 24859
24859 13164 23084
13164 23084 24859
24526 1302 28918
1302 24526 28918
28918 1302 24526
22398 2307 22404
22404 2307 22398
2307 22398 22404
12323 3901 3927
3927 3901 12323
3901 3927 12323
23468 6432 10036
10036 6432 23468
6432 10036 23468
5408 10642 18373
18373 5408 10642
10642 5408 18373
20887 4575 19857
4575 19857 20887
19857 4575 20887
3651 10045 28377
10045 3651 28377
28377 3651 10045
27786 11984 26745
26745 11984 27786
11984 26745 27786
11402 13499 19254
13499 11402 19254
19254 11402 13499
14965 2963 21397
2963 14965 21397
21397 2963 14965
6734 1065 4709
4709 1065 6734
1065 4709 6734
29300 7536 15805
7536 15805 29300
15805 7536 29300
16023 11642 23045
11642 16023 23045
23045 11642 16023
8725 7521 24151
24151 7521 8725
7521 8725 24151
26553 9200 16948
9200 16948 26553
16948 9200 26553
1114 8642 22762
22762 1114 8642
8642 1114 22762
23598 10738 25042
25042 10738 23598
10738 23598 25042
6186 15961 20316
20316 6186 15961
15961 6186 20316
2505 12612 20446
20446 2505 12612
12612 2505 20446
21377 3706 26909
26909 3706 21377
3706 21377 26909
20768 560 27096
560 20768 27096
27096 560 20768
25195 2883 25570
25570 2883 25195
2883 25195 25570
8317 119 15035
119 8317 15035
15035 119 8317
14346 24454 28175
28175 14346 24454
24454 14346 28175
840 3494 7143
3494 840 7143
7143 840 3494
8613 6001 21257
21257 6001 8613
6001 8613 21257
4329 27151 27377
27377 4329 27151
27151 4329 27377
1081 16818 28583
28583 1081 16818
16818 1081 28583
16113 4439 23691
4439 16113 23691
23691 4439 16113
28446 16746 25688
25688 16746 28446
16746 25688 28446
650 6066 19484
19484 650 6066
6066 650 19484
7918 19262 28767
19262 7918 28767
28767 7918 19262
10801 3471 5015
5015 3471 10801
3471 5015 10801
29637 5182 16549
16549 5182 29637
5182 16549 29637
17692 12554 29567
29567 12554 17692
12554 17692 29567
15997 22051 24933
22051 15997 24933
24933 15997 22051
25068 82 25873
25873 82 25068
82 25068 25873
28983 6670 28685
28685 6670 28983
6670 28685 28983
7828 10191 13569
10191 7828 13569
13569 7828 10191
5255 3529 13348
13348 3529 5255
3529 5255 13348
12849 23103 27512
27512 12849 23103
23103 12849 27512
27183 18090 29088
18090 27183 29088
29088 18090 27183
16773 1933 6188
6188 1933 16773
1933 6188 16773
381 4137 26740
4137 381 26740
26740 381 4137
22501 10844 18074
18074 10844 22501
10844 18074 22501
10169 448 29445
29445 448 10169
448 10169 29445
5661 15483 24105
15483 5661 24105
24105 5661 15483
17665 15641 18573
15641 17665 18573
18573 15641 17665
6261 10097 22259
10097 6261 22259
22259 6261 10097
11453 4129 13972
13972 4129 11453
4129 11453 13972
18178 5589 18659
18659 5589 18178
5589 18178 18659
2355 4869 8168
4869 2355 8168
8168 2355 4869
21706 7498 12175
12175 7498 21706
7498 12175 21706
3794 10542 24517
10542 3794 24517
24517 3794 10542
2795 4581 22002
4581 2795 22002
22002 2795 4581
17984 8005 19061
8005 17984 19061
19061 8005 17984
29755 7196 23801
7196 23801 29755
23801 7196 29755
28189 7126 28131
28131 7126 28189
7126 28131 28189
8135 5568 12726
12726 5568 8135
5568 8135 12726
18460 18328 25845
18328 18460 25845
25845 18328 18460
21240 251 18646
18646 251 21240
251 18646 21240
22587 10693 22201
10693 22201 22587
22201 10693 22587
12276 10755 29138
10755 12276 29138
29138 10755 12276
19418 394 11378
11378 394 19418
394 11378 19418
29888 16034 19517
19517 16034 29888
16034 19517 29888
7691 16913 23147
23147 7691 16913
16913 7691 23147
620 17980 27812
17980 620 27812
27812 620 17980
27619 3917 11971
3917 11971 27619
11971 3917 27619
5234 3972 8540
8540 3972 5234
3972 5234 8540
27122 3608 9886
3608 9886 27122
9886 3608 27122
228 2383 16785
16785 228 2383
2383 228 16785
2544 19498 28661
28661 2544 19498
19498 2544 28661
17951 5628 18493
18493 5628 17951
5628 17951 18493
10696 11317 27549
11317 10696 27549
27549 10696 11317
15591 17000 27499
17000 15591 27499
27499 15591 17000
1400 5123 23934
23934 1400 5123
5123 1400 23934
15339 6565 13911
13911 6565 15339
6565 13911 15339
6360 5175 12619
12619 5175 6360
5175 6360 12619
22354 7648 26106
26106 7648 22354
7648 22354 26106
26521 10809 12934
12934 10809 26521
10809 12934 26521
25630 4964 17063
17063 4964 25630
4964 17063 25630
4270 18230 19415
19415 4270 18230
18230 4270 19415
15813 11464 15905
15905 11464 15813
11464 15813 15905
28143 4694 6694
4694 6694 28143
6694 4694 28143
23865 15683 23884
23884 15683 23865
15683 23865 23884
6730 8129 18065
18065 6730 8129
8129 6730 18065
23685 8520 28388
8520 23685 28388
28388 8520 23685
25506 16890 25531
16890 25506 25531
25531 16890 25506
10557 13239 20886
13239 10557 20886
20886 10557 13239
4620 11568 11816
11816 4620 11568
11568 4620 11816
29294 5669 21572
21572 5669 29294
5669 21572 29294
10274 12118 20907
12118 10274 20907
20907 10274 12118
6836 5391 28844
28844 5391 6836
5391 6836 28844
9576 10469 12833
10469 9576 12833
12833 9576 10469
25250 4852 22638
4852 22638 25250
22638 4852 25250
25557 5758 24707
24707 5758 25557
5758 24707 25557
6383 1099 20213
20213 1099 6383
1099 6383 20213
10100 13314 18008
13314 10100 18008
18008 10100 13314
11388 19250 24584
24584 11388 19250
19250 11388 24584
21437 18516 25741
25741 18516 21437
18516 21437 25741
380 916 10795
916 380 10795
10795 380 916
25672 11207 23665
23665 11207 25672
11207 23665 25672
13599 3963 19319
19319 3963 13599
3963 13599 19319
4654 329 19907
329 4654 19907
19907 329 4654
483 14033 16954
14033 483 16954
16954 483 14033
628 1733 14781
1733 628 14781
14781 628 1733
5045 1558 24400
24400 1558 5045
1558 5045 24400
29390 4495 21285
4495 21285 29390
21285 4495 29390
19633 11196 28392
11196 19633 28392
28392 11196 19633
10179 7331 29915
7331 10179 29915
29915 7331 10179
17113 27795 28969
27795 17113 28969
28969 17113 27795
28501 11267 22545
11267 22545 28501
22545 11267 28501
18562 6063 29282
6063 18562 29282
29282 6063 18562
24269 15599 21537
15599 21537 24269
21537 15599 24269
24140 5484 24288
24288 5484 24140
5484 24140 24288
28978 1657 12903
12903 1657 28978
1657 12903 28978
18643 12653 14602
14602 12653 18643
12653 14602 18643
21927 7693 19944
19944 7693 21927
7693 19944 21927
5032 652 16268
652 5032 16268
16268 652 5032
27903 6177 10859
6177 10859 27903
10859 6177 27903
5542 4397 15557
15557 4397 5542
4397 5542 15557
21029 5534 27915
27915 5534 21029
5534 21029 27915
8370 5031 29322
5031 8370 29322
29322 5031 8370
3282 24158 29042
29042 3282 24158
24158 3282 29042
16441 20857 25401
25401 16441 20857
20857 16441 25401
5362 14891 24658
14891 5362 24658
24658 5362 14891
3739 22342 27978
27978 3739 22342
22342 3739 27978
13148 10236 29432
29432 10236 13148
10236 13148 29432
25113 20942 28086
28086 20942 25113
20942 25113 28086
758 6929 14599
6929 758 14599
14599 758 6929
106 10102 24969
10102 106 24969
24969 106 10102
27939 12311 14686
12311 14686 27939
14686 12311 27939
22106 10288 26956
26956 10288 22106
10288 22106 26956
19643 11217 26502
26502 11217 19643
11217 19643 26502
23540 1228 27381
27381 1228 23540
1228 23540 27381
5598 2728 5517
2728 5517 5598
5517 2728 5598
28795 11417 17388
17388 11417 28795
11417 17388 28795
14476 14065 23643
23643 14065 14476
14065 14476 23643
21575 3889 28950
3889 21575 28950
28950 3889 21575
28379 15260 18969
18969 15260 28379
15260 18969 28379
26781 2201 21457
21457 2201 26781
2201 21457 26781
19727 873 12724
873 12724 19727
12724 873 19727
17757 16205 26251
26251 16205 17757
16205 17757 26251
18217 10777 24716
10777 18217 24716
24716 10777 18217
6740 2861 17024
2861 6740 17024
17024 2861 6740
150 3678 26195
26195 150 3678
3678 150 26195
20841 7253 28881
28881 7253 20841
7253 20841 28881
16082 20151 28609
20151 16082 28609
28609 16082 20151
2763 10723 12481
12481 2763 10723
10723 2763 12481
4228 18817 20807
18817 4228 20807
20807 4228 18817
24930 12071 20173
12071 20173 24930
20173 12071 24930
25973 11333 28026
28026 11333 25973
11333 25973 28026
22464 27207 28425
28425 22464 27207
27207 22464 28425
16235 11485 20786
20786 11485 16235
11485 16235 20786
21878 8992 28731
8992 21878 28731
28731 8992 21878
2037 20764 21204
20764 2037 21204
21204 2037 20764
7605 10512 21622
10512 7605 21622
21622 7605 10512
9914 7085 24082
24082 7085 9914
7085 9914 24082
15293 8286 20771
8286 15293 20771
20771 8286 15293
6204 10997 16375
16375 6204 10997
10997 6204 16375
4902 14178 25704
25704 4902 14178
14178 4902 25704
9552 6509 25255
25255 6509 9552
6509 9552 25255
21133 5183 29761
29761 5183 21133
5183 21133 29761
17384 5646 14219
14219 5646 17384
5646 14219 17384
5817 12125 26791
12125 5817 26791
26791 5817 12125
16171 1442 16526
16526 1442 16171
1442 16171 16526
20889 17407 25268
25268 17407 20889
17407 20889 25268
4138 8747 15619
15619 4138 8747
8747 4138 15619
7518 7434 24743
24743 7434 7518
7434 7518 24743
13903 437 26039
26039 437 13903
437 13903 26039
19751 29848 29905
29848 19751 29905
29905 19751 29848
8450 1188 4173
1188 4173 8450
4173 1188 8450
17174 7833 12736
12736 7833 17174
7833 12736 17174
25351 8350 18333
18333 8350 25351
8350 18333 25351
3042 12783 17335
17335 3042 12783
12783 3042 17335
24796 7689 9664
9664 7689 24796
7689 9664 24796
10508 19154 22103
19154 10508 22103
22103 10508 19154
9883 3882 13538
3882 9883 13538
13538 3882 9883
10635 11355 18839
11355 10635 18839
18839 10635 11355
27608 12742 29007
12742 27608 29007
29007 12742 27608
23171 9513 26452
26452 9513 23171
9513 23171 26452
12016 9655 22303
22303 9655 12016
9655 12016 22303
18732 17184 27891
27891 17184 18732
17184 18732 27891
9531 914 10923
914 9531 10923
10923 914 9531
17077 17931 23199
23199 17077 17931
17931 17077 23199
29420 1798 17660
1798 17660 29420
17660 1798 29420
7551 4821 17753
17753 4821 7551
4821 7551 17753
26198 3861 8619
8619 3861 26198
3861 8619 26198
13955 4899 26357
4899 13955 26357
26357 4899 13955
24138 983 26811
983 24138 26811
26811 983 24138
8686 18915 24948
18915 8686 24948
24948 8686 18915
11596 10141 14814
14814 10141 11596
10141 11596 14814
16975 3862 6870
6870 3862 16975
3862 6870 16975
6816 6132 19337
19337 6132 6816
6132 6816 19337
4460 3123 22470
22470 3123 4460
3123 4460 22470
3945 20420 21341
20420 3945 21341
21341 3945 20420
15212 3281 5303
5303 3281 15212
3281 5303 15212
5989 8254 16024
16024 5989 8254
8254 5989 16024
27766 15968 17502
17502 15968 27766
15968 17502 27766
18922 11735 23438
23438 11735 18922
11735 18922 23438
18833 9183 17710
17710 9183 18833
9183 17710 18833
14952 6932 27647
27647 6932 14952
