98 13 290
290 13 98
13 98 290
40 57 285
285 40 57
57 40 285
19 2 100
2 19 100
100 2 19
163 96 284
96 163 284
284 96 163
51 146 238
146 51 238
238 51 146
113 256 258
258 113 256
256 113 258
89 12 52
52 12 89
12 52 89
114 162 176
176 114 162
162 114 176
137 248 300
300 137 248
248 137 300
181 229 254
229 181 254
254 181 229
171 253 265
265 171 253
253 171 265
90 63 270
270 63 90
63 90 270
262 22 122
122 22 262
22 122 262
21 170 283
283 21 170
170 21 283
293 97 244
97 244 293
244 97 293
120 102 228
228 102 120
102 120 228
203 95 197
95 197 203
197 95 203
218 179 195
195 179 218
179 195 218
4 93 257
93 4 257
257 4 93
56 20 108
20 56 108
108 20 56
200 153 243
153 200 243
243 153 200
134 207 235
235 134 207
207 134 235
186 38 125
125 38 186
38 125 186
50 123 189
189 50 123
123 50 189
196 87 147
147 87 196
87 147 196
280 148 193
193 148 280
148 193 280
9 241 272
272 9 241
241 9 272
68 43 112
112 43 68
43 68 112
55 17 49
49 17 55
17 49 55
44 121 145
145 44 121
121 44 145
34 48 74
74 34 48
48 34 74
30 158 276
276 30 158
158 30 276
232 83 252
252 83 232
83 232 252
131 115 188
188 115 131
115 131 188
142 174 210
174 142 210
210 142 174
264 104 225
225 104 264
104 225 264
78 33 251
251 33 78
33 78 251
111 91 165
91 111 165
165 91 111
15 66 208
66 15 208
208 15 66
185 61 287
287 61 185
61 185 287
166 67 222
67 166 222
222 67 166
246 159 233
159 233 246
233 159 246
143 3 152
152 3 143
3 143 152
101 182 271
182 101 271
271 101 182
132 81 161
81 132 161
161 81 132
155 41 204
204 41 155
41 155 204
227 154 220
220 154 227
154 220 227
201 202 268
202 201 268
268 201 202
149 26 198
26 149 198
198 26 149
71 54 273
54 71 273
273 54 71
279 136 212
136 212 279
212 136 279
80 156 217
217 80 156
156 80 217
119 6 116
6 116 119
116 6 119
299 221 263
221 263 299
263 221 299
23 35 214
214 23 35
35 23 214
58 37 150
150 37 58
37 58 150
59 160 231
231 59 160
160 59 231
82 62 144
62 82 144
144 62 82
295 28 298
298 28 295
28 295 298
117 172 183
172 117 183
183 117 172
213 42 236
236 42 213
42 213 236
230 103 133
133 103 230
103 133 230
187 88 294
294 88 187
88 187 294
224 177 289
289 177 224
177 224 289
237 10 288
288 10 237
10 237 288
277 16 45
45 16 277
16 45 277
259 168 269
269 168 259
168 259 269
215 194 239
239 194 215
194 215 239
184 94 128
128 94 184
94 128 184
178 76 92
76 92 178
92 76 178
199 29 75
29 75 199
75 29 199
11 77 296
77 11 296
296 11 77
260 109 206
109 206 260
206 109 260
18 24 107
24 18 107
107 18 24
118 8 106
8 106 118
106 8 118
291 39 124
124 39 291
39 124 291
140 46 234
46 140 234
234 46 140
281 79 139
139 79 281
79 139 281
110 105 211
211 105 110
105 110 211
255 1 261
1 255 261
261 1 255
267 86 175
86 175 267
175 86 267
169 7 85
85 7 169
7 85 169
64 205 278
205 64 278
278 64 205
130 242 275
242 130 275
275 130 242
173 245 247
245 173 247
247 173 245
47 164 240
240 47 164
164 47 240
209 282 297
297 209 282
282 209 297
249 84 274
84 249 274
274 84 249
70 141 167
167 70 141
141 70 167
60 72 192
192 60 72
72 60 192
191 27 216
216 27 191
27 191 216
180 53 69
53 69 180
69 53 180
292 31 65
65 31 292
31 65 292
286 14 157
14 157 286
157 14 286
32 73 126
126 32 73
73 32 126
266 5 135
5 135 266
135 5 266
138 226 250
226 138 250
250 138 226
190 127 129
127 129 190
129 127 190
151 99 223
99 151 223
223 99 151
36 25 219
219 25 36
25 36 219
