420 1371 2162
1371 420 2162
2162 420 1371
135 1020 2113
1020 135 2113
2113 135 1020
2934 53 2709
53 2709 2934
2709 53 2934
1189 247 943
247 943 1189
943 247 1189
2944 1018 1559
1018 1559 2944
1559 1018 2944
1615 133 545
545 133 1615
133 545 1615
387 144 2891
2891 144 387
144 387 2891
1663 688 1056
688 1056 1663
1056 688 1663
138 425 2948
2948 138 425
425 138 2948
2383 24 1019
1019 24 2383
24 1019 2383
2500 1142 2193
2193 1142 2500
1142 2193 2500
551 931 1003
931 551 1003
1003 551 931
2242 2027 2539
2539 2027 2242
2027 2242 2539
944 933 1915
1915 933 944
933 944 1915
735 926 2413
2413 735 926
926 735 2413
1893 518 619
619 518 1893
518 619 1893
2605 1145 2760
2760 1145 2605
1145 2605 2760
2115 1099 2887
2887 1099 2115
1099 2115 2887
2156 1321 2510
1321 2156 2510
2510 1321 2156
1739 364 2090
2090 364 1739
364 1739 2090
114 2832 2964
2964 114 2832
2832 114 2964
174 1530 2515
2515 174 1530
1530 174 2515
2232 850 2262
2262 850 2232
850 2232 2262
2723 1249 1355
1249 1355 2723
1355 1249 2723
2716 792 1087
792 1087 2716
1087 792 2716
2117 80 1369
80 1369 2117
1369 80 2117
1756 329 1811
329 1756 1811
1811 329 1756
2007 1356 2943
2943 1356 2007
1356 2007 2943
1423 890 1437
1437 890 1423
890 1423 1437
1411 547 1617
547 1411 1617
1617 547 1411
880 845 918
918 845 880
845 880 918
1757 461 1828
461 1757 1828
1828 461 1757
1709 88 1515
88 1515 1709
1515 88 1709
1500 34 36
34 36 1500
36 34 1500
2960 2275 2923
2275 2923 2960
2923 2275 2960
485 1209 1238
1238 485 1209
1209 485 1238
2566 267 2935
267 2566 2935
2935 267 2566
1719 12 1738
1738 12 1719
12 1719 1738
2409 75 1351
75 1351 2409
1351 75 2409
1496 373 1381
1381 373 1496
373 1381 1496
835 680 2555
2555 680 835
680 835 2555
1925 1072 2063
2063 1072 1925
1072 1925 2063
1454 211 1524
211 1454 1524
1524 211 1454
2919 55 184
184 55 2919
55 184 2919
2584 623 2195
2195 623 2584
623 2195 2584
2307 1310 1688
1688 1310 2307
1310 1688 2307
1360 2064 2211
2211 1360 2064
2064 1360 2211
1326 1587 1920
1587 1326 1920
1920 1326 1587
1273 2146 2706
2706 1273 2146
2146 1273 2706
438 110 2817
110 438 2817
2817 110 438
2586 519 2913
2913 519 2586
519 2586 2913
2671 1957 2251
1957 2251 2671
2251 1957 2671
2011 1042 1419
1042 1419 2011
1419 1042 2011
311 463 1406
463 311 1406
1406 311 463
1923 2053 2529
2053 1923 2529
2529 1923 2053
1105 1205 1678
1678 1105 1205
1205 1105 1678
357 1200 1988
1200 357 1988
1988 357 1200
1045 1600 2015
2015 1045 1600
1600 1045 2015
2488 1473 2265
2265 1473 2488
1473 2265 2488
784 353 496
496 353 784
353 496 784
252 749 924
924 252 749
749 252 924
653 1173 1618
1618 653 1173
1173 653 1618
2603 224 2203
2203 224 2603
224 2203 2603
2016 1767 2449
2449 1767 2016
1767 2016 2449
107 214 417
214 107 417
417 107 214
130 1648 2872
1648 130 2872
2872 130 1648
259 570 2889
2889 259 570
570 259 2889
529 546 1601
546 529 1601
1601 529 546
877 1429 1702
1702 877 1429
1429 877 1702
2131 503 2750
503 2131 2750
2750 503 2131
412 2384 2999
2999 412 2384
2384 412 2999
2076 765 1167
765 1167 2076
1167 765 2076
895 1157 1190
1190 895 1157
1157 895 1190
2622 1563 2305
2305 1563 2622
1563 2305 2622
277 238 2069
2069 238 277
238 277 2069
1866 1802 2357
2357 1802 1866
1802 1866 2357
1319 150 526
150 526 1319
526 150 1319
857 1497 2177
1497 857 2177
2177 857 1497
797 1755 2655
2655 797 1755
1755 797 2655
567 975 2346
2346 567 975
975 567 2346
891 533 2084
2084 533 891
533 891 2084
1788 175 2660
175 1788 2660
2660 175 1788
826 1552 2123
1552 826 2123
2123 826 1552
1276 1789 2826
2826 1276 1789
1789 1276 2826
1999 2127 2983
2127 1999 2983
2983 1999 2127
1612 263 1630
263 1612 1630
1630 263 1612
2143 494 2314
2314 494 2143
494 2143 2314
2633 966 1645
966 1645 2633
1645 966 2633
2850 564 1921
1921 564 2850
564 1921 2850
1 994 1941
1941 1 994
994 1 1941
887 808 848
848 808 887
808 848 887
2560 1686 1832
1832 1686 2560
1686 1832 2560
1966 106 1262
106 1262 1966
1262 106 1966
2208 1243 1318
1243 1318 2208
1318 1243 2208
2729 1270 1981
1981 1270 2729
1270 1981 2729
1602 2369 2623
2369 1602 2623
2623 1602 2369
954 312 2610
2610 312 954
312 954 2610
2831 824 2293
2293 824 2831
824 2293 2831
2793 210 1221
210 1221 2793
1221 210 2793
2879 456 1526
1526 456 2879
456 1526 2879
2503 33 1967
1967 33 2503
33 1967 2503
1835 2509 2565
2565 1835 2509
2509 1835 2565
2932 168 2629
168 2629 2932
2629 168 2932
2676 481 905
481 905 2676
905 481 2676
781 643 2458
643 781 2458
2458 643 781
2331 1233 2839
2839 1233 2331
1233 2331 2839
2207 1269 2087
2087 1269 2207
1269 2087 2207
2180 1131 2009
1131 2009 2180
2009 1131 2180
347 2582 2990
2582 347 2990
2990 347 2582
60 1324 2776
1324 60 2776
2776 60 1324
2653 243 1508
1508 243 2653
243 1508 2653
667 920 2310
920 667 2310
2310 667 920
683 115 1783
115 683 1783
1783 115 683
2428 841 1825
841 1825 2428
1825 841 2428
1030 332 1577
332 1030 1577
1577 332 1030
681 283 502
283 502 681
502 283 681
1022 1917 2490
2490 1022 1917
1917 1022 2490
2037 989 2246
989 2037 2246
2246 989 2037
2367 104 2705
2705 104 2367
104 2367 2705
574 884 1225
884 574 1225
1225 574 884
2181 2528 2917
2528 2181 2917
2917 2181 2528
2125 431 2918
431 2125 2918
2918 431 2125
1308 1622 2155
2155 1308 1622
1622 1308 2155
1254 208 2899
208 1254 2899
2899 208 1254
51 669 2636
669 51 2636
2636 51 669
1438 2505 2674
2674 1438 2505
2505 1438 2674
1346 796 1479
796 1346 1479
1479 796 1346
1878 1912 1944
1944 1878 1912
1912 1878 1944
109 743 2746
2746 109 743
743 109 2746
1558 813 1409
813 1409 1558
1409 813 1558
89 995 2947
2947 89 995
995 89 2947
2631 580 1084
580 1084 2631
1084 580 2631
233 923 1264
923 233 1264
1264 233 923
2274 1410 1672
1672 1410 2274
1410 1672 2274
1854 803 2641
803 1854 2641
2641 803 1854
2506 1137 2430
1137 2430 2506
2430 1137 2506
1188 1005 1913
1913 1005 1188
1005 1188 1913
1541 73 1230
73 1230 1541
1230 73 1541
2035 78 2868
2868 78 2035
78 2035 2868
203 282 1107
282 203 1107
1107 203 282
1158 1367 1392
1392 1158 1367
1367 1158 1392
1560 1608 2388
1608 1560 2388
2388 1560 1608
2091 1416 1865
1416 1865 2091
1865 1416 2091
2742 806 1950
1950 806 2742
806 1950 2742
2478 780 2467
780 2467 2478
2467 780 2478
1845 1975 2404
1975 1845 2404
2404 1845 1975
1088 177 1261
177 1088 1261
1261 177 1088
1911 1833 2749
2749 1833 1911
1833 1911 2749
1078 758 2491
758 1078 2491
2491 758 1078
1453 371 1521
1521 371 1453
371 1453 1521
695 736 930
930 695 736
736 695 930
1673 1867 1930
1930 1673 1867
1867 1673 1930
2187 83 976
976 83 2187
83 976 2187
287 1964 2078
2078 287 1964
1964 287 2078
1495 1787 1847
1847 1495 1787
1787 1495 1847
1250 525 1413
1413 525 1250
525 1250 1413
1342 121 1119
1119 121 1342
121 1119 1342
542 660 2051
2051 542 660
660 542 2051
1216 172 389
172 389 1216
389 172 1216
816 583 590
583 590 816
590 583 816
1375 687 1226
1226 687 1375
687 1226 1375
2950 552 2054
552 2054 2950
2054 552 2950
1590 602 2133
2133 602 1590
602 1590 2133
76 2173 2737
2173 76 2737
2737 76 2173
359 1198 2718
2718 359 1198
1198 359 2718
2364 1218 1347
1347 1218 2364
1218 1347 2364
154 945 1427
1427 154 945
945 154 1427
1737 266 528
266 528 1737
528 266 1737
2869 1069 1604
1069 1604 2869
1604 1069 2869
2562 2250 2847
2847 2250 2562
2250 2562 2847
2381 1929 2892
1929 2381 2892
2892 1929 2381
2708 185 2396
185 2396 2708
2396 185 2708
315 2049 2982
2982 315 2049
2049 315 2982
2039 235 1461
1461 235 2039
235 1461 2039
2252 798 2231
2231 798 2252
798 2231 2252
2347 1300 1417
1417 1300 2347
1300 1417 2347
2060 1511 2619
2619 1511 2060
1511 2060 2619
875 1361 2756
2756 875 1361
1361 875 2756
3 85 2227
85 3 2227
2227 3 85
1568 2230 2733
2733 1568 2230
2230 1568 2733
1329 1316 2794
1316 1329 2794
2794 1316 1329
1368 268 1035
1035 268 1368
268 1035 1368
2941 1286 1953
1286 1953 2941
1953 1286 2941
753 1213 2434
2434 753 1213
1213 753 2434
515 167 1032
1032 167 515
167 515 1032
618 446 783
783 446 618
446 618 783
450 778 1255
778 450 1255
1255 450 778
1754 867 1740
867 1740 1754
1740 867 1754
1404 1586 2496
1586 1404 2496
2496 1404 1586
2345 419 504
504 419 2345
419 504 2345
2372 465 1441
1441 465 2372
465 1441 2372
1718 2299 2852
2852 1718 2299
2299 1718 2852
2176 969 2294
2294 969 2176
969 2176 2294
957 345 1151
345 957 1151
1151 345 957
2796 220 1572
1572 220 2796
220 1572 2796
825 318 2648
2648 318 825
318 825 2648
2958 421 1664
421 1664 2958
1664 421 2958
1399 63 1993
1993 63 1399
63 1399 1993
2447 981 1701
1701 981 2447
981 1701 2447
2349 929 2902
929 2349 2902
2902 929 2349
215 437 1482
1482 215 437
437 215 1482
1081 911 2867
2867 911 1081
911 1081 2867
435 2276 2460
2276 435 2460
2460 435 2276
430 873 1567
1567 430 873
873 430 1567
776 1583 2192
2192 776 1583
1583 776 2192
225 46 368
46 225 368
368 46 225
1765 382 1266
382 1266 1765
1266 382 1765
2504 377 2395
377 2395 2504
2395 377 2504
1864 1132 2632
1132 1864 2632
2632 1132 1864
2620 1629 2426
1629 2426 2620
2426 1629 2620
2480 123 253
123 253 2480
253 123 2480
274 1708 1790
1790 274 1708
1708 274 1790
40 1010 2313
1010 40 2313
2313 40 1010
2271 1970 2571
1970 2271 2571
2571 1970 2271
2361 1455 2650
2650 1455 2361
1455 2361 2650
2497 1658 2052
2052 1658 2497
1658 2052 2497
2154 1513 2863
2863 1513 2154
1513 2154 2863
1008 585 2399
585 1008 2399
2399 585 1008
276 1015 1996
1996 276 1015
1015 276 1996
472 1528 2994
2994 472 1528
1528 472 2994
1499 1661 2699
1661 1499 2699
2699 1499 1661
2628 492 1197
492 1197 2628
1197 492 2628
1121 2245 2616
2245 1121 2616
2616 1121 2245
416 970 2362
970 416 2362
2362 416 970
1185 712 2532
712 1185 2532
2532 712 1185
2890 1507 2897
2897 1507 2890
1507 2890 2897
16 2371 2416
2416 16 2371
2371 16 2416
692 134 2270
2270 134 692
134 692 2270
1053 1328 2701
1328 1053 2701
2701 1053 1328
1646 1974 2220
2220 1646 1974
1974 1646 2220
2407 4 1314
4 1314 2407
1314 4 2407
731 1352 2256
1352 731 2256
2256 731 1352
2763 1245 2432
2432 1245 2763
1245 2432 2763
413 354 684
684 354 413
354 413 684
2609 330 1514
1514 330 2609
330 1514 2609
228 434 1807
1807 228 434
434 228 1807
2356 165 2556
165 2356 2556
2556 165 2356
1510 1597 2762
2762 1510 1597
1597 1510 2762
673 1841 2375
1841 673 2375
2375 673 1841
657 90 2707
2707 90 657
90 657 2707
2840 37 1628
1628 37 2840
37 1628 2840
1483 2801 2956
2801 1483 2956
2956 1483 2801
960 1715 2099
2099 960 1715
1715 960 2099
704 973 1425
973 704 1425
1425 704 973
1763 1043 2439
2439 1043 1763
1043 1763 2439
2486 399 1120
1120 399 2486
399 1120 2486
1098 1741 2922
1741 1098 2922
2922 1098 1741
764 1196 1795
1196 764 1795
1795 764 1196
1963 1502 1952
1952 1502 1963
1502 1952 1963
1654 642 1896
642 1654 1896
1896 642 1654
2495 729 1139
1139 729 2495
729 1139 2495
1771 715 795
795 715 1771
715 795 1771
2651 1354 2161
2161 1354 2651
1354 2161 2651
902 742 1649
742 902 1649
1649 742 902
587 1710 1995
1995 587 1710
1710 587 1995
1284 1724 2079
2079 1284 1724
1724 1284 2079
2782 1374 2141
1374 2141 2782
2141 1374 2782
1665 166 1520
1520 166 1665
166 1520 1665
1744 531 2114
531 1744 2114
2114 531 1744
392 1345 2829
1345 392 2829
2829 392 1345
1620 809 2554
809 1620 2554
2554 809 1620
170 48 285
285 48 170
48 170 285
2295 1166 1899
1899 1166 2295
1166 1899 2295
2005 1529 1594
1529 1594 2005
1594 1529 2005
2519 734 1222
734 1222 2519
1222 734 2519
2689 360 2105
360 2105 2689
2105 360 2689
2229 1112 2492
1112 2229 2492
2492 1112 2229
128 478 1805
478 128 1805
1805 128 478
2806 2179 2822
2179 2806 2822
2822 2179 2806
236 666 737
666 236 737
737 236 666
30 939 2178
2178 30 939
939 30 2178
1623 129 863
863 129 1623
129 863 1623
2836 351 2214
351 2214 2836
2214 351 2836
1372 1574 1652
1574 1372 1652
1652 1372 1574
2666 782 1717
1717 782 2666
782 1717 2666
2992 248 1117
248 1117 2992
1117 248 2992
262 805 2530
805 262 2530
2530 262 805
2306 1141 1387
1387 1141 2306
1141 1387 2306
458 1169 2549
1169 458 2549
2549 458 1169
1908 719 2082
719 1908 2082
2082 719 1908
1785 146 2454
146 1785 2454
2454 146 1785
1144 1848 2861
1848 1144 2861
2861 1144 1848
81 2427 2778
2427 81 2778
2778 81 2427
148 400 2755
2755 148 400
400 148 2755
2802 2072 2834
2072 2802 2834
2834 2072 2802
2370 156 2985
156 2370 2985
2985 156 2370
1544 541 1538
541 1538 1544
1538 541 1544
487 1522 2835
1522 487 2835
2835 487 1522
314 490 2343
2343 314 490
490 314 2343
1223 512 1575
1575 512 1223
512 1223 1575
221 227 1224
227 221 1224
1224 221 227
982 788 2223
2223 788 982
788 982 2223
556 2160 2524
2524 556 2160
2160 556 2524
1517 693 1888
693 1517 1888
1888 693 1517
2856 58 815
58 815 2856
815 58 2856
2668 1625 2284
1625 2284 2668
2284 1625 2668
52 2136 2376
2136 52 2376
2376 52 2136
2745 2216 2965
2216 2745 2965
2965 2216 2745
1362 2281 2564
2564 1362 2281
2281 1362 2564
2184 295 308
308 295 2184
295 308 2184
2034 1907 2625
1907 2034 2625
2625 1907 2034
2191 56 1065
1065 56 2191
56 1065 2191
838 142 2142
142 838 2142
2142 142 838
2667 804 2909
2909 804 2667
804 2667 2909
1751 1553 2068
1553 1751 2068
2068 1553 1751
997 1400 1863
1400 997 1863
1863 997 1400
598 296 1124
1124 296 598
296 598 1124
153 1713 2520
2520 153 1713
1713 153 2520
1172 8 1365
8 1172 1365
1365 8 1172
2954 620 1690
620 1690 2954
1690 620 2954
409 176 1186
1186 176 409
176 409 1186
1257 447 1212
1212 447 1257
447 1212 1257
843 670 1682
670 843 1682
1682 670 843
269 537 2041
2041 269 537
537 269 2041
2477 459 2081
459 2081 2477
2081 459 2477
2308 1388 1459
1388 1459 2308
1459 1388 2308
2433 1195 2186
2186 1195 2433
1195 2186 2433
934 2645 2903
2645 934 2903
2903 934 2645
906 1330 2803
1330 906 2803
2803 906 1330
1830 488 1430
488 1430 1830
1430 488 1830
1232 1228 2788
2788 1228 1232
1228 1232 2788
2031 2368 2768
2768 2031 2368
2368 2031 2768
62 833 2278
2278 62 833
833 62 2278
1478 470 2740
2740 470 1478
470 1478 2740
201 990 1451
1451 201 990
990 201 1451
2405 346 1537
1537 346 2405
346 1537 2405
1445 1573 1761
1761 1445 1573
1573 1445 1761
64 787 2721
787 64 2721
2721 64 787
2225 894 1804
1804 894 2225
894 1804 2225
1691 1259 1549
1549 1259 1691
1259 1549 1691
2905 1176 2741
2741 1176 2905
1176 2741 2905
2649 936 999
936 999 2649
999 936 2649
2329 612 2042
612 2042 2329
2042 612 2329
2531 35 1047
1047 35 2531
35 1047 2531
2431 1935 2466
2466 1935 2431
1935 2431 2466
1380 1644 2461
2461 1380 1644
1644 1380 2461
654 1077 1532
1077 654 1532
1532 654 1077
752 2017 2819
2819 752 2017
2017 752 2819
124 1241 2711
2711 124 1241
1241 124 2711
676 445 2639
2639 445 676
445 676 2639
790 1207 1581
1581 790 1207
1207 790 1581
2617 245 424
424 245 2617
245 424 2617
1695 370 2601
2601 370 1695
370 1695 2601
336 938 1443
1443 336 938
938 336 1443
1303 1838 1968
1968 1303 1838
1838 1303 1968
1109 1823 1842
1842 1109 1823
1823 1109 1842
2725 1376 2425
1376 2425 2725
2425 1376 2725
967 213 342
213 342 967
342 213 967
2795 1068 1808
1068 1808 2795
1808 1068 2795
1292 2698 2732
2698 1292 2732
2732 1292 2698
946 769 1643
769 946 1643
1643 769 946
2390 1971 2930
1971 2390 2930
2930 1971 2390
1486 723 2366
2366 723 1486
723 1486 2366
1711 482 1576
482 1576 1711
1576 482 1711
717 500 741
741 500 717
500 717 741
597 961 2615
961 597 2615
2615 597 961
209 61 2687
2687 61 209
61 209 2687
1129 1540 2411
2411 1129 1540
1540 1129 2411
1161 27 1939
1939 27 1161
27 1161 1939
1394 524 1130
524 1130 1394
1130 524 1394
686 1696 2328
2328 686 1696
1696 686 2328
679 415 1396
1396 415 679
415 679 1396
2597 2277 2914
2914 2277 2597
2277 2597 2914
2067 2002 2360
2360 2002 2067
2002 2067 2360
2140 1179 1813
1813 1179 2140
1179 1813 2140
2342 958 1140
1140 958 2342
958 1140 2342
381 2574 2898
2898 381 2574
2574 381 2898
2638 1373 2298
2298 1373 2638
1373 2298 2638
473 32 414
414 32 473
32 414 473
2823 1000 2551
1000 2551 2823
2551 1000 2823
2147 1589 2513
2513 1589 2147
1589 2147 2513
1097 322 562
562 322 1097
322 562 1097
2959 234 1341
1341 234 2959
234 1341 2959
1379 568 1305
1305 568 1379
568 1305 1379
2975 846 2498
2498 846 2975
846 2498 2975
1165 239 2926
2926 239 1165
239 1165 2926
2805 149 2816
2816 149 2805
149 2805 2816
2593 756 1814
756 1814 2593
1814 756 2593
258 1780 2591
2591 258 1780
1780 258 2591
2055 13 2961
13 2055 2961
2961 13 2055
1447 411 2784
2784 411 1447
411 1447 2784
2525 301 1163
1163 301 2525
301 1163 2525
1260 794 2512
2512 794 1260
794 1260 2512
1989 219 1614
219 1614 1989
1614 219 1989
2542 682 1534
1534 682 2542
682 1534 2542
2103 1079 1936
1936 1079 2103
1079 1936 2103
313 1432 2607
1432 313 2607
2607 313 1432
251 195 2518
195 251 2518
2518 195 251
2693 94 510
94 510 2693
510 94 2693
307 2150 2440
2440 307 2150
2150 307 2440
1052 299 2588
2588 299 1052
299 1052 2588
1627 554 1777
1777 554 1627
554 1627 1777
837 559 1080
1080 559 837
559 837 1080
2600 950 1414
950 1414 2600
1414 950 2600
120 1764 2397
2397 120 1764
1764 120 2397
273 257 2213
257 273 2213
2213 257 273
423 509 1026
1026 423 509
509 423 1026
2968 1265 2215
2215 1265 2968
1265 2215 2968
2966 159 2446
159 2446 2966
2446 159 2966
2092 539 1548
1548 539 2092
539 1548 2092
582 2119 2907
2907 582 2119
2119 582 2907
1104 1555 2086
1555 1104 2086
2086 1104 1555
2205 499 2056
499 2056 2205
2056 499 2205
705 396 2244
2244 396 705
396 705 2244
1606 1450 2351
1450 1606 2351
2351 1450 1606
1506 703 2285
703 1506 2285
2285 703 1506
2669 1641 2435
1641 2435 2669
2435 1641 2669
571 830 2881
830 571 2881
2881 571 830
2385 1680 2450
1680 2385 2450
2450 1680 2385
2646 1064 1556
1556 1064 2646
1064 1556 2646
608 361 1940
1940 361 608
361 608 1940
941 831 1061
1061 831 941
831 941 1061
2489 603 651
603 651 2489
651 603 2489
2911 453 727
727 453 2911
453 727 2911
915 2304 2858
2304 915 2858
2858 915 2304
69 690 1518
690 69 1518
1518 69 690
2344 611 1525
1525 611 2344
611 1525 2344
441 760 986
986 441 760
760 441 986
922 1106 2062
2062 922 1106
1106 922 2062
901 1895 2544
1895 901 2544
2544 901 1895
883 1727 2522
1727 883 2522
2522 883 1727
517 7 264
7 264 517
264 7 517
2773 2023 2183
2183 2023 2773
2023 2183 2773
2916 1969 2487
1969 2487 2916
2487 1969 2916
785 289 1339
1339 289 785
289 785 1339
2109 1193 1916
1916 1193 2109
1193 1916 2109
2339 1580 1851
1851 1580 2339
1580 1851 2339
286 1307 1671
1307 286 1671
1671 286 1307
1074 664 1215
1215 664 1074
664 1074 1215
2502 728 1872
1872 728 2502
728 1872 2502
2484 1889 2018
1889 2018 2484
2018 1889 2484
469 779 2665
779 469 2665
2665 469 779
1636 937 1753
937 1636 1753
1753 937 1636
2910 762 1178
762 1178 2910
1178 762 2910
1493 866 2061
2061 866 1493
866 1493 2061
775 1467 2247
2247 775 1467
1467 775 2247
1533 2719 2844
2844 1533 2719
2719 1533 2844
1283 819 1125
819 1125 1283
1125 819 1283
2330 1640 2534
2534 1640 2330
1640 2330 2534
1357 1736 2453
2453 1357 1736
1736 1357 2453
1897 1733 1784
1733 1784 1897
1784 1733 1897
439 2523 2949
2523 439 2949
2949 439 2523
2824 799 1422
1422 799 2824
799 1422 2824
388 145 1280
1280 145 388
145 388 1280
605 391 2883
2883 391 605
391 605 2883
1272 829 1801
829 1272 1801
1801 829 1272
298 2553 2780
2553 298 2780
2780 298 2553
2096 1681 2825
1681 2096 2825
2825 1681 2096
230 747 1797
1797 230 747
747 230 1797
2097 1465 2485
1465 2097 2485
2485 1465 2097
881 1102 1296
1102 881 1296
1296 881 1102
2772 93 980
93 980 2772
980 93 2772
96 2209 2647
2647 96 2209
2209 96 2647
428 530 909
530 428 909
909 428 530
2915 856 2258
856 2258 2915
2258 856 2915
2130 151 663
663 151 2130
151 663 2130
2614 802 1852
1852 802 2614
802 1852 2614
468 1873 2976
1873 468 2976
2976 468 1873
1009 112 454
112 454 1009
454 112 1009
1856 2135 2945
2135 1856 2945
2945 1856 2135
1253 41 1821
41 1253 1821
1821 41 1253
1747 178 2006
178 1747 2006
2006 178 1747
2122 2008 2120
2120 2008 2122
2008 2120 2122
2255 498 791
498 791 2255
791 498 2255
520 1133 2585
1133 520 2585
2585 520 1133
1829 1184 1428
1428 1184 1829
1184 1428 1829
1244 2752 2766
2766 1244 2752
2752 1244 2766
1734 1860 2838
2838 1734 1860
1860 1734 2838
2572 1070 1424
1070 1424 2572
1424 1070 2572
305 1669 1879
1669 305 1879
1879 305 1669
801 261 426
261 426 801
426 261 801
2057 629 1557
629 1557 2057
1557 629 2057
1735 116 405
116 405 1735
405 116 1735
1978 638 2221
638 1978 2221
2221 638 1978
2980 1325 1401
1401 1325 2980
1325 1401 2980
1426 907 2224
907 1426 2224
2224 907 1426
965 2033 2751
2751 965 2033
2033 965 2751
1714 2088 2550
2088 1714 2550
2550 1714 2088
919 977 1700
977 919 1700
1700 919 977
2104 1471 1947
1471 1947 2104
1947 1471 2104
2848 1984 2977
2977 1984 2848
1984 2848 2977
2382 2302 2811
2811 2302 2382
2302 2382 2811
284 1251 2925
2925 284 1251
1251 284 2925
2475 310 2138
2138 310 2475
310 2138 2475
1870 656 2468
656 1870 2468
2468 656 1870
2906 1434 2106
2106 1434 2906
1434 2106 2906
2378 1059 1779
1059 1779 2378
1779 1059 2378
1013 661 849
849 661 1013
661 849 1013
2163 2134 2272
2134 2163 2272
2272 2134 2163
506 726 959
959 506 726
726 506 959
2592 290 1122
290 1122 2592
1122 290 2592
1267 474 750
750 474 1267
474 750 1267
326 173 2874
173 326 2874
2874 173 326
11 1770 2358
1770 11 2358
2358 11 1770
1965 1485 2386
1485 1965 2386
2386 1485 1965
2418 455 1786
455 1786 2418
1786 455 2418
1237 2521 2877
2877 1237 2521
2521 1237 2877
1585 1334 1824
1334 1585 1824
1824 1334 1585
1291 599 2444
2444 599 1291
599 1291 2444
303 1875 1945
1875 303 1945
1945 303 1875
872 1150 2169
2169 872 1150
1150 872 2169
2029 358 2470
2470 358 2029
358 2029 2470
811 471 932
932 471 811
471 811 932
2254 952 1118
952 1118 2254
1118 952 2254
2423 886 2886
2886 886 2423
886 2423 2886
186 1599 2730
1599 186 2730
2730 186 1599
57 701 1248
701 57 1248
1248 57 701
1294 560 2070
2070 560 1294
560 1294 2070
480 645 2028
2028 480 645
645 480 2028
1323 241 1634
241 1323 1634
1634 241 1323
2727 161 2814
2814 161 2727
161 2727 2814
2630 588 949
588 949 2630
949 588 2630
2526 449 609
449 609 2526
609 449 2526
940 483 1007
1007 483 940
483 940 1007
812 2621 2981
2621 812 2981
2981 812 2621
1909 143 2237
2237 143 1909
143 1909 2237
2927 1278 1817
1817 1278 2927
1278 1817 2927
628 2145 2870
2145 628 2870
2870 628 2145
1153 1729 2888
2888 1153 1729
1729 1153 2888
665 479 2408
2408 479 665
479 665 2408
1359 1938 2323
2323 1359 1938
1938 1359 2323
2764 592 1012
1012 592 2764
592 1012 2764
650 584 2864
2864 584 650
584 650 2864
22 1115 1288
1115 22 1288
1288 22 1115
1480 365 2685
365 1480 2685
2685 365 1480
1415 1046 1927
1927 1046 1415
1046 1415 1927
2970 1155 2248
2248 1155 2970
1155 2248 2970
2157 757 2952
2952 757 2157
757 2157 2952
2045 1891 2604
2604 1891 2045
1891 2045 2604
2813 1593 2472
1593 2472 2813
2472 1593 2813
2691 1028 1793
1028 1793 2691
1793 1028 2691
601 1827 2190
1827 601 2190
2190 601 1827
367 1082 2596
1082 367 2596
2596 367 1082
708 1684 2998
1684 708 2998
2998 708 1684
1403 2226 2319
2319 1403 2226
2226 1403 2319
2986 851 964
964 851 2986
851 964 2986
589 745 2021
2021 589 745
745 589 2021
68 2516 2738
2516 68 2738
2738 68 2516
1431 807 2541
2541 807 1431
807 1431 2541
2493 1089 1997
1997 1089 2493
1089 1997 2493
2912 622 2567
622 2567 2912
2567 622 2912
1762 199 217
199 217 1762
217 199 1762
59 319 2921
319 59 2921
2921 59 319
1071 2010 2878
2878 1071 2010
2010 1071 2878
2535 1393 2536
1393 2535 2536
2536 1393 2535
2269 2170 2804
2170 2269 2804
2804 2170 2269
2159 1023 1843
1843 1023 2159
1023 1843 2159
1561 1103 2936
2936 1103 1561
1103 1561 2936
1449 2110 2421
2110 1449 2421
2421 1449 2110
9 1220 2153
2153 9 1220
1220 9 2153
2865 91 2483
91 2483 2865
2483 91 2865
1887 899 1973
899 1887 1973
1973 899 1887
486 42 2859
2859 42 486
42 486 2859
1182 1492 2166
1492 1182 2166
2166 1182 1492
1475 366 1983
1983 366 1475
366 1475 1983
2798 1171 1635
1635 1171 2798
1171 1635 2798
2312 66 2151
66 2151 2312
2151 66 2312
1955 1335 2777
2777 1335 1955
1335 1955 2777
2315 1279 2618
2618 1279 2315
1279 2315 2618
913 1881 2876
2876 913 1881
1881 913 2876
842 54 1389
54 842 1389
1389 54 842
493 202 855
855 202 493
202 493 855
2071 581 888
888 581 2071
581 888 2071
1990 1344 2311
1344 1990 2311
2311 1344 1990
1337 10 2451
2451 10 1337
10 1337 2451
1014 1720 2336
1720 1014 2336
2336 1014 1720
1440 1236 2807
2807 1236 1440
1236 1440 2807
527 397 2561
397 527 2561
2561 397 527
2316 325 339
339 325 2316
325 339 2316
2043 335 1001
335 1001 2043
1001 335 2043
390 380 2608
380 390 2608
2608 380 390
658 240 1501
240 658 1501
1501 240 658
2236 2259 2743
2259 2236 2743
2743 2236 2259
1752 1135 1457
1457 1135 1752
1135 1457 1752
317 1633 1759
1759 317 1633
1633 317 1759
1992 19 278
278 19 1992
19 278 1992
343 718 2204
2204 343 718
718 343 2204
2991 691 1748
1748 691 2991
691 1748 2991
2611 111 1192
111 1192 2611
1192 111 2611
578 536 2988
536 578 2988
2988 536 578
593 1596 2734
2734 593 1596
1596 593 2734
900 951 1624
951 900 1624
1624 900 951
1871 1509 1934
1509 1871 1934
1934 1509 1871
407 163 577
163 407 577
577 163 407
39 327 1111
1111 39 327
327 39 1111
2264 532 2024
532 2024 2264
2024 532 2264
460 993 1728
993 460 1728
1728 460 993
2955 2083 2635
2083 2635 2955
2635 2083 2955
925 555 1698
1698 555 925
555 925 1698
1906 38 372
372 38 1906
38 372 1906
2545 1745 1991
1991 1745 2545
1745 1991 2545
1364 1670 2969
1670 1364 2969
2969 1364 1670
2677 451 1562
1562 451 2677
451 1562 2677
2712 1175 2100
2100 1175 2712
1175 2100 2712
1588 662 2148
2148 662 1588
662 1588 2148
45 1202 2538
2538 45 1202
1202 45 2538
698 721 2393
2393 698 721
721 698 2393
818 1210 2895
1210 818 2895
2895 818 1210
716 375 383
383 375 716
375 383 716
1484 1263 1536
1263 1484 1536
1536 1263 1484
1096 6 2697
2697 6 1096
6 1096 2697
2445 2569 2643
2643 2445 2569
2569 2445 2643
871 1420 2681
2681 871 1420
1420 871 2681
1659 2182 2580
2182 1659 2580
2580 1659 2182
1246 349 1657
349 1246 1657
1657 349 1246
2624 477 2326
2326 477 2624
477 2326 2624
1505 433 2240
2240 433 1505
433 1505 2240
2030 297 2663
297 2030 2663
2663 297 2030
2348 193 2846
193 2348 2846
2846 193 2348
1274 844 1378
844 1274 1378
1378 844 1274
1943 755 1027
1027 755 1943
755 1027 1943
820 198 271
198 271 820
271 198 820
898 637 904
637 898 904
904 637 898
2987 1011 2720
1011 2720 2987
2720 1011 2987
2827 2194 2286
2286 2194 2827
2194 2286 2827
2860 1928 2783
1928 2783 2860
2783 1928 2860
1656 1466 1731
1731 1466 1656
1466 1656 1731
1034 1452 2818
1452 1034 2818
2818 1034 1452
697 398 1227
1227 398 697
398 697 1227
281 1956 2739
2739 281 1956
1956 281 2739
2640 1723 2073
2073 1723 2640
1723 2073 2640
1055 991 1402
991 1055 1402
1402 991 1055
316 910 1211
1211 316 910
910 316 1211
617 1858 2279
2279 617 1858
1858 617 2279
868 1512 2301
1512 868 2301
2301 868 1512
1857 260 709
260 709 1857
709 260 1857
79 1666 2978
2978 79 1666
1666 79 2978
1651 627 1439
627 1439 1651
1439 627 1651
2637 1287 1639
1287 1639 2637
1639 1287 2637
1136 659 2767
2767 659 1136
659 1136 2767
2810 1315 2233
2233 1315 2810
1315 2233 2810
2074 1689 2938
2938 1689 2074
1689 2074 2938
291 1301 2946
2946 291 1301
1301 291 2946
1039 1609 2059
2059 1039 1609
1609 1039 2059
1547 1258 1626
1626 1258 1547
1258 1547 1626
2309 1569 2391
2391 1569 2309
1569 2309 2391
2731 21 748
21 748 2731
748 21 2731
1676 212 1564
1564 212 1676
212 1564 1676
2004 1024 2318
2318 1024 2004
1024 2004 2318
1285 903 2967
903 1285 2967
2967 903 1285
2189 1252 1312
1252 1312 2189
1312 1252 2189
1048 2722 2885
2885 1048 2722
2722 1048 2885
2303 974 2514
2514 974 2303
974 2303 2514
1033 575 1126
575 1033 1126
1126 575 1033
2695 606 2012
2012 606 2695
606 2012 2695
2463 505 2682
505 2463 2682
2682 505 2463
2354 1704 1800
1800 1704 2354
1704 1800 2354
2066 1138 1766
1138 1766 2066
1766 1138 2066
70 140 306
306 70 140
140 70 306
378 288 436
436 288 378
288 378 436
92 196 1309
196 92 1309
1309 92 196
1531 376 1918
1918 376 1531
376 1531 1918
1598 1025 1749
1749 1025 1598
1025 1598 1749
2900 2107 2474
2474 2107 2900
2107 2474 2900
1092 1775 1882
1775 1092 1882
1882 1092 1775
771 352 2417
2417 352 771
352 771 2417
1148 442 1146
442 1146 1148
1146 442 1148
162 1489 2412
2412 162 1489
1489 162 2412
625 2627 2893
2893 625 2627
2627 625 2893
738 984 1405
1405 738 984
984 738 1405
2026 337 634
634 337 2026
337 634 2026
2672 882 1582
882 1582 2672
1582 882 2672
1123 626 814
814 626 1123
626 814 1123
1093 1302 1650
1302 1093 1650
1650 1093 1302
1900 968 2606
968 1900 2606
2606 968 1900
2118 1674 2533
2533 1674 2118
1674 2118 2533
1297 1539 1985
1539 1297 1985
1985 1297 1539
1892 344 464
344 464 1892
464 344 1892
1693 893 2210
2210 893 1693
893 1693 2210
2167 935 2661
2661 935 2167
935 2167 2661
1271 206 2679
206 1271 2679
2679 206 1271
2775 621 2455
2455 621 2775
621 2455 2775
333 1987 2787
2787 333 1987
1987 333 2787
328 101 2717
101 328 2717
2717 101 328
117 896 1571
1571 117 896
896 117 1571
2692 521 2212
521 2212 2692
2212 521 2692
467 1776 2747
1776 467 2747
2747 467 1776
1187 2300 2420
2420 1187 2300
2300 1187 2420
171 355 406
406 171 355
355 171 406
2929 810 2820
810 2820 2929
2820 810 2929
1147 14 2201
2201 14 1147
14 1147 2201
2452 772 2678
772 2452 2678
2678 772 2452
540 591 1332
1332 540 591
591 540 1332
1924 429 942
942 429 1924
429 942 1924
2373 1621 2459
1621 2373 2459
2459 1621 2373
1054 1016 2884
2884 1016 1054
1016 1054 2884
1083 1591 2548
2548 1083 1591
1591 1083 2548
1289 1958 1972
1972 1289 1958
1958 1289 1972
2642 1057 1760
1057 1760 2642
1760 1057 2642
122 586 2579
2579 122 586
586 122 2579
1876 1885 2771
1885 1876 2771
2771 1876 1885
136 821 1306
1306 136 821
821 136 1306
2774 180 2048
180 2048 2774
2048 180 2774
2508 823 2050
2050 823 2508
823 2050 2508
2598 2340 2962
2340 2598 2962
2962 2340 2598
2830 1595 2359
2359 1595 2830
1595 2359 2830
2703 879 2989
2989 879 2703
879 2703 2989
418 218 2507
218 418 2507
2507 218 418
766 2044 2587
2044 766 2587
2587 766 2044
768 1299 2144
2144 768 1299
1299 768 2144
595 1458 2001
1458 595 2001
2001 595 1458
694 859 2436
2436 694 859
859 694 2436
2443 992 2702
2702 992 2443
992 2443 2702
385 139 777
139 385 777
777 139 385
2268 1348 2552
2552 1348 2268
1348 2268 2552
2634 2363 2403
2403 2363 2634
2363 2403 2634
2355 1004 1839
1839 1004 2355
1004 1839 2355
2199 125 616
616 125 2199
125 616 2199
671 534 2845
534 671 2845
2845 534 671
1498 183 2165
183 1498 2165
2165 183 1498
141 2415 2599
2599 141 2415
2415 141 2599
2575 1349 2075
2075 1349 2575
1349 2075 2575
892 1073 2456
2456 892 1073
1073 892 2456
1976 1846 2003
1846 1976 2003
2003 1846 1976
1853 707 1331
1331 707 1853
707 1331 1853
1901 1722 2139
2139 1722 1901
1722 1901 2139
1234 244 847
847 244 1234
244 847 1234
2842 2038 2398
2038 2398 2842
2398 2038 2842
1584 2476 2659
2476 1584 2659
2659 1584 2476
1464 2116 2327
2116 1464 2327
2327 1464 2116
2132 1113 1418
1418 1113 2132
1113 1418 2132
514 2471 2873
2873 514 2471
2471 514 2873
231 1091 2243
1091 231 2243
2243 231 1091
1002 495 2200
2200 495 1002
495 1002 2200
2014 1063 1855
1063 1855 2014
1855 1063 2014
2573 921 1647
1647 921 2573
921 1647 2573
739 1638 1954
1638 739 1954
1954 739 1638
2761 1162 2273
1162 2273 2761
2273 1162 2761
1815 18 3000
3000 18 1815
18 1815 3000
1810 1343 1799
1799 1343 1810
1343 1799 1810
1781 861 1743
1743 861 1781
861 1743 1781
2266 535 1503
1503 535 2266
535 1503 2266
2933 320 1904
320 1904 2933
1904 320 2933
2241 1730 2482
2482 1730 2241
1730 2241 2482
1806 152 2095
152 1806 2095
2095 152 1806
998 2792 2963
2792 998 2963
2963 998 2792
20 2174 2809
2809 20 2174
2174 20 2809
2563 47 759
759 47 2563
47 759 2563
632 1667 1725
1667 632 1725
1725 632 1667
1883 538 2791
2791 538 1883
538 1883 2791
216 334 1662
334 216 1662
1662 216 334
341 1769 2769
2769 341 1769
1769 341 2769
2469 256 1219
1219 256 2469
256 1219 2469
2441 2379 2657
2657 2379 2441
2379 2441 2657
2908 827 2410
827 2410 2908
2410 827 2908
1101 323 1037
323 1037 1101
1037 323 1101
1816 1566 2866
2866 1566 1816
1566 1816 2866
1819 491 607
491 607 1819
607 491 1819
2715 720 1642
720 1642 2715
1642 720 2715
280 1890 1926
1890 280 1926
1926 280 1890
2158 558 2808
2808 558 2158
558 2158 2808
448 672 2765
672 448 2765
2765 448 672
832 652 1391
1391 652 832
652 832 1391
763 927 1746
927 763 1746
1746 763 927
2664 1051 2322
2322 1051 2664
1051 2322 2664
2537 1481 2684
2684 1481 2537
1481 2537 2684
2341 43 2291
2291 43 2341
43 2291 2341
1382 2758 2837
2837 1382 2758
2758 1382 2837
1874 1095 2013
1095 1874 2013
2013 1095 1874
181 1442 2896
2896 181 1442
1442 181 2896
118 475 1699
475 118 1699
1699 118 475
160 190 2724
190 160 2724
2724 160 190
1476 1358 1692
1358 1476 1692
1692 1358 1476
1772 1840 2350
1840 1772 2350
2350 1772 1840
649 668 2894
2894 649 668
668 649 2894
1076 395 853
395 853 1076
853 395 1076
1653 72 1607
1607 72 1653
72 1607 1653
1796 1435 1660
1435 1660 1796
1660 1435 1796
988 553 1231
553 988 1231
1231 553 988
917 706 2871
2871 706 917
706 917 2871
2753 1565 1637
1565 1637 2753
1637 1565 2753
2424 1110 2971
1110 2424 2971
2971 1110 2424
393 1421 1668
1421 393 1668
1668 393 1421
2263 403 1240
403 1240 2263
1240 403 2263
786 1902 2365
2365 786 1902
1902 786 2365
1898 573 1542
573 1542 1898
1542 573 1898
1685 550 751
751 550 1685
550 751 1685
179 452 2984
452 179 2984
2984 179 452
2828 1203 2257
2257 1203 2828
1203 2257 2828
1914 549 2149
2149 549 1914
549 1914 2149
1470 1191 1397
1397 1191 1470
1191 1397 1470
985 1977 2239
1977 985 2239
2239 985 1977
1320 624 2694
624 1320 2694
2694 624 1320
1527 956 1812
956 1527 1812
1812 956 1527
1490 1293 1694
1293 1490 1694
1694 1293 1490
978 26 1603
1603 26 978
26 978 1603
197 275 2457
2457 197 275
275 197 2457
2124 511 1247
511 1247 2124
1247 511 2124
1044 2249 2714
2714 1044 2249
2249 1044 2714
565 386 677
677 386 565
386 565 677
544 77 1903
1903 77 544
77 544 1903
2234 1834 2841
2841 1834 2234
1834 2234 2841
874 2429 2683
2429 874 2683
2683 874 2429
1208 2292 2387
2387 1208 2292
2292 1208 2387
2904 265 1322
1322 265 2904
265 1322 2904
2171 2438 2700
2438 2171 2700
2700 2171 2438
2581 563 2040
563 2040 2581
2040 563 2581
2377 422 983
422 983 2377
983 422 2377
223 1436 2937
2937 223 1436
1436 223 2937
484 1631 1721
1721 484 1631
1631 484 1721
2853 962 2121
962 2121 2853
2121 962 2853
1551 613 839
613 839 1551
839 613 1551
2735 862 1986
862 1986 2735
1986 862 2735
1942 2022 2924
2022 1942 2924
2924 1942 2022
2602 362 2812
2812 362 2602
362 2602 2812
17 523 2546
523 17 2546
2546 17 523
1494 384 2570
384 1494 2570
2570 384 1494
462 1235 2626
1235 462 2626
2626 462 1235
1468 834 1090
1090 834 1468
834 1090 1468
1979 440 678
678 440 1979
440 678 1979
404 971 2710
2710 404 971
971 404 2710
1277 1067 1159
1067 1159 1277
1159 1067 1277
1433 1086 1820
1820 1086 1433
1086 1433 1820
1822 1036 2332
2332 1036 1822
1036 1822 2332
1317 744 2137
2137 744 1317
744 1317 2137
200 2108 2595
2595 200 2108
2108 200 2595
2786 127 953
953 127 2786
127 953 2786
1610 155 1803
155 1610 1803
1803 155 1610
2288 1383 2287
2287 1383 2288
1383 2287 2288
2675 548 1948
548 1948 2675
1948 548 2675
640 1116 1143
1143 640 1116
1116 640 1143
2129 594 2995
2995 594 2129
594 2129 2995
1094 182 2690
182 1094 2690
2690 182 1094
1726 722 865
722 865 1726
865 722 1726
2972 2172 2283
2283 2172 2972
2172 2283 2972
2736 725 2748
2748 725 2736
725 2736 2748
1469 2000 2511
2511 1469 2000
2000 1469 2511
2939 28 2590
28 2590 2939
2590 28 2939
1049 169 2558
169 1049 2558
2558 169 1049
2077 2 2218
2218 2 2077
2 2077 2218
2098 44 2953
2953 44 2098
44 2098 2953
1994 1613 2662
1613 1994 2662
2662 1613 1994
1239 1154 2797
2797 1154 1239
1154 1239 2797
2290 457 2670
2670 457 2290
457 2290 2670
2744 188 1554
188 1554 2744
1554 188 2744
1791 87 157
87 157 1791
157 87 1791
2754 1677 2644
2644 1677 2754
1677 2644 2754
2334 2261 2494
2261 2334 2494
2494 2261 2334
2583 508 2188
508 2188 2583
2188 508 2583
1519 1385 1905
1385 1519 1905
1905 1385 1519
2297 761 2527
761 2297 2527
2527 761 2297
74 1703 2047
1703 74 2047
2047 74 1703
497 700 2380
2380 497 700
700 497 2380
614 897 2217
2217 614 897
897 614 2217
2799 187 2111
187 2111 2799
2111 187 2799
1268 1961 2589
2589 1268 1961
1961 1268 2589
2686 363 1338
363 1338 2686
1338 363 2686
1679 870 1229
870 1229 1679
1229 870 1679
1504 702 2019
2019 702 1504
702 1504 2019
1160 1706 2321
1706 1160 2321
2321 1160 1706
2757 2728 2855
2855 2728 2757
2728 2757 2855
516 321 647
647 321 516
321 516 647
543 1275 2112
1275 543 2112
2112 543 1275
5 82 2815
2815 5 82
82 5 2815
1333 444 2800
444 1333 2800
2800 444 1333
1592 207 600
600 207 1592
207 600 1592
1412 103 1156
1156 103 1412
103 1156 1412
2219 99 489
489 99 2219
99 489 2219
119 1060 1353
1060 119 1353
1353 119 1060
2882 132 1758
132 1758 2882
1758 132 2882
98 1818 2296
2296 98 1818
1818 98 2296
1152 947 2260
947 1152 2260
2260 947 1152
402 49 300
300 49 402
49 300 402
864 1021 1446
1446 864 1021
1021 864 1446
2126 272 1980
272 1980 2126
1980 272 2126
102 732 773
773 102 732
732 102 773
158 1619 1880
1880 158 1619
1619 158 1880
2317 2501 2862
2862 2317 2501
2501 2317 2862
1199 369 2402
2402 369 1199
369 1199 2402
2880 746 2577
746 2577 2880
2577 746 2880
955 1550 2352
2352 955 1550
1550 955 2352
2942 1773 2414
2414 1773 2942
1773 2414 2942
2437 878 1862
878 1862 2437
1862 878 2437
84 1456 2901
1456 84 2901
2901 84 1456
2168 324 2093
324 2093 2168
2093 324 2168
1395 1535 2612
2612 1395 1535
1535 1395 2612
2578 1114 1127
1127 1114 2578
1114 1127 2578
2594 226 410
410 226 2594
226 410 2594
1543 1304 1697
1304 1543 1697
1697 1304 1543
205 1340 2335
1340 205 2335
2335 205 1340
876 147 2353
147 876 2353
2353 147 876
2696 557 2046
557 2046 2696
2046 557 2696
1716 1085 1611
1611 1085 1716
1085 1611 1716
164 513 711
711 164 513
513 164 711
338 254 2152
254 338 2152
2152 254 338
1792 255 1390
255 1390 1792
1390 255 1792
108 1295 2185
1295 108 2185
2185 108 1295
279 1398 2196
2196 279 1398
1398 279 2196
466 1850 2080
2080 466 1850
1850 466 2080
979 1844 1932
1932 979 1844
1844 979 1932
2267 1336 2392
1336 2267 2392
2392 1336 2267
740 1029 2974
1029 740 2974
2974 740 1029
394 1933 2997
1933 394 2997
2997 394 1933
648 1134 2058
2058 648 1134
1134 648 2058
232 2920 2957
2920 232 2957
2957 232 2920
97 242 1488
1488 97 242
242 97 1488
1809 699 1632
699 1632 1809
1632 699 1809
561 630 869
630 561 869
869 561 630
2222 1214 2568
1214 2222 2568
2568 1214 2222
1894 1959 2032
1959 1894 2032
2032 1894 1959
724 2680 2781
2781 724 2680
2680 724 2781
2253 356 2973
356 2253 2973
2973 356 2253
374 596 1707
1707 374 596
596 374 1707
401 1183 2389
2389 401 1183
1183 401 2389
569 576 2559
576 569 2559
2559 569 576
1327 754 1960
1960 754 1327
754 1327 1960
50 1282 2854
2854 50 1282
1282 50 2854
1859 646 2993
646 1859 2993
2993 646 1859
2540 71 713
713 71 2540
71 713 2540
2280 65 696
696 65 2280
65 696 2280
2875 237 2442
237 2442 2875
2442 237 2875
836 304 854
304 836 854
854 304 836
1201 1031 1951
1951 1031 1201
1031 1201 1951
1919 1578 2128
2128 1578 1919
1578 1919 2128
928 379 432
379 432 928
432 379 928
113 100 828
100 113 828
828 100 113
1523 1884 2085
1884 1523 2085
2085 1523 1884
340 2481 2785
2481 340 2785
2785 340 2481
1462 1384 2789
1384 1462 2789
2789 1384 1462
222 302 1937
1937 222 302
302 222 1937
1038 1204 2996
1204 1038 2996
2996 1038 1204
1108 309 641
641 309 1108
309 641 1108
1242 1998 2333
2333 1242 1998
1998 1242 2333
2400 860 2198
2198 860 2400
860 2198 2400
972 572 1491
572 972 1491
1491 572 972
1168 2406 2979
2406 1168 2979
2979 1168 2406
655 1313 1350
1350 655 1313
1313 655 1350
2557 507 1050
507 1050 2557
1050 507 2557
1408 2851 2951
2851 1408 2951
2951 1408 2851
1868 1180 2462
2462 1180 1868
1180 1868 2462
1774 194 2465
2465 194 1774
194 1774 2465
501 615 1861
1861 501 615
615 501 1861
2613 631 1041
1041 631 2613
631 1041 2613
2652 293 2102
293 2102 2652
2102 293 2652
95 852 2759
852 95 2759
2759 95 852
1474 633 1290
1290 633 1474
633 1290 1474
1463 767 789
767 789 1463
789 767 1463
1794 1836 2448
1836 1794 2448
2448 1794 1836
770 604 1407
604 770 1407
1407 604 770
1170 733 885
733 885 1170
885 733 1170
2101 1128 2202
2202 1128 2101
1128 2101 2202
1546 204 1826
204 1546 1826
1826 204 1546
2857 1206 1675
1206 1675 2857
1675 1206 2857
2320 1149 2790
1149 2320 2790
2790 1149 2320
1732 2175 2688
2175 1732 2688
2688 1732 2175
685 987 1831
987 685 1831
1831 685 987
2337 2656 2821
2656 2337 2821
2821 2337 2656
2779 250 1798
1798 250 2779
250 1798 2779
1712 192 2770
192 1712 2770
2770 192 1712
137 1075 2025
1075 137 2025
2025 137 1075
1256 86 635
635 86 1256
86 635 1256
67 800 2833
800 67 2833
2833 67 800
2422 1177 1922
1177 1922 2422
1922 1177 2422
1683 229 1545
1545 229 1683
229 1545 1683
1174 2164 2238
2164 1174 2238
2238 1174 2164
889 348 1444
1444 348 889
348 889 1444
1472 644 2654
2654 644 1472
644 1472 2654
29 840 2473
2473 29 840
840 29 2473
2843 292 1910
1910 292 2843
292 1910 2843
23 1311 1705
