210 165 288
288 165 210
165 210 288
94 178 250
178 94 250
250 94 178
126 111 156
111 126 156
156 111 126
242 11 249
249 11 242
11 242 249
132 42 216
216 42 132
42 132 216
17 33 75
75 17 33
33 17 75
85 207 259
207 85 259
259 85 207
297 29 287
29 287 297
287 29 297
231 152 296
296 152 231
152 231 296
244 30 183
30 183 244
183 30 244
184 93 136
93 136 184
136 93 184
90 69 134
134 69 90
69 90 134
68 144 246
144 68 246
246 68 144
38 34 53
53 34 38
34 38 53
115 185 257
257 115 185
185 115 257
70 54 170
170 54 70
54 70 170
224 237 238
237 224 238
238 224 237
188 150 194
194 150 188
150 188 194
40 154 219
219 40 154
154 40 219
289 92 128
92 128 289
128 92 289
261 23 168
168 23 261
23 168 261
24 10 264
264 10 24
10 24 264
116 108 227
108 116 227
227 108 116
121 255 267
255 121 267
267 121 255
7 56 57
57 7 56
56 7 57
73 71 105
71 73 105
105 71 73
166 19 117
117 19 166
19 117 166
281 159 300
300 159 281
159 281 300
125 196 292
196 125 292
292 125 196
77 169 176
176 77 169
169 77 176
226 72 286
286 72 226
72 226 286
52 31 214
214 31 52
31 52 214
146 14 60
60 14 146
14 60 146
138 106 251
251 106 138
106 138 251
114 36 110
36 110 114
110 36 114
80 67 173
173 67 80
67 80 173
13 76 101
76 13 101
101 13 76
271 35 279
279 35 271
35 271 279
162 39 46
46 39 162
39 46 162
153 164 187
164 153 187
187 153 164
78 151 158
158 78 151
151 78 158
193 98 290
98 193 290
290 98 193
258 55 206
206 55 258
55 206 258
189 37 243
243 37 189
37 189 243
81 2 4
4 2 81
2 4 81
283 50 100
100 50 283
50 100 283
129 142 265
142 129 265
265 129 142
6 20 118
118 6 20
20 6 118
192 95 293
95 192 293
293 95 192
275 182 291
182 275 291
291 182 275
89 140 252
140 89 252
252 89 140
104 221 254
221 104 254
254 104 221
149 248 268
248 149 268
268 149 248
239 135 191
191 135 239
135 191 239
171 28 45
28 45 171
45 28 171
86 51 266
51 86 266
266 51 86
123 103 133
103 123 133
133 103 123
26 27 160
27 26 160
160 26 27
203 205 298
298 203 205
205 203 298
179 3 15
3 15 179
15 3 179
148 145 215
145 148 215
215 145 148
273 141 213
213 141 273
141 213 273
12 107 127
127 12 107
107 12 127
230 61 172
61 172 230
172 61 230
25 8 278
278 8 25
8 25 278
41 157 161
161 41 157
157 41 161
43 225 294
294 43 225
225 43 294
211 139 247
139 211 247
247 139 211
9 97 282
282 9 97
97 9 282
64 63 299
299 63 64
63 64 299
277 21 87
21 87 277
87 21 277
212 82 240
240 82 212
82 212 240
220 84 202
202 84 220
84 202 220
198 1 232
232 1 198
1 198 232
280 49 241
241 49 280
49 241 280
262 197 234
197 234 262
234 197 262
199 62 295
295 62 199
62 199 295
229 58 74
58 74 229
74 58 229
79 59 119
59 79 119
119 59 79
272 155 263
263 155 272
155 263 272
245 44 260
260 44 245
44 245 260
124 18 190
190 18 124
18 124 190
109 236 284
236 109 284
284 109 236
163 131 181
181 131 163
131 163 181
112 208 228
208 112 228
228 112 208
218 5 195
5 195 218
195 5 218
186 174 175
174 175 186
175 174 186
137 16 83
83 16 137
16 83 137
270 91 147
147 91 270
91 147 270
204 222 269
269 204 222
222 204 269
99 167 276
167 99 276
276 99 167
102 65 201
201 65 102
65 102 201
235 22 256
22 235 256
256 22 235
253 48 200
200 48 253
48 200 253
177 209 285
209 177 285
285 177 209
120 47 88
88 47 120
47 88 120
180 130 143
130 143 180
143 130 180
223 96 233
233 96 223
96 223 233
32 122 217
217 32 122
122 32 217
113 66 274
274 66 113
66 113 274
