16723 2018 22090
22090 2018 16723
2018 16723 22090
4015 13552 18910
18910 4015 13552
13552 4015 18910
476 21738 24538
24538 476 21738
21738 476 24538
10791 17280 18528
17280 10791 18528
18528 10791 17280
11254 9997 10886
10886 9997 11254
9997 10886 11254
1088 4184 10017
4184 1088 10017
10017 1088 4184
17075 6838 9953
9953 6838 17075
6838 9953 17075
16210 19337 27927
19337 16210 27927
27927 16210 19337
20665 5875 21762
5875 20665 21762
21762 5875 20665
13926 1966 10132
10132 1966 13926
1966 10132 13926
21165 1760 21871
1760 21165 21871
21871 1760 21165
21456 4841 18310
4841 18310 21456
18310 4841 21456
29113 15968 19088
15968 19088 29113
19088 15968 29113
16692 14430 23191
23191 14430 16692
14430 16692 23191
26303 9106 21674
9106 21674 26303
21674 9106 26303
10572 28012 28821
28012 10572 28821
28821 10572 28012
21389 21206 22895
21206 21389 22895
22895 21206 21389
12731 11730 12313
12313 11730 12731
11730 12313 12731
20554 4050 16398
16398 4050 20554
4050 16398 20554
15941 25804 29345
29345 15941 25804
25804 15941 29345
27662 9330 25745
9330 25745 27662
25745 9330 27662
28475 15498 21381
15498 21381 28475
21381 15498 28475
4751 11040 28746
11040 4751 28746
28746 4751 11040
13985 12728 28495
12728 13985 28495
28495 12728 13985
2721 5941 21399
21399 2721 5941
5941 2721 21399
10723 14566 24432
24432 10723 14566
14566 10723 24432
24802 1339 12452
12452 1339 24802
1339 12452 24802
29202 12312 15117
15117 12312 29202
12312 15117 29202
20171 8427 28808
28808 8427 20171
8427 20171 28808
25225 4601 27301
27301 4601 25225
4601 25225 27301
27273 240 26815
26815 240 27273
240 26815 27273
615 15947 28081
28081 615 15947
15947 615 28081
1808 13910 20977
20977 1808 13910
13910 1808 20977
26783 8774 13823
8774 13823 26783
13823 8774 26783
636 1909 20964
20964 636 1909
1909 636 20964
17337 11300 24412
24412 11300 17337
11300 17337 24412
2540 15049 28583
15049 2540 28583
28583 2540 15049
12616 18812 19085
19085 12616 18812
18812 12616 19085
15579 11573 24653
24653 11573 15579
11573 15579 24653
5876 6 26924
6 5876 26924
26924 6 5876
12200 11 8870
11 8870 12200
8870 11 12200
19504 23980 27245
23980 19504 27245
27245 19504 23980
26386 6264 17142
17142 6264 26386
6264 17142 26386
16769 14090 16029
14090 16029 16769
16029 14090 16769
18410 1540 29747
1540 18410 29747
29747 1540 18410
4079 16911 29658
29658 4079 16911
16911 4079 29658
29112 6297 27372
6297 27372 29112
27372 6297 29112
26267 6821 12080
12080 6821 26267
6821 12080 26267
19531 12111 21952
21952 12111 19531
12111 19531 21952
25254 10479 27318
10479 25254 27318
27318 10479 25254
8716 13222 26090
26090 8716 13222
13222 8716 26090
16874 9747 18004
9747 16874 18004
18004 9747 16874
7720 15983 18298
15983 7720 18298
18298 7720 15983
10658 8445 10824
8445 10658 10824
10824 8445 10658
13324 6938 16131
6938 13324 16131
16131 6938 13324
10093 7307 18651
18651 7307 10093
7307 10093 18651
24814 13516 16993
13516 16993 24814
16993 13516 24814
21010 15365 22268
22268 15365 21010
15365 21010 22268
24689 8942 10737
8942 10737 24689
10737 8942 24689
17000 26068 28292
28292 17000 26068
26068 17000 28292
8373 25710 26829
26829 8373 25710
25710 8373 26829
26742 7096 19676
7096 19676 26742
19676 7096 26742
22249 5320 10687
10687 5320 22249
5320 10687 22249
5967 12975 14591
14591 5967 12975
12975 5967 14591
4613 264 11935
264 4613 11935
11935 264 4613
12270 2956 4908
4908 2956 12270
2956 4908 12270
2134 20477 29049
20477 2134 29049
29049 2134 20477
23866 15804 24596
15804 23866 24596
24596 15804 23866
4823 8957 14659
8957 4823 14659
14659 4823 8957
26121 1706 28058
1706 26121 28058
28058 1706 26121
3855 7306 20357
7306 3855 20357
20357 3855 7306
5078 1897 19581
19581 1897 5078
1897 5078 19581
23806 11018 17048
17048 11018 23806
11018 17048 23806
3143 8047 25798
8047 3143 25798
25798 3143 8047
9460 13221 24553
24553 9460 13221
13221 9460 24553
29086 1350 6757
1350 6757 29086
6757 1350 29086
27031 5280 20776
20776 5280 27031
5280 20776 27031
10619 20924 28514
20924 10619 28514
28514 10619 20924
422 25037 26024
26024 422 25037
25037 422 26024
8929 5417 20436
5417 8929 20436
20436 5417 8929
8874 8908 28941
8908 8874 28941
28941 8874 8908
9080 6682 7931
6682 7931 9080
7931 6682 9080
24665 9187 16157
16157 9187 24665
9187 16157 24665
19262 26530 26689
26530 19262 26689
26689 19262 26530
4410 15375 25125
25125 4410 15375
15375 4410 25125
16537 10822 16846
16846 10822 16537
10822 16537 16846
5823 9516 23466
9516 5823 23466
23466 5823 9516
17056 15913 29478
15913 17056 29478
29478 15913 17056
13149 6076 28255
6076 13149 28255
28255 6076 13149
23323 17424 22068
22068 17424 23323
17424 22068 23323
29036 4579 22789
4579 22789 29036
22789 4579 29036
25733 17696 22591
22591 17696 25733
17696 22591 25733
18176 15449 24807
24807 15449 18176
15449 18176 24807
25262 7345 14020
14020 7345 25262
7345 14020 25262
12164 5040 9482
9482 5040 12164
5040 9482 12164
9166 586 4802
586 4802 9166
4802 586 9166
26223 4555 14524
4555 14524 26223
14524 4555 26223
11110 8876 20198
8876 11110 20198
20198 8876 11110
25426 7678 20137
20137 7678 25426
7678 20137 25426
7775 1434 17105
1434 7775 17105
17105 1434 7775
29518 2293 20332
2293 20332 29518
20332 2293 29518
27597 10704 11543
10704 11543 27597
11543 10704 27597
9528 1957 14884
14884 1957 9528
1957 9528 14884
19223 14053 18595
14053 18595 19223
18595 14053 19223
18824 803 8478
8478 803 18824
803 8478 18824
22338 12588 16981
16981 12588 22338
12588 16981 22338
27989 15868 21078
21078 15868 27989
15868 21078 27989
20953 17621 23400
17621 20953 23400
23400 17621 20953
3394 5579 18909
5579 3394 18909
18909 3394 5579
6923 11146 23414
11146 6923 23414
23414 6923 11146
20774 3879 22683
22683 3879 20774
3879 20774 22683
18271 13679 17770
13679 17770 18271
17770 13679 18271
5336 10921 24450
24450 5336 10921
10921 5336 24450
17717 4598 13459
13459 4598 17717
4598 13459 17717
24194 23328 25841
23328 24194 25841
25841 23328 24194
12109 6936 19496
19496 6936 12109
6936 12109 19496
13116 23962 24967
24967 13116 23962
23962 13116 24967
16004 16224 19670
16224 16004 19670
19670 16004 16224
5853 16893 21914
21914 5853 16893
16893 5853 21914
28373 680 10332
680 10332 28373
10332 680 28373
5248 3050 3666
3050 3666 5248
3666 3050 5248
17483 8014 13847
8014 13847 17483
13847 8014 17483
638 21521 26437
21521 638 26437
26437 638 21521
7054 20448 21154
20448 7054 21154
21154 7054 20448
5898 11188 24841
24841 5898 11188
11188 5898 24841
15205 22672 27135
22672 15205 27135
27135 15205 22672
14001 2651 3741
2651 3741 14001
3741 2651 14001
10123 1585 3529
3529 1585 10123
1585 3529 10123
18346 10134 10452
10134 10452 18346
10452 10134 18346
21760 16021 19163
16021 19163 21760
19163 16021 21760
6356 1230 18190
18190 1230 6356
1230 6356 18190
14513 26667 27701
26667 14513 27701
27701 14513 26667
10445 18155 29315
29315 10445 18155
18155 10445 29315
954 3175 17136
17136 954 3175
3175 954 17136
23841 272 22132
272 22132 23841
22132 272 23841
23279 13750 25523
25523 13750 23279
13750 23279 25523
10178 14124 29311
14124 10178 29311
29311 10178 14124
20625 16466 27595
16466 20625 27595
27595 16466 20625
3947 12212 28169
28169 3947 12212
12212 3947 28169
18532 7443 28453
28453 7443 18532
7443 18532 28453
13838 15219 25042
15219 13838 25042
25042 13838 15219
11108 16099 20269
20269 11108 16099
16099 11108 20269
29247 15323 23147
15323 23147 29247
23147 15323 29247
18406 7423 28858
7423 18406 28858
28858 7423 18406
28542 6004 28229
28229 6004 28542
6004 28229 28542
21144 15605 27120
15605 21144 27120
27120 15605 21144
1942 20158 29750
29750 1942 20158
20158 1942 29750
5490 2585 2642
2585 2642 5490
2642 2585 5490
2507 7531 24874
7531 2507 24874
24874 2507 7531
10583 16009 26729
16009 10583 26729
26729 10583 16009
7401 3345 12356
12356 3345 7401
3345 7401 12356
25962 20246 22364
20246 22364 25962
22364 20246 25962
2950 10221 13734
13734 2950 10221
10221 2950 13734
10114 12085 21441
21441 10114 12085
12085 10114 21441
15762 24701 29218
24701 15762 29218
29218 15762 24701
23455 5419 20271
20271 5419 23455
5419 20271 23455
24946 6814 18324
6814 18324 24946
18324 6814 24946
25375 7956 20579
20579 7956 25375
7956 20579 25375
24486 1505 8679
1505 8679 24486
8679 1505 24486
19441 18166 29999
18166 19441 29999
29999 18166 19441
6556 1696 11883
11883 1696 6556
1696 6556 11883
13757 25735 26158
26158 13757 25735
25735 13757 26158
24091 6823 12074
12074 6823 24091
6823 12074 24091
10772 9685 24933
9685 10772 24933
24933 9685 10772
834 6991 24860
6991 834 24860
24860 834 6991
21749 17571 28328
28328 17571 21749
17571 21749 28328
6538 6403 9418
6403 6538 9418
9418 6403 6538
15801 1312 4816
1312 4816 15801
4816 1312 15801
29618 1328 17549
1328 17549 29618
17549 1328 29618
27769 9547 23171
9547 23171 27769
23171 9547 27769
7548 11033 23821
23821 7548 11033
11033 7548 23821
20029 7796 15702
7796 15702 20029
15702 7796 20029
13986 7841 25361
7841 13986 25361
25361 7841 13986
5532 2184 3876
3876 2184 5532
2184 3876 5532
17375 9738 21283
9738 17375 21283
21283 9738 17375
1359 14502 28851
14502 1359 28851
28851 1359 14502
7570 2079 18211
2079 7570 18211
18211 2079 7570
4557 1237 4665
1237 4557 4665
4665 1237 4557
8560 4152 15038
4152 8560 15038
15038 4152 8560
17780 21495 22399
22399 17780 21495
21495 17780 22399
22000 13586 22643
22643 13586 22000
13586 22000 22643
237 3102 28009
3102 237 28009
28009 237 3102
9088 6868 24230
24230 6868 9088
6868 9088 24230
28342 1582 1813
1582 1813 28342
1813 1582 28342
284 10550 11329
10550 284 11329
11329 284 10550
24144 198 912
912 198 24144
198 912 24144
14624 12921 28547
12921 14624 28547
28547 12921 14624
1492 8448 10636
10636 1492 8448
8448 1492 10636
23460 17552 18583
18583 17552 23460
17552 18583 23460
6913 4960 13328
13328 4960 6913
4960 6913 13328
28487 26796 27462
27462 26796 28487
26796 27462 28487
26721 10688 20201
20201 10688 26721
10688 20201 26721
15406 478 20994
20994 478 15406
478 15406 20994
27750 15668 24200
15668 24200 27750
24200 15668 27750
25756 9188 10184
10184 9188 25756
9188 10184 25756
18416 25603 27009
25603 18416 27009
27009 18416 25603
15671 8088 8357
8357 8088 15671
8088 8357 15671
7497 7376 25786
7376 7497 25786
25786 7376 7497
11805 13804 26393
26393 11805 13804
13804 11805 26393
17741 27784 29738
27784 17741 29738
29738 17741 27784
25904 10130 25531
25531 10130 25904
10130 25531 25904
18792 4621 9804
9804 4621 18792
4621 9804 18792
10731 15391 21994
21994 10731 15391
15391 10731 21994
22317 942 2316
2316 942 22317
942 2316 22317
21877 6502 22959
22959 6502 21877
6502 21877 22959
7013 696 29868
29868 696 7013
696 7013 29868
7287 21774 21931
21931 7287 21774
21774 7287 21931
5683 20367 21701
21701 5683 20367
20367 5683 21701
2516 1345 18519
18519 1345 2516
1345 2516 18519
18023 1673 3300
3300 1673 18023
1673 3300 18023
21526 9861 21969
21969 9861 21526
9861 21526 21969
7405 3272 12120
3272 7405 12120
12120 3272 7405
10470 1365 18331
18331 1365 10470
1365 10470 18331
9192 11101 22718
11101 9192 22718
22718 9192 11101
9881 16632 27066
27066 9881 16632
16632 9881 27066
27765 19786 25412
19786 25412 27765
25412 19786 27765
20671 1690 10643
1690 10643 20671
10643 1690 20671
6506 4216 8049
4216 6506 8049
8049 4216 6506
18611 18805 24416
18805 18611 24416
24416 18611 18805
22918 15606 22214
15606 22214 22918
22214 15606 22918
2332 13511 21072
21072 2332 13511
13511 2332 21072
19228 22696 28759
28759 19228 22696
22696 19228 28759
9783 7388 8385
8385 7388 9783
7388 8385 9783
22622 14612 27432
14612 22622 27432
27432 14612 22622
27560 14262 29594
14262 27560 29594
29594 14262 27560
13022 12991 24950
12991 13022 24950
24950 12991 13022
16688 22382 23284
23284 16688 22382
22382 16688 23284
11536 21313 26914
21313 11536 26914
26914 11536 21313
21561 355 19378
19378 355 21561
355 19378 21561
13032 9884 15909
15909 9884 13032
9884 13032 15909
29640 2602 18937
18937 2602 29640
2602 18937 29640
12086 13683 28546
13683 12086 28546
28546 12086 13683
7129 9777 13509
9777 7129 13509
13509 7129 9777
11151 201 7507
201 7507 11151
7507 201 11151
16799 15401 17939
15401 16799 17939
17939 15401 16799
7616 5212 15842
15842 5212 7616
5212 7616 15842
3774 5658 24816
5658 3774 24816
24816 3774 5658
13020 20916 23780
23780 13020 20916
20916 13020 23780
13931 2313 13361
2313 13361 13931
13361 2313 13931
8253 12107 13055
12107 8253 13055
13055 8253 12107
13315 10968 11597
11597 10968 13315
10968 11597 13315
6605 12520 24931
12520 6605 24931
24931 6605 12520
11041 1722 13314
1722 11041 13314
13314 1722 11041
1803 3178 20440
3178 1803 20440
20440 1803 3178
22290 5833 10683
5833 10683 22290
10683 5833 22290
15709 531 4539
531 4539 15709
4539 531 15709
8672 2210 7965
7965 2210 8672
2210 7965 8672
19696 10744 18732
18732 10744 19696
10744 18732 19696
23623 18969 29176
18969 23623 29176
29176 18969 23623
23732 2020 28026
28026 2020 23732
2020 23732 28026
13161 7011 7977
7977 7011 13161
7011 7977 13161
4415 6280 27592
6280 4415 27592
27592 4415 6280
26933 553 3533
553 3533 26933
3533 553 26933
2984 11953 21075
11953 2984 21075
21075 2984 11953
27177 14109 17044
14109 17044 27177
17044 14109 27177
646 7951 24646
24646 646 7951
7951 646 24646
3205 18562 21671
21671 3205 18562
18562 3205 21671
16496 5445 24286
24286 5445 16496
5445 16496 24286
1580 5616 11589
5616 1580 11589
11589 1580 5616
17660 8513 11377
8513 11377 17660
11377 8513 17660
3439 14323 15265
15265 3439 14323
14323 3439 15265
7188 17107 20682
20682 7188 17107
17107 7188 20682
1626 9928 23592
23592 1626 9928
9928 1626 23592
21094 742 1531
742 1531 21094
1531 742 21094
14695 22144 24938
22144 14695 24938
24938 14695 22144
4052 12486 22853
12486 4052 22853
22853 4052 12486
5716 2797 20241
20241 2797 5716
2797 5716 20241
13099 2233 17026
17026 2233 13099
2233 13099 17026
15320 12081 13832
13832 12081 15320
12081 13832 15320
29167 16679 25053
25053 16679 29167
16679 25053 29167
9721 12206 25678
25678 9721 12206
12206 9721 25678
62 7312 23697
7312 62 23697
23697 62 7312
1379 4013 19186
19186 1379 4013
4013 1379 19186
5315 18743 24846
24846 5315 18743
18743 5315 24846
24493 7973 17941
17941 7973 24493
7973 17941 24493
29424 18913 29265
29265 18913 29424
18913 29265 29424
24753 1789 9304
9304 1789 24753
1789 9304 24753
3301 2917 10429
10429 2917 3301
2917 3301 10429
26714 13005 19848
19848 13005 26714
13005 19848 26714
12723 6357 25524
25524 6357 12723
6357 12723 25524
12126 8789 18164
8789 12126 18164
18164 8789 12126
4916 3696 23411
3696 4916 23411
23411 3696 4916
16698 13297 28976
13297 16698 28976
28976 13297 16698
16193 21621 25347
25347 16193 21621
21621 16193 25347
23640 25227 29665
29665 23640 25227
25227 23640 29665
23698 4200 4623
4623 4200 23698
4200 4623 23698
785 20028 25410
20028 785 25410
25410 785 20028
19530 24923 26998
26998 19530 24923
24923 19530 26998
23739 108 11591
108 11591 23739
11591 108 23739
1806 13094 24763
24763 1806 13094
13094 1806 24763
19047 824 6169
6169 824 19047
824 6169 19047
20516 1417 10204
10204 1417 20516
1417 10204 20516
24529 4766 16734
4766 16734 24529
16734 4766 24529
9734 8676 29078
29078 8676 9734
8676 9734 29078
3047 7277 14206
7277 3047 14206
14206 3047 7277
11726 7049 28497
7049 11726 28497
28497 7049 11726
8626 15820 28525
28525 8626 15820
15820 8626 28525
1782 1058 3665
1058 1782 3665
3665 1058 1782
20362 5397 8272
8272 5397 20362
5397 8272 20362
5924 4796 26458
26458 4796 5924
4796 5924 26458
4190 5220 16662
16662 4190 5220
5220 4190 16662
23549 16595 24533
24533 16595 23549
16595 23549 24533
29427 9241 11477
9241 11477 29427
11477 9241 29427
6946 6124 25469
25469 6124 6946
6124 6946 25469
2199 4976 29229
4976 2199 29229
29229 2199 4976
5400 703 9519
703 5400 9519
9519 703 5400
16728 1029 2311
2311 1029 16728
1029 2311 16728
1960 21908 26764
26764 1960 21908
21908 1960 26764
13190 8525 29956
8525 13190 29956
29956 8525 13190
19461 4877 11961
4877 11961 19461
11961 4877 19461
26750 18883 25877
25877 18883 26750
18883 25877 26750
1945 19597 24960
19597 1945 24960
24960 1945 19597
11971 6151 14050
14050 6151 11971
6151 11971 14050
16015 455 9061
455 9061 16015
9061 455 16015
10616 4835 12805
12805 4835 10616
4835 10616 12805
23040 22401 25131
22401 23040 25131
25131 22401 23040
1825 18154 20851
18154 1825 20851
20851 1825 18154
28968 13559 17434
13559 17434 28968
17434 13559 28968
6789 3145 8354
3145 6789 8354
8354 3145 6789
12599 15490 25740
15490 12599 25740
25740 12599 15490
23991 9128 24455
24455 9128 23991
9128 23991 24455
14344 16235 20486
20486 14344 16235
16235 14344 20486
8997 17175 25454
17175 8997 25454
25454 8997 17175
23045 8610 15928
8610 15928 23045
15928 8610 23045
28687 2948 22122
2948 22122 28687
22122 2948 28687
81 4701 12497
12497 81 4701
4701 81 12497
1702 1858 14550
1858 1702 14550
14550 1702 1858
22800 1630 20437
1630 20437 22800
20437 1630 22800
21141 7591 11665
7591 11665 21141
11665 7591 21141
766 8189 23682
8189 766 23682
23682 766 8189
27473 12045 12788
12045 12788 27473
12788 12045 27473
8185 634 8100
634 8100 8185
8100 634 8185
8125 4741 26185
26185 4741 8125
4741 8125 26185
19326 14246 15725
15725 14246 19326
14246 15725 19326
24925 9132 21401
21401 9132 24925
9132 21401 24925
20433 18369 21255
18369 20433 21255
21255 18369 20433
14898 8543 24081
8543 14898 24081
24081 8543 14898
2227 2517 25250
25250 2227 2517
2517 2227 25250
9012 22529 25411
22529 9012 25411
25411 9012 22529
1333 9324 13642
13642 1333 9324
9324 1333 13642
17190 8690 14153
14153 8690 17190
8690 14153 17190
26574 7900 14540
14540 7900 26574
7900 14540 26574
7023 17536 18106
17536 7023 18106
18106 7023 17536
18012 9640 17374
9640 17374 18012
17374 9640 18012
26619 1224 7595
1224 7595 26619
7595 1224 26619
27126 19789 25400
25400 19789 27126
19789 25400 27126
26728 2358 15967
15967 2358 26728
2358 15967 26728
17597 8029 15114
8029 15114 17597
15114 8029 17597
7447 4854 27529
4854 7447 27529
27529 4854 7447
3684 18274 25142
18274 3684 25142
25142 3684 18274
9505 16414 28422
28422 9505 16414
16414 9505 28422
26609 20492 22761
22761 20492 26609
20492 22761 26609
20131 2639 15988
15988 2639 20131
2639 15988 20131
8002 220 8403
220 8002 8403
8403 220 8002
13628 25807 26707
25807 13628 26707
26707 13628 25807
27615 4509 7317
7317 4509 27615
4509 7317 27615
2999 246 28536
28536 246 2999
246 2999 28536
23738 13733 26098
26098 13733 23738
13733 23738 26098
8551 617 25209
25209 617 8551
617 8551 25209
1931 681 6691
681 1931 6691
6691 681 1931
20692 740 14893
740 14893 20692
14893 740 20692
14727 12365 26212
26212 12365 14727
12365 14727 26212
14349 14721 18427
14721 14349 18427
18427 14349 14721
7997 4141 22260
4141 7997 22260
22260 4141 7997
18136 3169 8993
8993 3169 18136
3169 8993 18136
15828 15863 26472
26472 15828 15863
15863 15828 26472
722 9976 23909
9976 722 23909
23909 722 9976
26808 11353 18991
11353 18991 26808
18991 11353 26808
23767 2934 5226
5226 2934 23767
2934 5226 23767
2503 28142 29211
28142 2503 29211
29211 2503 28142
25814 8911 19072
8911 19072 25814
19072 8911 25814
23857 14989 28399
28399 14989 23857
14989 23857 28399
16277 2202 25954
25954 2202 16277
2202 16277 25954
20048 15797 17344
17344 15797 20048
15797 17344 20048
23306 7581 22407
7581 22407 23306
22407 7581 23306
440 15645 21437
21437 440 15645
15645 440 21437
4468 6298 12038
12038 4468 6298
6298 4468 12038
7818 5325 13836
13836 5325 7818
5325 7818 13836
9683 14324 24528
14324 9683 24528
24528 9683 14324
23582 29300 29941
29300 23582 29941
29941 23582 29300
22312 3807 29777
3807 22312 29777
29777 3807 22312
25242 20604 26175
20604 25242 26175
26175 20604 25242
28205 19606 23626
19606 23626 28205
23626 19606 28205
23356 11349 20826
11349 20826 23356
20826 11349 23356
10047 13248 14900
14900 10047 13248
13248 10047 14900
18738 277 27736
27736 277 18738
277 18738 27736
16379 7792 11599
7792 11599 16379
11599 7792 16379
2533 4358 10156
4358 2533 10156
10156 2533 4358
5447 34 26851
26851 34 5447
34 5447 26851
8550 2671 12569
12569 2671 8550
2671 8550 12569
26726 7843 19252
19252 7843 26726
7843 19252 26726
12067 22118 25362
22118 12067 25362
25362 12067 22118
23846 4910 24035
4910 23846 24035
24035 4910 23846
20963 2577 27377
27377 2577 20963
2577 20963 27377
13275 18204 23141
18204 13275 23141
23141 13275 18204
10433 1563 5782
1563 5782 10433
5782 1563 10433
9114 1711 18384
1711 9114 18384
18384 1711 9114
22867 23181 26512
23181 22867 26512
26512 22867 23181
5737 18744 25800
18744 5737 25800
25800 5737 18744
15230 8279 21218
21218 8279 15230
8279 15230 21218
8117 384 20428
384 8117 20428
20428 384 8117
8027 4646 7173
4646 7173 8027
7173 4646 8027
1576 5493 8412
8412 1576 5493
5493 1576 8412
25115 13911 23704
23704 13911 25115
13911 23704 25115
25537 1024 14801
14801 1024 25537
1024 14801 25537
28498 2211 9828
2211 9828 28498
9828 2211 28498
24947 8212 11542
8212 11542 24947
11542 8212 24947
26684 2670 9854
2670 9854 26684
9854 2670 26684
7380 17751 27774
17751 7380 27774
27774 7380 17751
25499 5230 22780
5230 22780 25499
22780 5230 25499
19003 11399 20962
11399 19003 20962
20962 11399 19003
12428 3888 14064
3888 12428 14064
14064 3888 12428
10401 10767 12821
10767 10401 12821
12821 10401 10767
24668 16999 22583
22583 16999 24668
16999 22583 24668
27685 20836 29802
20836 27685 29802
29802 20836 27685
4925 15244 26708
15244 4925 26708
26708 4925 15244
7492 3324 26564
26564 3324 7492
3324 7492 26564
7211 14491 17409
17409 7211 14491
14491 7211 17409
2105 1372 3844
3844 1372 2105
1372 2105 3844
9373 5587 21776
21776 5587 9373
5587 9373 21776
27145 1265 15608
15608 1265 27145
1265 15608 27145
9860 12228 14517
12228 9860 14517
14517 9860 12228
20065 6044 19854
19854 6044 20065
6044 19854 20065
10657 2937 13396
2937 10657 13396
13396 2937 10657
16168 19556 25981
25981 16168 19556
19556 16168 25981
15263 2038 16494
2038 15263 16494
16494 2038 15263
13660 3063 5648
3063 5648 13660
5648 3063 13660
15791 18420 28491
18420 15791 28491
28491 15791 18420
16418 19795 23410
19795 16418 23410
23410 16418 19795
12538 25652 27693
25652 12538 27693
27693 12538 25652
22162 6948 29098
29098 6948 22162
6948 22162 29098
22171 24751 29592
24751 22171 29592
29592 22171 24751
5203 19067 25836
25836 5203 19067
19067 5203 25836
13953 4040 17187
4040 13953 17187
17187 4040 13953
4294 12188 14290
12188 4294 14290
14290 4294 12188
27577 16554 23906
23906 16554 27577
16554 23906 27577
7257 8109 14733
14733 7257 8109
8109 7257 14733
15846 1047 20243
1047 15846 20243
20243 1047 15846
25515 3292 28284
28284 3292 25515
3292 25515 28284
6058 3751 28223
3751 6058 28223
28223 3751 6058
22968 7076 19908
19908 7076 22968
7076 19908 22968
20400 748 27551
27551 748 20400
748 20400 27551
16120 9893 18122
18122 9893 16120
9893 16120 18122
5496 3923 18587
18587 3923 5496
3923 5496 18587
23043 2416 18379
18379 2416 23043
2416 18379 23043
26725 22363 24401
24401 22363 26725
22363 24401 26725
10914 16693 19404
19404 10914 16693
16693 10914 19404
16480 1177 6172
1177 6172 16480
6172 1177 16480
15089 1629 23136
1629 15089 23136
23136 1629 15089
1087 19856 24647
24647 1087 19856
19856 1087 24647
18949 8597 23606
8597 18949 23606
23606 8597 18949
29828 19825 22170
19825 22170 29828
22170 19825 29828
13249 8154 27967
27967 8154 13249
8154 13249 27967
22488 16202 18485
16202 18485 22488
18485 16202 22488
43 3813 5529
3813 43 5529
5529 43 3813
3386 142 25747
25747 142 3386
142 3386 25747
29579 9960 25319
25319 9960 29579
9960 25319 29579
12834 4119 8072
4119 8072 12834
8072 4119 12834
3675 15301 28616
28616 3675 15301
15301 3675 28616
28188 2111 21878
2111 21878 28188
21878 2111 28188
28934 24020 24949
24020 24949 28934
24949 24020 28934
26079 11715 15544
11715 15544 26079
15544 11715 26079
3627 2192 12185
12185 2192 3627
2192 3627 12185
3400 8633 11147
11147 3400 8633
8633 3400 11147
6047 196 18086
196 6047 18086
18086 196 6047
9887 6436 25598
6436 9887 25598
25598 6436 9887
29850 8094 10594
10594 8094 29850
8094 10594 29850
15054 19949 29126
19949 15054 29126
29126 15054 19949
23544 1647 25641
1647 23544 25641
25641 1647 23544
24784 8309 28571
8309 24784 28571
28571 8309 24784
20263 5866 8262
5866 8262 20263
8262 5866 20263
27629 3502 18359
3502 18359 27629
18359 3502 27629
1746 9801 12775
9801 1746 12775
12775 1746 9801
5826 17635 17797
17635 5826 17797
17797 5826 17635
11444 11389 12190
11389 11444 12190
12190 11389 11444
3034 6582 11228
6582 3034 11228
11228 3034 6582
3859 9299 23483
9299 3859 23483
23483 3859 9299
10108 17445 29243
17445 10108 29243
29243 10108 17445
22036 6197 8298
6197 8298 22036
8298 6197 22036
22289 14821 19494
14821 19494 22289
19494 14821 22289
14131 2655 18009
18009 2655 14131
2655 14131 18009
20208 9141 9538
9538 9141 20208
9141 9538 20208
29252 316 11176
316 11176 29252
11176 316 29252
5807 11661 11803
11803 5807 11661
11661 5807 11803
13898 4607 12463
4607 12463 13898
12463 4607 13898
4369 23264 29638
23264 4369 29638
29638 4369 23264
11889 567 4726
4726 567 11889
567 4726 11889
27059 5744 23577
23577 5744 27059
5744 23577 27059
28459 5824 17312
5824 17312 28459
17312 5824 28459
25327 15914 24660
15914 24660 25327
24660 15914 25327
26284 6566 10145
6566 10145 26284
10145 6566 26284
27795 11473 17139
11473 17139 27795
17139 11473 27795
24265 13111 21698
21698 13111 24265
13111 21698 24265
20626 163 19563
19563 163 20626
163 19563 20626
14815 1950 2817
2817 1950 14815
1950 2817 14815
22410 1074 7653
1074 7653 22410
7653 1074 22410
6722 8912 21661
8912 6722 21661
21661 6722 8912
28969 8040 9848
8040 9848 28969
9848 8040 28969
26591 12893 22858
12893 22858 26591
22858 12893 26591
2792 11725 12631
11725 2792 12631
12631 2792 11725
24053 22337 24584
24584 22337 24053
22337 24053 24584
20122 13334 23140
13334 20122 23140
23140 13334 20122
13625 18703 21279
18703 13625 21279
21279 13625 18703
7362 6647 29299
6647 7362 29299
29299 6647 7362
24867 6448 18500
18500 6448 24867
6448 18500 24867
25915 2364 12923
12923 2364 25915
2364 12923 25915
3970 27678 28688
27678 3970 28688
28688 3970 27678
3090 4292 18675
18675 3090 4292
4292 3090 18675
15023 13089 27067
27067 13089 15023
13089 15023 27067
19279 7456 15345
7456 15345 19279
15345 7456 19279
3213 11553 22937
11553 3213 22937
22937 3213 11553
12697 1140 21747
21747 1140 12697
1140 12697 21747
14899 13966 20500
13966 14899 20500
20500 13966 14899
23679 23378 29001
23378 23679 29001
29001 23378 23679
5886 21990 25990
21990 5886 25990
25990 5886 21990
21361 5977 7988
7988 5977 21361
5977 7988 21361
26309 20270 26102
20270 26102 26309
26102 20270 26309
8899 25889 28378
28378 8899 25889
25889 8899 28378
21626 2641 23110
23110 2641 21626
2641 21626 23110
29314 10808 23614
10808 23614 29314
23614 10808 29314
25459 22924 27602
27602 22924 25459
22924 25459 27602
24084 12650 26210
26210 12650 24084
12650 24084 26210
2002 6364 24762
24762 2002 6364
6364 2002 24762
12600 6729 28967
28967 6729 12600
6729 12600 28967
8961 16906 19777
16906 8961 19777
19777 8961 16906
24715 5114 9386
5114 9386 24715
9386 5114 24715
14427 12544 28246
28246 12544 14427
12544 14427 28246
13352 10373 12102
10373 12102 13352
12102 10373 13352
22027 14449 20030
20030 14449 22027
14449 20030 22027
3817 10073 14006
14006 3817 10073
10073 3817 14006
10888 22280 24734
24734 10888 22280
22280 10888 24734
3720 3152 17884
17884 3152 3720
3152 3720 17884
20245 20370 27700
20370 20245 27700
27700 20245 20370
10728 943 7685
7685 943 10728
943 7685 10728
15956 2144 29623
29623 2144 15956
2144 15956 29623
25230 13258 16337
16337 13258 25230
13258 16337 25230
27347 16394 20244
20244 16394 27347
16394 20244 27347
17049 21378 27385
27385 17049 21378
21378 17049 27385
3066 5788 20822
5788 3066 20822
20822 3066 5788
25405 2378 17812
2378 17812 25405
17812 2378 25405
21208 11375 16935
11375 16935 21208
16935 11375 21208
3126 7899 13949
13949 3126 7899
7899 3126 13949
11616 7643 10388
10388 7643 11616
7643 10388 11616
8828 19339 21478
21478 8828 19339
19339 8828 21478
14697 11601 20558
20558 11601 14697
11601 14697 20558
19752 24473 26360
24473 19752 26360
26360 19752 24473
21446 6853 7176
6853 7176 21446
7176 6853 21446
9045 2044 29833
29833 2044 9045
2044 9045 29833
24149 20281 25540
25540 20281 24149
20281 24149 25540
26788 22091 24244
22091 24244 26788
24244 22091 26788
28374 25893 29541
25893 28374 29541
29541 25893 28374
23211 6350 29292
29292 6350 23211
6350 23211 29292
11197 520 1645
1645 520 11197
520 1645 11197
21887 4946 7021
4946 7021 21887
7021 4946 21887
11884 5143 18729
18729 5143 11884
5143 11884 18729
5806 13353 16328
16328 5806 13353
13353 5806 16328
10091 383 19437
383 10091 19437
19437 383 10091
23617 1153 29058
1153 23617 29058
29058 1153 23617
29052 3334 3682
3682 3334 29052
3334 3682 29052
19425 7515 22497
7515 19425 22497
22497 7515 19425
28974 12147 23652
12147 23652 28974
23652 12147 28974
14732 1968 27289
27289 1968 14732
1968 14732 27289
2818 4657 7477
4657 2818 7477
7477 2818 4657
24431 19733 21312
21312 19733 24431
19733 21312 24431
10527 1146 26338
26338 1146 10527
1146 10527 26338
28329 665 26960
26960 665 28329
665 26960 28329
88 12325 21904
12325 88 21904
21904 88 12325
8338 15214 16456
16456 8338 15214
15214 8338 16456
8378 392 17887
392 8378 17887
17887 392 8378
15329 1174 23114
23114 1174 15329
1174 15329 23114
23150 10441 12041
10441 12041 23150
12041 10441 23150
8747 9675 26038
9675 8747 26038
26038 8747 9675
13857 15954 27166
15954 13857 27166
27166 13857 15954
13917 10392 10666
10392 10666 13917
10666 10392 13917
14890 7903 12349
7903 12349 14890
12349 7903 14890
20983 20088 21835
21835 20088 20983
20088 20983 21835
25336 12487 20425
20425 12487 25336
12487 20425 25336
9425 15088 27912
27912 9425 15088
15088 9425 27912
19941 9717 21840
9717 19941 21840
21840 9717 19941
23874 12659 21581
12659 21581 23874
21581 12659 23874
1502 12924 24631
24631 1502 12924
12924 1502 24631
18290 5167 9600
5167 9600 18290
9600 5167 18290
10098 9813 28075
28075 9813 10098
9813 10098 28075
6405 18341 22677
22677 6405 18341
18341 6405 22677
13589 1633 2076
1633 2076 13589
2076 1633 13589
2474 2994 21015
2994 2474 21015
21015 2474 2994
29114 6986 17439
6986 17439 29114
17439 6986 29114
7710 11857 20884
20884 7710 11857
11857 7710 20884
8539 13990 29361
13990 8539 29361
29361 8539 13990
4067 23246 26252
26252 4067 23246
23246 4067 26252
29006 5133 19418
19418 5133 29006
5133 19418 29006
10268 3270 8222
8222 3270 10268
3270 8222 10268
5774 8156 20706
8156 5774 20706
20706 5774 8156
14817 6180 25317
25317 6180 14817
6180 14817 25317
18552 11848 27216
27216 11848 18552
11848 18552 27216
10970 14147 28683
28683 10970 14147
14147 10970 28683
3007 580 21453
580 3007 21453
21453 580 3007
2780 863 26581
26581 863 2780
863 2780 26581
18857 15527 27413
15527 18857 27413
27413 15527 18857
2369 16067 26585
16067 2369 26585
26585 2369 16067
26809 9556 21582
21582 9556 26809
9556 21582 26809
16346 2598 19309
2598 16346 19309
19309 2598 16346
3866 4508 5521
4508 3866 5521
5521 3866 4508
10321 4709 21083
21083 4709 10321
4709 10321 21083
14765 10035 26576
10035 14765 26576
26576 10035 14765
9541 2236 14948
14948 2236 9541
2236 9541 14948
15342 14079 14192
14192 14079 15342
14079 14192 15342
18162 1381 6110
6110 1381 18162
1381 6110 18162
17854 16843 18757
16843 17854 18757
18757 16843 17854
16312 8084 17615
8084 16312 17615
17615 8084 16312
28023 555 6123
555 6123 28023
6123 555 28023
24342 9591 27312
27312 9591 24342
9591 24342 27312
25478 7525 13306
13306 7525 25478
7525 13306 25478
5822 5450 22847
5450 5822 22847
22847 5450 5822
16280 22352 29304
22352 16280 29304
29304 16280 22352
9303 11374 12590
11374 9303 12590
12590 9303 11374
23401 7590 22817
22817 7590 23401
7590 22817 23401
623 16861 25211
16861 623 25211
25211 623 16861
10319 645 26943
645 10319 26943
26943 645 10319
9419 13414 16863
16863 9419 13414
13414 9419 16863
6132 4338 8495
8495 4338 6132
4338 6132 8495
4781 19166 19774
19166 4781 19774
19774 4781 19166
315 13219 26848
13219 315 26848
26848 315 13219
4343 17244 28737
28737 4343 17244
17244 4343 28737
15033 15975 19307
19307 15033 15975
15975 15033 19307
25070 956 20141
20141 956 25070
956 20141 25070
19242 19057 26499
19057 19242 26499
26499 19057 19242
1965 12876 14085
14085 1965 12876
12876 1965 14085
24869 6517 22570
6517 22570 24869
22570 6517 24869
20318 3877 27840
27840 3877 20318
3877 20318 27840
10672 8449 27391
27391 8449 10672
8449 10672 27391
18502 11506 23775
11506 18502 23775
23775 11506 18502
21480 10693 21122
10693 21122 21480
21122 10693 21480
2150 7724 13137
7724 2150 13137
13137 2150 7724
29316 6366 21173
21173 6366 29316
6366 21173 29316
27843 350 11622
350 11622 27843
11622 350 27843
6195 8816 17262
17262 6195 8816
8816 6195 17262
14618 19084 20910
20910 14618 19084
19084 14618 20910
27019 15642 24074
24074 15642 27019
15642 24074 27019
21979 14086 28197
14086 21979 28197
28197 14086 21979
19648 2341 12978
12978 2341 19648
2341 12978 19648
23061 15910 20004
15910 20004 23061
20004 15910 23061
26970 1570 13747
1570 13747 26970
13747 1570 26970
22248 11561 16017
16017 11561 22248
11561 16017 22248
27151 26128 30000
26128 27151 30000
30000 26128 27151
17099 18181 22141
22141 17099 18181
18181 17099 22141
24429 21670 26467
26467 21670 24429
21670 24429 26467
18566 10646 10802
10646 10802 18566
10802 10646 18566
17425 11773 19877
19877 11773 17425
11773 17425 19877
23824 11204 29469
11204 23824 29469
29469 11204 23824
3656 3181 14098
3181 3656 14098
14098 3181 3656
29742 11352 18776
11352 18776 29742
18776 11352 29742
3645 11945 29277
29277 3645 11945
11945 3645 29277
21972 11955 23121
23121 11955 21972
11955 21972 23121
9194 1169 18774
1169 9194 18774
18774 1169 9194
17513 5385 9168
9168 5385 17513
5385 9168 17513
25322 12142 29627
12142 25322 29627
29627 12142 25322
22728 24568 24817
24817 22728 24568
24568 22728 24817
27978 17729 24975
24975 17729 27978
17729 24975 27978
11906 2921 24681
2921 11906 24681
24681 2921 11906
27734 8249 8411
8249 8411 27734
8411 8249 27734
27200 3614 13350
3614 13350 27200
13350 3614 27200
767 1306 28116
28116 767 1306
1306 767 28116
21732 9637 11330
11330 9637 21732
9637 11330 21732
10505 16085 21575
16085 10505 21575
21575 10505 16085
6087 5582 10956
10956 5582 6087
5582 6087 10956
13210 12615 14966
12615 13210 14966
14966 12615 13210
14355 1908 3632
1908 3632 14355
3632 1908 14355
15317 8362 8474
8362 8474 15317
8474 8362 15317
5547 29104 29678
29104 5547 29678
29678 5547 29104
9674 23724 24732
24732 9674 23724
23724 9674 24732
16474 14699 23501
23501 14699 16474
14699 16474 23501
26869 7451 18781
7451 18781 26869
18781 7451 26869
2844 8863 28553
28553 2844 8863
8863 2844 28553
9911 7560 16498
16498 7560 9911
7560 9911 16498
20669 10283 25049
25049 10283 20669
10283 20669 25049
9720 5349 7334
5349 7334 9720
7334 5349 9720
7693 13579 26296
13579 7693 26296
26296 7693 13579
20887 11880 14804
14804 11880 20887
11880 14804 20887
12233 20524 28561
20524 12233 28561
28561 12233 20524
8776 8320 10634
8320 8776 10634
10634 8320 8776
7751 7730 12493
7730 7751 12493
12493 7730 7751
24358 13302 24801
24801 13302 24358
13302 24358 24801
16102 9574 14556
9574 14556 16102
14556 9574 16102
24777 15658 20802
15658 20802 24777
20802 15658 24777
19097 5813 28437
5813 19097 28437
28437 5813 19097
19999 399 7513
399 7513 19999
7513 399 19999
25179 17114 17831
17114 17831 25179
17831 17114 25179
19802 999 29904
999 19802 29904
29904 999 19802
3810 6322 12796
6322 3810 12796
12796 3810 6322
19527 10795 12262
12262 10795 19527
10795 12262 19527
11388 15192 28835
15192 11388 28835
28835 11388 15192
13207 5210 8994
8994 5210 13207
5210 8994 13207
222 22056 22795
22056 222 22795
22795 222 22056
7440 13421 21518
13421 7440 21518
21518 7440 13421
21088 20651 22861
20651 21088 22861
22861 20651 21088
13687 6982 17908
6982 13687 17908
17908 6982 13687
2832 3108 5673
5673 2832 3108
3108 2832 5673
27810 28840 29510
29510 27810 28840
28840 27810 29510
10864 354 4372
354 4372 10864
4372 354 10864
24044 3016 24017
3016 24017 24044
24017 3016 24044
23553 17869 27963
27963 17869 23553
17869 23553 27963
2959 14435 25865
25865 2959 14435
14435 2959 25865
22993 12741 27115
12741 22993 27115
27115 12741 22993
18678 3239 10881
3239 10881 18678
10881 3239 18678
6997 1940 24341
24341 1940 6997
1940 6997 24341
2893 1640 6220
1640 2893 6220
6220 1640 2893
14854 20045 23344
23344 14854 20045
20045 14854 23344
23188 3920 8869
8869 3920 23188
3920 8869 23188
2149 16822 20729
16822 2149 20729
20729 2149 16822
5989 8442 26541
8442 5989 26541
26541 5989 8442
11111 1610 12668
12668 1610 11111
1610 11111 12668
9401 10894 24078
24078 9401 10894
10894 9401 24078
14232 17893 27043
17893 14232 27043
27043 14232 17893
24175 600 16113
16113 600 24175
600 16113 24175
19889 8592 18526
18526 8592 19889
8592 18526 19889
24515 2863 22767
22767 2863 24515
2863 22767 24515
4878 1440 23311
23311 1440 4878
1440 4878 23311
21880 4188 19663
19663 4188 21880
4188 19663 21880
11400 16640 24612
16640 11400 24612
24612 11400 16640
3944 13293 18207
13293 3944 18207
18207 3944 13293
29710 12182 22573
22573 12182 29710
12182 22573 29710
21347 35 23605
23605 35 21347
35 21347 23605
27594 1458 26915
1458 26915 27594
26915 1458 27594
2840 3578 22321
3578 2840 22321
22321 2840 3578
19643 13978 27686
13978 19643 27686
27686 13978 19643
9582 1220 4236
1220 4236 9582
4236 1220 9582
17343 15227 20655
20655 15227 17343
15227 17343 20655
1910 6137 23983
6137 1910 23983
23983 1910 6137
25261 10735 26440
10735 25261 26440
26440 10735 25261
151 24193 28038
24193 151 28038
28038 151 24193
25259 8833 19929
8833 19929 25259
19929 8833 25259
12919 6910 23100
23100 6910 12919
6910 12919 23100
7847 12826 27402
27402 7847 12826
12826 7847 27402
161 9596 27981
9596 161 27981
27981 161 9596
5541 2115 15549
15549 2115 5541
2115 5541 15549
3289 11944 21983
21983 3289 11944
11944 3289 21983
29942 11048 25073
11048 25073 29942
25073 11048 29942
29305 1811 3851
1811 3851 29305
3851 1811 29305
15222 9775 27786
27786 9775 15222
9775 15222 27786
3674 19430 27807
27807 3674 19430
19430 3674 27807
10462 16748 24952
16748 10462 24952
24952 10462 16748
3850 4322 12622
4322 3850 12622
12622 3850 4322
40 19626 21843
19626 40 21843
21843 40 19626
12655 21504 29903
21504 12655 29903
29903 12655 21504
19002 12195 29358
29358 12195 19002
12195 19002 29358
10602 8 24075
24075 8 10602
8 10602 24075
23106 5591 19182
19182 5591 23106
5591 19182 23106
16565 4729 9570
9570 4729 16565
4729 9570 16565
4153 4861 27666
4861 4153 27666
27666 4153 4861
28995 12410 22323
22323 12410 28995
12410 22323 28995
8538 10119 17297
10119 8538 17297
17297 8538 10119
16420 5775 19942
5775 16420 19942
19942 5775 16420
9049 809 14294
14294 809 9049
809 9049 14294
26704 20340 28466
20340 26704 28466
28466 20340 26704
10459 5102 16725
5102 10459 16725
16725 5102 10459
18109 7731 24268
24268 7731 18109
7731 18109 24268
5430 255 22303
22303 255 5430
255 5430 22303
15435 2912 21874
21874 2912 15435
2912 15435 21874
19821 8230 17195
8230 17195 19821
17195 8230 19821
24997 8039 25289
8039 24997 25289
25289 8039 24997
3314 5863 27740
27740 3314 5863
5863 3314 27740
7448 9769 20457
9769 7448 20457
20457 7448 9769
16759 16403 23903
23903 16403 16759
16403 16759 23903
18976 5112 27793
27793 5112 18976
5112 18976 27793
29832 18845 28410
28410 18845 29832
18845 28410 29832
1234 2851 29109
2851 1234 29109
29109 1234 2851
12540 9845 14777
9845 12540 14777
14777 9845 12540
21003 18830 23169
18830 21003 23169
23169 18830 21003
25228 235 2566
235 2566 25228
2566 235 25228
4031 4685 10910
4685 4031 10910
10910 4031 4685
12812 6267 19336
19336 6267 12812
6267 12812 19336
29631 7235 9332
9332 7235 29631
7235 9332 29631
29536 6037 25887
25887 6037 29536
6037 25887 29536
5223 11232 15302
11232 5223 15302
15302 5223 11232
11227 24892 25314
25314 11227 24892
24892 11227 25314
21036 11159 26866
26866 11159 21036
11159 21036 26866
7303 2279 25186
25186 2279 7303
2279 7303 25186
27834 4181 7869
4181 7869 27834
7869 4181 27834
480 13809 15003
13809 480 15003
15003 480 13809
18306 2872 18567
18567 2872 18306
2872 18306 18567
28181 9558 22219
22219 9558 28181
9558 22219 28181
6832 6606 18247
6606 6832 18247
18247 6606 6832
13260 7193 23819
23819 7193 13260
7193 13260 23819
14333 14530 28387
14530 14333 28387
28387 14333 14530
3974 6342 21028
6342 3974 21028
21028 3974 6342
22689 4429 20101
4429 20101 22689
20101 4429 22689
20378 7486 18689
18689 7486 20378
7486 18689 20378
7072 2021 22050
22050 2021 7072
2021 7072 22050
9832 8559 15123
8559 9832 15123
15123 8559 9832
27781 435 25935
