18493 1405 10434
1405 10434 18493
10434 1405 18493
26211 11517 11927
11927 11517 26211
11517 11927 26211
23003 126 19280
126 19280 23003
19280 126 23003
14621 9075 11250
9075 11250 14621
11250 9075 14621
15202 15743 18842
15743 15202 18842
18842 15202 15743
24325 15172 22901
15172 22901 24325
22901 15172 24325
20227 6553 28471
6553 20227 28471
28471 6553 20227
11095 7225 9479
7225 9479 11095
9479 7225 11095
25624 6681 18035
18035 6681 25624
6681 18035 25624
14800 5414 16749
5414 14800 16749
16749 5414 14800
1232 12885 28444
12885 1232 28444
28444 1232 12885
27345 6748 21455
6748 21455 27345
21455 6748 27345
26998 4316 14776
4316 14776 26998
14776 4316 26998
4526 6183 24482
24482 4526 6183
6183 4526 24482
5431 2768 8276
8276 2768 5431
2768 5431 8276
12570 2486 10335
2486 10335 12570
10335 2486 12570
26555 10124 29153
29153 10124 26555
10124 26555 29153
11770 14662 27389
27389 11770 14662
14662 11770 27389
5477 20512 27455
27455 5477 20512
20512 5477 27455
13704 18954 21196
21196 13704 18954
18954 13704 21196
11292 7514 23620
7514 11292 23620
23620 7514 11292
24713 16745 24203
24203 16745 24713
16745 24203 24713
18327 3939 18982
3939 18327 18982
18982 3939 18327
3727 2413 26991
26991 2413 3727
2413 3727 26991
10577 13017 27042
13017 10577 27042
27042 10577 13017
4473 12927 15098
15098 4473 12927
12927 4473 15098
28589 10135 22542
22542 10135 28589
10135 22542 28589
17344 8721 21083
8721 17344 21083
21083 8721 17344
10903 2108 29150
29150 2108 10903
2108 10903 29150
16366 15310 16887
15310 16366 16887
16887 15310 16366
9260 4031 9607
4031 9260 9607
9607 4031 9260
12009 6473 13301
13301 6473 12009
6473 12009 13301
2462 5543 21286
21286 2462 5543
5543 2462 21286
8993 15406 29765
29765 8993 15406
15406 8993 29765
9959 7636 16698
16698 7636 9959
7636 9959 16698
24349 18244 23860
23860 18244 24349
18244 23860 24349
28949 20498 26044
20498 26044 28949
26044 20498 28949
18314 1604 22277
1604 18314 22277
22277 1604 18314
10426 7092 16823
16823 7092 10426
7092 10426 16823
21509 12460 15790
12460 15790 21509
15790 12460 21509
1171 3646 25827
3646 1171 25827
25827 1171 3646
17121 379 11895
379 11895 17121
11895 379 17121
25308 8088 8926
8088 8926 25308
8926 8088 25308
25744 8176 14412
14412 8176 25744
8176 14412 25744
2777 7180 12972
12972 2777 7180
7180 2777 12972
2255 16876 19153
16876 2255 19153
19153 2255 16876
23748 22360 28022
22360 23748 28022
28022 22360 23748
5081 1358 16172
16172 1358 5081
1358 5081 16172
13707 664 7432
664 7432 13707
7432 664 13707
15744 9286 19773
19773 9286 15744
9286 15744 19773
27236 493 24686
24686 493 27236
493 24686 27236
23847 13970 19926
13970 19926 23847
19926 13970 23847
4414 10428 16862
10428 4414 16862
16862 4414 10428
18782 13260 22425
22425 13260 18782
13260 18782 22425
15145 25354 28581
28581 15145 25354
25354 15145 28581
6053 2447 6158
2447 6053 6158
6158 2447 6053
14976 10639 22694
10639 14976 22694
22694 10639 14976
8389 1114 27107
1114 8389 27107
27107 1114 8389
9167 919 10567
919 9167 10567
10567 919 9167
2826 2846 7958
7958 2826 2846
2846 2826 7958
11917 4608 18245
4608 11917 18245
18245 4608 11917
22408 6551 19053
6551 19053 22408
19053 6551 22408
750 173 4886
173 750 4886
4886 173 750
9361 16830 22853
16830 9361 22853
22853 9361 16830
5456 5780 29274
29274 5456 5780
5780 5456 29274
28175 14465 20082
20082 14465 28175
14465 20082 28175
6448 6 4714
4714 6 6448
6 4714 6448
10939 10769 12975
12975 10769 10939
10769 10939 12975
4391 330 6253
330 4391 6253
6253 330 4391
7774 8704 25325
25325 7774 8704
8704 7774 25325
18719 183 222
222 183 18719
183 222 18719
28057 2162 19473
19473 2162 28057
2162 19473 28057
5884 16855 27292
16855 5884 27292
27292 5884 16855
8034 20283 21940
20283 8034 21940
21940 8034 20283
4455 2548 3785
2548 3785 4455
3785 2548 4455
16217 15017 25353
15017 16217 25353
25353 15017 16217
26989 19293 27224
19293 26989 27224
27224 19293 26989
28842 24495 29709
24495 28842 29709
29709 24495 28842
3800 18931 22622
22622 3800 18931
18931 3800 22622
19683 15725 26760
26760 15725 19683
15725 19683 26760
3410 12750 12836
12750 3410 12836
12836 3410 12750
15930 936 12652
936 12652 15930
12652 936 15930
10749 690 19863
19863 690 10749
690 10749 19863
26985 9865 12358
9865 12358 26985
12358 9865 26985
15144 6477 23861
6477 15144 23861
23861 6477 15144
18738 12551 15819
12551 15819 18738
15819 12551 18738
27340 9642 28670
9642 27340 28670
28670 9642 27340
1540 1516 20377
1516 1540 20377
20377 1516 1540
17751 20605 24360
20605 17751 24360
24360 17751 20605
25372 3363 21156
21156 3363 25372
3363 21156 25372
665 1506 16077
16077 665 1506
1506 665 16077
23933 7794 12785
12785 7794 23933
7794 12785 23933
8997 4379 9405
9405 4379 8997
4379 8997 9405
28421 8386 18882
18882 8386 28421
8386 18882 28421
5392 23747 25435
25435 5392 23747
23747 5392 25435
12261 15025 28013
28013 12261 15025
15025 12261 28013
8146 11956 13186
13186 8146 11956
11956 8146 13186
2189 7164 14616
14616 2189 7164
7164 2189 14616
16482 3643 11634
11634 3643 16482
3643 11634 16482
24399 848 5462
5462 848 24399
848 5462 24399
25202 691 26756
691 25202 26756
26756 691 25202
19042 14600 16958
16958 14600 19042
14600 16958 19042
5303 3300 20103
3300 5303 20103
20103 3300 5303
12980 4741 23609
23609 4741 12980
4741 12980 23609
26554 2184 9581
9581 2184 26554
2184 9581 26554
24975 9168 12472
9168 12472 24975
12472 9168 24975
6814 4809 22268
4809 6814 22268
22268 4809 6814
24924 10459 24092
10459 24092 24924
24092 10459 24924
28219 20659 20802
20802 20659 28219
20659 20802 28219
1312 12714 21243
21243 1312 12714
12714 1312 21243
7964 5871 7671
7671 5871 7964
5871 7671 7964
21811 11897 14160
14160 11897 21811
11897 14160 21811
21141 1316 8207
8207 1316 21141
1316 8207 21141
19632 25829 27219
25829 19632 27219
27219 19632 25829
20651 18287 24088
18287 20651 24088
24088 18287 20651
13097 16066 18546
18546 13097 16066
16066 13097 18546
12743 677 21829
677 12743 21829
21829 677 12743
6359 23280 27498
27498 6359 23280
23280 6359 27498
24830 17163 29494
17163 24830 29494
29494 17163 24830
23244 6850 25143
6850 23244 25143
25143 6850 23244
12849 3106 18439
3106 12849 18439
18439 3106 12849
13286 7182 15671
7182 13286 15671
15671 7182 13286
27985 7083 12798
7083 12798 27985
12798 7083 27985
12747 13603 13764
13603 12747 13764
13764 12747 13603
2050 1801 5250
5250 1801 2050
1801 2050 5250
18574 9218 28582
9218 18574 28582
28582 9218 18574
6194 5666 26236
26236 5666 6194
5666 6194 26236
28306 20757 26041
20757 26041 28306
26041 20757 28306
25851 11337 26744
26744 11337 25851
11337 25851 26744
18121 2939 14765
14765 2939 18121
2939 14765 18121
24922 5685 9102
5685 9102 24922
9102 5685 24922
29578 17723 17758
17723 17758 29578
17758 17723 29578
11475 14818 23191
23191 11475 14818
14818 11475 23191
11971 15307 27125
15307 11971 27125
27125 11971 15307
9114 11849 20652
11849 9114 20652
20652 9114 11849
5200 14748 18072
18072 5200 14748
14748 5200 18072
15956 4508 23444
4508 15956 23444
23444 4508 15956
6244 18754 22392
22392 6244 18754
18754 6244 22392
5211 15431 21244
21244 5211 15431
15431 5211 21244
7101 18436 28882
28882 7101 18436
18436 7101 28882
9208 3097 5118
5118 3097 9208
3097 5118 9208
16918 19113 28042
19113 16918 28042
28042 16918 19113
19217 5584 7154
5584 7154 19217
7154 5584 19217
11115 4496 25708
4496 11115 25708
25708 4496 11115
28372 1004 6652
1004 6652 28372
6652 1004 28372
4762 2935 17228
17228 2935 4762
2935 4762 17228
27589 1220 17312
1220 17312 27589
17312 1220 27589
10067 8352 26272
8352 10067 26272
26272 8352 10067
146 7087 9045
9045 146 7087
7087 146 9045
9101 4410 23937
23937 4410 9101
4410 9101 23937
13724 3105 21949
3105 13724 21949
21949 3105 13724
26303 1097 23633
23633 1097 26303
1097 23633 26303
19544 14953 27721
27721 14953 19544
14953 19544 27721
24677 10614 27033
10614 24677 27033
27033 10614 24677
4790 9158 9668
9158 4790 9668
9668 4790 9158
590 1348 6248
1348 590 6248
6248 590 1348
15363 12719 19344
12719 15363 19344
19344 12719 15363
13436 524 17086
17086 524 13436
524 13436 17086
16349 8013 17519
8013 16349 17519
17519 8013 16349
13476 8843 22453
8843 13476 22453
22453 8843 13476
8672 11172 22398
22398 8672 11172
11172 8672 22398
21998 17754 21093
21093 17754 21998
17754 21093 21998
29936 1680 12187
1680 12187 29936
12187 1680 29936
21515 10360 25249
10360 21515 25249
25249 10360 21515
12488 2351 14063
2351 12488 14063
14063 2351 12488
22131 3201 15963
3201 15963 22131
15963 3201 22131
24427 11999 20718
11999 20718 24427
20718 11999 24427
8057 22196 29835
22196 8057 29835
29835 8057 22196
21901 13174 25558
25558 13174 21901
13174 21901 25558
19329 14913 23918
14913 19329 23918
23918 14913 19329
13331 6919 25329
6919 13331 25329
25329 6919 13331
492 10953 27996
10953 492 27996
27996 492 10953
10857 9823 11681
9823 10857 11681
11681 9823 10857
730 7414 26252
7414 730 26252
26252 730 7414
17466 20204 24447
24447 17466 20204
20204 17466 24447
1247 13811 13819
13819 1247 13811
13811 1247 13819
22069 9599 9629
9599 9629 22069
9629 9599 22069
659 1913 4982
1913 659 4982
4982 659 1913
18023 20090 24297
24297 18023 20090
20090 18023 24297
16253 20902 24406
20902 16253 24406
24406 16253 20902
21778 18278 19406
19406 18278 21778
18278 19406 21778
21626 18017 20292
18017 20292 21626
20292 18017 21626
1288 12366 18969
18969 1288 12366
12366 1288 18969
13170 8728 16710
16710 8728 13170
8728 13170 16710
20915 12141 15756
12141 15756 20915
15756 12141 20915
3470 2293 9348
9348 2293 3470
2293 3470 9348
7366 1417 24963
24963 1417 7366
1417 7366 24963
15880 1071 2295
2295 1071 15880
1071 2295 15880
5965 168 16564
168 5965 16564
16564 168 5965
254 1231 27084
27084 254 1231
1231 254 27084
26804 4416 4820
4820 4416 26804
4416 4820 26804
18715 8676 28660
28660 8676 18715
8676 18715 28660
577 955 6385
955 577 6385
6385 577 955
22678 24353 26483
24353 22678 26483
26483 22678 24353
402 11078 27471
11078 402 27471
27471 402 11078
7104 9113 22212
9113 7104 22212
22212 7104 9113
9830 2085 15634
2085 9830 15634
15634 2085 9830
25907 9783 27963
27963 9783 25907
9783 25907 27963
23160 1668 9100
1668 9100 23160
9100 1668 23160
27632 10065 19018
19018 10065 27632
10065 19018 27632
9403 6272 9585
6272 9403 9585
9585 6272 9403
5959 12272 14110
12272 5959 14110
14110 5959 12272
29582 9092 20640
9092 20640 29582
20640 9092 29582
1184 4173 25482
4173 1184 25482
25482 1184 4173
7765 1023 20607
20607 1023 7765
1023 7765 20607
7734 5478 8633
8633 5478 7734
5478 7734 8633
25796 8254 28066
8254 25796 28066
28066 8254 25796
9970 11405 15562
15562 9970 11405
11405 9970 15562
18062 7261 15246
15246 7261 18062
7261 15246 18062
24259 26 9684
9684 26 24259
26 9684 24259
21311 21609 25476
21609 21311 25476
25476 21311 21609
7588 3741 21858
3741 7588 21858
21858 3741 7588
14478 22165 24334
22165 14478 24334
24334 14478 22165
14594 8718 27900
27900 8718 14594
8718 14594 27900
2181 7033 19709
7033 2181 19709
19709 2181 7033
6809 7049 20712
20712 6809 7049
7049 6809 20712
16168 6153 22261
22261 6153 16168
6153 16168 22261
28220 6257 25969
25969 6257 28220
6257 25969 28220
17968 622 9843
9843 622 17968
622 9843 17968
5492 12267 20454
12267 5492 20454
20454 5492 12267
12086 5598 18282
5598 12086 18282
18282 5598 12086
24670 7103 28350
7103 24670 28350
28350 7103 24670
6906 26008 27136
26008 6906 27136
27136 6906 26008
28495 21356 28952
28952 21356 28495
21356 28495 28952
24149 5108 9504
9504 5108 24149
5108 9504 24149
17825 16954 21618
16954 17825 21618
21618 16954 17825
21170 7369 13101
13101 7369 21170
7369 13101 21170
22049 9313 13725
9313 13725 22049
13725 9313 22049
13122 8000 9985
9985 8000 13122
8000 9985 13122
25242 6128 13416
6128 13416 25242
13416 6128 25242
19967 10985 19022
19022 10985 19967
10985 19022 19967
14082 5356 20069
5356 14082 20069
20069 5356 14082
2505 18868 25561
18868 2505 25561
25561 2505 18868
13145 16070 23638
23638 13145 16070
16070 13145 23638
26526 1998 20820
1998 20820 26526
20820 1998 26526
14746 18592 19117
18592 14746 19117
19117 14746 18592
1746 19031 19428
19031 1746 19428
19428 1746 19031
27480 1129 20273
1129 20273 27480
20273 1129 27480
1871 8545 25736
8545 1871 25736
25736 1871 8545
105 7226 26105
7226 105 26105
26105 105 7226
5034 10452 16721
16721 5034 10452
10452 5034 16721
8978 451 12365
12365 451 8978
451 8978 12365
19557 7954 14273
14273 7954 19557
7954 14273 19557
6818 9720 29247
9720 6818 29247
29247 6818 9720
22376 12952 22381
22381 12952 22376
12952 22376 22381
1293 12944 25882
25882 1293 12944
12944 1293 25882
5173 1228 19933
19933 1228 5173
1228 5173 19933
264 9305 12816
12816 264 9305
9305 264 12816
26206 15117 22137
22137 15117 26206
15117 22137 26206
4078 2574 17613
2574 4078 17613
17613 2574 4078
28060 10291 14326
10291 14326 28060
14326 10291 28060
21151 9387 29801
9387 21151 29801
29801 9387 21151
90 12676 21888
21888 90 12676
12676 90 21888
21730 12808 25246
12808 21730 25246
25246 12808 21730
26301 13550 14928
13550 14928 26301
14928 13550 26301
21498 3222 27877
3222 21498 27877
27877 3222 21498
27193 2518 10893
10893 2518 27193
2518 10893 27193
2251 9546 28993
9546 2251 28993
28993 2251 9546
682 1375 20920
20920 682 1375
1375 682 20920
20340 11128 12834
12834 11128 20340
11128 12834 20340
2106 5993 12589
5993 2106 12589
12589 2106 5993
4769 26602 29108
26602 4769 29108
29108 4769 26602
12496 2970 23256
2970 12496 23256
23256 2970 12496
9097 2921 22797
2921 9097 22797
22797 2921 9097
22045 10106 20448
10106 20448 22045
20448 10106 22045
2258 14805 15359
14805 2258 15359
15359 2258 14805
8144 5421 25735
25735 5421 8144
5421 8144 25735
9121 14225 16787
16787 9121 14225
14225 9121 16787
21617 1356 14361
1356 14361 21617
14361 1356 21617
1886 8765 15000
15000 1886 8765
8765 1886 15000
8703 6827 23511
23511 6827 8703
6827 8703 23511
13149 6853 15627
15627 6853 13149
6853 13149 15627
14416 596 8743
8743 596 14416
596 8743 14416
19918 3616 17347
17347 3616 19918
3616 17347 19918
13167 26834 29034
26834 13167 29034
29034 13167 26834
3220 4161 19949
4161 3220 19949
19949 3220 4161
21447 4257 14357
4257 14357 21447
14357 4257 21447
17055 22454 28161
28161 17055 22454
22454 17055 28161
26520 9923 29656
9923 26520 29656
29656 9923 26520
22384 15470 21528
21528 15470 22384
15470 21528 22384
9996 2865 19238
2865 9996 19238
19238 2865 9996
4116 13755 28113
28113 4116 13755
13755 4116 28113
27163 6848 29454
6848 27163 29454
29454 6848 27163
26808 1368 16294
16294 1368 26808
1368 16294 26808
184 9486 13096
9486 184 13096
13096 184 9486
1729 17469 18146
18146 1729 17469
17469 1729 18146
23250 4000 15006
15006 4000 23250
4000 15006 23250
25742 3108 15490
15490 3108 25742
3108 15490 25742
19532 12663 20894
12663 19532 20894
20894 12663 19532
25386 8330 9811
9811 8330 25386
8330 9811 25386
11446 5275 21560
5275 11446 21560
21560 5275 11446
27362 3884 23182
3884 23182 27362
23182 3884 27362
18298 1539 14293
14293 1539 18298
1539 14293 18298
17043 7820 28918
7820 17043 28918
28918 7820 17043
9679 5594 26216
5594 9679 26216
26216 5594 9679
18297 3456 19579
19579 3456 18297
3456 18297 19579
15520 11048 11197
11197 11048 15520
11048 11197 15520
7494 10324 23826
23826 7494 10324
10324 7494 23826
3492 13183 16018
13183 3492 16018
16018 3492 13183
2532 1157 21645
21645 1157 2532
1157 2532 21645
21094 12584 21124
12584 21094 21124
21124 12584 21094
17191 9189 19384
19384 9189 17191
9189 17191 19384
16755 1109 15974
1109 15974 16755
15974 1109 16755
4965 1664 2920
1664 2920 4965
2920 1664 4965
27566 8443 25505
25505 8443 27566
8443 25505 27566
25260 2535 12046
2535 12046 25260
12046 2535 25260
113 149 23253
23253 113 149
149 113 23253
16024 10923 20022
20022 10923 16024
10923 16024 20022
13535 2807 18452
18452 2807 13535
2807 13535 18452
23294 2460 16266
2460 16266 23294
16266 2460 23294
27019 24666 29337
29337 24666 27019
24666 27019 29337
14325 4666 7195
4666 7195 14325
7195 4666 14325
6671 16741 29148
16741 6671 29148
29148 6671 16741
3104 5270 19373
19373 3104 5270
5270 3104 19373
13791 10800 22479
10800 13791 22479
22479 10800 13791
4080 24075 25082
24075 4080 25082
25082 4080 24075
6571 24180 24880
24180 6571 24880
24880 6571 24180
19882 3571 6296
6296 3571 19882
3571 6296 19882
8298 11757 19465
19465 8298 11757
11757 8298 19465
5552 3486 24965
24965 3486 5552
3486 5552 24965
6665 15572 25110
15572 6665 25110
25110 6665 15572
25447 10218 18949
10218 18949 25447
18949 10218 25447
19529 159 14221
14221 159 19529
159 14221 19529
1853 1168 23821
1168 1853 23821
23821 1168 1853
1849 19254 20569
19254 1849 20569
20569 1849 19254
18290 19168 20320
19168 18290 20320
20320 18290 19168
2575 11440 22936
11440 2575 22936
22936 2575 11440
23288 7576 26304
7576 23288 26304
26304 7576 23288
11496 4452 7333
7333 4452 11496
4452 7333 11496
15967 744 23571
23571 744 15967
744 15967 23571
24383 10295 24011
24011 10295 24383
10295 24011 24383
26917 16062 24159
16062 24159 26917
24159 16062 26917
20687 12159 28135
28135 12159 20687
12159 20687 28135
11044 7773 24927
7773 11044 24927
24927 7773 11044
23128 8645 11146
11146 8645 23128
8645 11146 23128
7321 4731 25442
4731 7321 25442
25442 4731 7321
6953 28078 29201
28078 6953 29201
29201 6953 28078
25717 9617 20232
20232 9617 25717
9617 20232 25717
13974 1859 29548
1859 13974 29548
29548 1859 13974
10026 10139 23135
23135 10026 10139
10139 10026 23135
26983 12209 29405
29405 12209 26983
12209 26983 29405
28361 25137 26736
26736 25137 28361
25137 26736 28361
1256 12047 27816
12047 1256 27816
27816 1256 12047
18364 20117 22837
22837 18364 20117
20117 18364 22837
28878 1018 10652
10652 1018 28878
1018 10652 28878
23846 10149 26781
26781 10149 23846
10149 23846 26781
5347 12930 27750
27750 5347 12930
12930 5347 27750
13134 2098 22052
2098 13134 22052
22052 2098 13134
11633 4900 10090
4900 10090 11633
10090 4900 11633
21023 3272 22063
22063 3272 21023
3272 21023 22063
28228 10054 25919
10054 25919 28228
25919 10054 28228
4854 6591 20878
6591 4854 20878
20878 4854 6591
26368 136 7097
136 7097 26368
7097 136 26368
5319 41 20128
41 5319 20128
20128 41 5319
26127 8109 14330
14330 8109 26127
8109 14330 26127
23698 5615 29662
29662 5615 23698
5615 23698 29662
8172 4017 5403
4017 5403 8172
5403 4017 8172
13031 6061 14035
14035 6061 13031
6061 13031 14035
17623 520 23033
23033 520 17623
520 17623 23033
28524 9574 19444
19444 9574 28524
9574 19444 28524
17636 16489 18271
18271 16489 17636
16489 17636 18271
6831 11436 23225
11436 6831 23225
23225 6831 11436
20376 7685 20585
20585 7685 20376
7685 20376 20585
3485 6764 13467
6764 3485 13467
13467 3485 6764
6437 15102 29795
15102 6437 29795
29795 6437 15102
17534 3452 29572
3452 17534 29572
29572 3452 17534
28594 4030 26175
26175 4030 28594
4030 26175 28594
18646 5258 6717
5258 6717 18646
6717 5258 18646
7243 8622 20062
8622 7243 20062
20062 7243 8622
9042 14899 29868
29868 9042 14899
14899 9042 29868
20242 14166 16536
14166 16536 20242
16536 14166 20242
3850 27484 28300
27484 3850 28300
28300 3850 27484
4064 967 9363
967 4064 9363
9363 967 4064
15084 2800 9438
9438 2800 15084
2800 9438 15084
2372 14788 23950
23950 2372 14788
14788 2372 23950
27349 3976 28142
3976 27349 28142
28142 3976 27349
13919 13479 25501
13479 13919 25501
25501 13479 13919
26222 4600 17354
4600 17354 26222
17354 4600 26222
23249 12508 15669
15669 12508 23249
12508 15669 23249
17458 3323 23732
3323 17458 23732
23732 3323 17458
20851 10399 18468
10399 18468 20851
18468 10399 20851
17092 3672 4931
3672 4931 17092
4931 3672 17092
18971 3607 25950
3607 18971 25950
25950 3607 18971
24743 12802 17724
12802 17724 24743
17724 12802 24743
24621 20554 28769
28769 20554 24621
20554 24621 28769
29845 3392 16034
16034 3392 29845
3392 16034 29845
7730 20462 23187
23187 7730 20462
20462 7730 23187
21602 675 11340
675 11340 21602
11340 675 21602
735 6707 21123
21123 735 6707
6707 735 21123
21056 12771 18517
18517 12771 21056
12771 18517 21056
26152 4695 29308
4695 26152 29308
29308 4695 26152
1283 12781 13385
13385 1283 12781
12781 1283 13385
5000 2308 29956
29956 2308 5000
2308 5000 29956
24071 20522 28570
20522 24071 28570
28570 20522 24071
18610 21048 22095
21048 18610 22095
22095 18610 21048
6047 7378 7674
7378 6047 7674
7674 6047 7378
24073 3252 10147
10147 3252 24073
3252 10147 24073
14688 18490 21396
21396 14688 18490
18490 14688 21396
190 933 16888
16888 190 933
933 190 16888
2160 4869 24176
4869 2160 24176
24176 2160 4869
12015 15617 20963
20963 12015 15617
15617 12015 20963
12410 998 1958
1958 998 12410
998 1958 12410
16901 10285 17369
17369 10285 16901
10285 16901 17369
15776 1885 13796
13796 1885 15776
1885 13796 15776
26156 6902 22775
6902 22775 26156
22775 6902 26156
24528 7980 23744
23744 7980 24528
7980 23744 24528
9544 3431 15608
15608 3431 9544
3431 9544 15608
23517 26806 29773
26806 23517 29773
29773 23517 26806
18254 3611 16412
16412 3611 18254
3611 16412 18254
20956 1997 12171
12171 1997 20956
1997 12171 20956
19004 18421 22997
22997 18421 19004
18421 19004 22997
14837 4887 11045
4887 11045 14837
11045 4887 14837
9612 2267 19484
2267 9612 19484
19484 2267 9612
8548 10259 17340
10259 8548 17340
17340 8548 10259
21898 1999 2864
2864 1999 21898
1999 2864 21898
5176 3331 15170
15170 3331 5176
3331 5176 15170
18802 8953 19748
19748 8953 18802
8953 18802 19748
1040 2473 10739
10739 1040 2473
2473 1040 10739
25573 13346 22982
22982 13346 25573
13346 22982 25573
9686 800 20264
800 9686 20264
20264 800 9686
29566 1517 27762
1517 27762 29566
27762 1517 29566
29395 6282 14144
6282 14144 29395
14144 6282 29395
21226 6027 25029
25029 6027 21226
6027 21226 25029
1147 979 8769
8769 979 1147
979 1147 8769
19240 10670 23039
23039 10670 19240
10670 19240 23039
25369 2330 25896
25896 2330 25369
2330 25369 25896
388 16053 28684
28684 388 16053
16053 388 28684
20231 9096 27559
9096 20231 27559
27559 9096 20231
13312 3974 25935
25935 3974 13312
3974 13312 25935
17297 10945 27212
10945 17297 27212
27212 10945 17297
3995 1074 21087
1074 3995 21087
21087 1074 3995
3261 19232 20456
20456 3261 19232
19232 3261 20456
5774 2401 24217
2401 5774 24217
24217 2401 5774
24500 2143 7846
2143 7846 24500
7846 2143 24500
4387 3203 28282
28282 3203 4387
3203 4387 28282
17339 12053 17020
17020 12053 17339
12053 17020 17339
25973 13901 25330
13901 25330 25973
25330 13901 25973
9630 27353 29819
27353 9630 29819
29819 9630 27353
22549 19516 23925
19516 22549 23925
23925 19516 22549
27416 3751 21707
21707 3751 27416
3751 21707 27416
7511 3637 9444
9444 3637 7511
3637 7511 9444
12523 7089 8489
8489 7089 12523
7089 8489 12523
23418 4253 9134
9134 4253 23418
4253 9134 23418
6726 11159 15638
11159 6726 15638
15638 6726 11159
18717 8264 13649
8264 13649 18717
13649 8264 18717
1661 22693 23438
22693 1661 23438
23438 1661 22693
18941 14324 15504
15504 14324 18941
14324 15504 18941
27075 3868 23523
23523 3868 27075
3868 23523 27075
21766 19506 27868
19506 21766 27868
27868 19506 21766
7627 11328 14373
14373 7627 11328
11328 7627 14373
25949 10901 20455
10901 20455 25949
20455 10901 25949
28115 17575 23308
23308 17575 28115
17575 23308 28115
473 3500 27374
3500 473 27374
27374 473 3500
9554 2416 9508
9508 2416 9554
2416 9508 9554
20762 13239 24828
24828 13239 20762
13239 20762 24828
8995 7616 12247
12247 7616 8995
7616 8995 12247
25152 17095 29807
17095 25152 29807
29807 17095 25152
18489 3341 18054
18054 3341 18489
3341 18054 18489
8205 9591 20133
9591 8205 20133
20133 8205 9591
19618 12473 14784
12473 14784 19618
14784 12473 19618
14654 2756 14811
2756 14654 14811
14811 2756 14654
3441 4318 18102
18102 3441 4318
4318 3441 18102
2396 2862 19587
2862 2396 19587
19587 2396 2862
13559 4689 16814
16814 4689 13559
4689 13559 16814
13363 1884 20297
20297 1884 13363
1884 13363 20297
26243 13242 25629
25629 13242 26243
13242 25629 26243
14248 8373 21328
21328 8373 14248
8373 14248 21328
20282 6541 18090
18090 6541 20282
6541 18090 20282
14365 5219 10041
10041 5219 14365
5219 10041 14365
22035 10159 12727
10159 12727 22035
12727 10159 22035
9595 22391 25905
25905 9595 22391
22391 9595 25905
6548 11393 15674
15674 6548 11393
11393 6548 15674
23045 9237 28738
28738 9237 23045
9237 23045 28738
21947 22053 27395
22053 21947 27395
27395 21947 22053
3648 9376 18833
18833 3648 9376
9376 3648 18833
28374 4385 24540
24540 4385 28374
4385 24540 28374
9241 12700 15706
15706 9241 12700
12700 9241 15706
13870 619 21672
21672 619 13870
619 13870 21672
17521 15999 19638
15999 17521 19638
19638 15999 17521
18725 4486 11526
4486 11526 18725
11526 4486 18725
17979 22021 28434
22021 17979 28434
28434 17979 22021
27425 6625 16733
16733 6625 27425
6625 16733 27425
7948 3163 10018
10018 3163 7948
3163 7948 10018
17935 14789 25243
14789 17935 25243
25243 14789 17935
18427 26020 28928
28928 18427 26020
26020 18427 28928
17591 16011 18630
18630 16011 17591
16011 17591 18630
20338 5332 26818
26818 5332 20338
5332 20338 26818
3154 11370 26779
26779 3154 11370
11370 3154 26779
20678 2898 8975
8975 2898 20678
2898 8975 20678
5006 20623 27672
27672 5006 20623
20623 5006 27672
22218 19975 25468
25468 19975 22218
19975 22218 25468
1528 3339 20685
3339 1528 20685
20685 1528 3339
7543 9820 29740
29740 7543 9820
9820 7543 29740
6927 5703 21370
21370 5703 6927
5703 6927 21370
21592 17629 28526
28526 17629 21592
17629 21592 28526
4038 26122 26344
26122 4038 26344
26344 4038 26122
14003 363 20847
20847 363 14003
363 14003 20847
17559 857 17546
857 17546 17559
17546 857 17559
24299 79 2176
2176 79 24299
79 2176 24299
25083 17588 28834
28834 17588 25083
17588 25083 28834
26502 6523 9956
6523 9956 26502
9956 6523 26502
8041 18704 23503
18704 8041 23503
23503 8041 18704
14123 3701 6510
3701 6510 14123
6510 3701 14123
1227 8394 17823
17823 1227 8394
8394 1227 17823
738 57 3317
57 738 3317
3317 57 738
12481 2597 12582
12582 2597 12481
2597 12481 12582
3928 5239 9913
5239 3928 9913
9913 3928 5239
29109 11388 23367
11388 23367 29109
23367 11388 29109
10141 15521 16388
15521 10141 16388
16388 10141 15521
10176 9311 9553
9311 9553 10176
9553 9311 10176
28009 20348 26157
26157 20348 28009
20348 26157 28009
17714 11699 24628
24628 11699 17714
11699 17714 24628
28341 11264 18487
18487 11264 28341
11264 18487 28341
3913 13201 23940
23940 3913 13201
13201 3913 23940
21952 4620 25270
25270 4620 21952
4620 21952 25270
23344 14441 24930
14441 23344 24930
24930 14441 23344
25147 12775 18323
18323 12775 25147
12775 18323 25147
26550 2341 14693
2341 14693 26550
14693 2341 26550
4989 7932 17842
17842 4989 7932
7932 4989 17842
16295 1194 20675
20675 1194 16295
1194 16295 20675
10878 3073 17492
3073 10878 17492
17492 3073 10878
25793 3505 23245
3505 23245 25793
23245 3505 25793
12440 8961 11270
11270 8961 12440
8961 11270 12440
10648 6324 6458
6324 6458 10648
6458 6324 10648
11184 3893 4997
3893 4997 11184
4997 3893 11184
867 20927 21365
20927 867 21365
21365 867 20927
9056 12725 16372
12725 9056 16372
16372 9056 12725
2146 12915 27099
27099 2146 12915
12915 2146 27099
14777 7625 28969
28969 7625 14777
7625 14777 28969
5731 14219 28221
14219 5731 28221
28221 5731 14219
14030 951 28909
28909 951 14030
951 14030 28909
6607 1277 15922
1277 6607 15922
15922 1277 6607
340 5412 28619
28619 340 5412
5412 340 28619
2334 18342 22325
18342 2334 22325
22325 2334 18342
17419 21129 25653
25653 17419 21129
21129 17419 25653
17906 117 13456
13456 117 17906
117 13456 17906
2501 4780 22441
22441 2501 4780
4780 2501 22441
5505 13399 28911
13399 5505 28911
28911 5505 13399
18265 16571 28439
28439 16571 18265
16571 18265 28439
14949 5278 27544
5278 14949 27544
27544 5278 14949
13768 24000 24205
24205 13768 24000
24000 13768 24205
28715 3439 22472
3439 22472 28715
22472 3439 28715
23534 17118 19152
19152 17118 23534
17118 19152 23534
14959 5265 17747
17747 5265 14959
5265 14959 17747
13358 4991 5949
5949 4991 13358
4991 5949 13358
5781 10732 23366
10732 5781 23366
23366 5781 10732
1400 8915 26855
8915 1400 26855
26855 1400 8915
7203 13829 16010
16010 7203 13829
13829 7203 16010
17046 6110 25766
6110 17046 25766
25766 6110 17046
5894 19808 23247
19808 5894 23247
23247 5894 19808
8618 16988 17377
17377 8618 16988
16988 8618 17377
20042 718 783
718 783 20042
783 718 20042
8374 5146 18380
5146 8374 18380
18380 5146 8374
11839 9532 25714
9532 11839 25714
25714 9532 11839
20674 17328 25822
25822 17328 20674
17328 20674 25822
19182 19338 25375
19338 19182 25375
25375 19182 19338
5031 5301 14587
5301 5031 14587
14587 5031 5301
16335 2304 19764
2304 16335 19764
19764 2304 16335
7298 22032 27240
22032 7298 27240
27240 7298 22032
18794 10370 20124
20124 10370 18794
10370 18794 20124
15556 4158 8637
8637 4158 15556
4158 8637 15556
9039 10311 15736
10311 9039 15736
15736 9039 10311
18396 8867 19452
8867 18396 19452
19452 8867 18396
19818 21281 24044
24044 19818 21281
21281 19818 24044
11460 9643 24345
9643 11460 24345
24345 9643 11460
578 9343 22096
9343 578 22096
22096 578 9343
17694 9429 21891
9429 17694 21891
21891 9429 17694
19753 8319 25484
25484 8319 19753
8319 19753 25484
10228 6184 16408
16408 6184 10228
6184 10228 16408
12168 13765 21568
13765 12168 21568
21568 12168 13765
28989 15566 15941
15941 15566 28989
15566 15941 28989
5013 10029 23439
10029 5013 23439
23439 5013 10029
5260 9983 11520
11520 5260 9983
9983 5260 11520
12205 5236 20598
5236 12205 20598
20598 5236 12205
21887 8421 29839
29839 8421 21887
8421 21887 29839
29389 6075 28262
28262 6075 29389
6075 28262 29389
25726 6181 7063
7063 6181 25726
6181 7063 25726
26129 23738 28339
23738 26129 28339
28339 23738 26129
17883 6984 16274
16274 6984 17883
6984 16274 17883
17649 25171 29800
25171 17649 29800
29800 17649 25171
7348 6845 19688
19688 6845 7348
6845 7348 19688
20387 11963 12237
12237 11963 20387
11963 12237 20387
6222 3349 9370
3349 6222 9370
9370 3349 6222
22372 660 3382
3382 660 22372
660 3382 22372
12565 4002 11089
4002 11089 12565
11089 4002 12565
20903 6772 7592
6772 7592 20903
7592 6772 20903
5649 17929 19959
17929 5649 19959
19959 5649 17929
19475 3004 26583
26583 3004 19475
3004 19475 26583
19941 15385 27223
27223 15385 19941
15385 19941 27223
9399 30 7153
30 7153 9399
7153 30 9399
24642 5589 21000
21000 5589 24642
5589 21000 24642
28293 74 6326
6326 74 28293
74 6326 28293
4654 10663 22326
22326 4654 10663
10663 4654 22326
15173 3184 20307
20307 3184 15173
3184 15173 20307
9095 5588 16057
5588 9095 16057
16057 5588 9095
21242 12776 25480
25480 12776 21242
12776 21242 25480
16707 19731 20388
20388 16707 19731
19731 16707 20388
16606 20949 29236
29236 16606 20949
20949 16606 29236
12323 3814 8954
3814 8954 12323
8954 3814 12323
4293 1296 21530
21530 1296 4293
1296 4293 21530
23100 8026 8426
8026 8426 23100
8426 8026 23100
155 4881 17287
4881 155 17287
17287 155 4881
491 23303 28202
23303 491 28202
28202 491 23303
7783 5476 24851
24851 5476 7783
5476 7783 24851
11329 12032 12407
12407 11329 12032
12032 11329 12407
21113 3975 14404
3975 14404 21113
14404 3975 21113
26332 6226 17267
17267 6226 26332
6226 17267 26332
5538 22534 25877
22534 5538 25877
25877 5538 22534
21432 24934 27028
24934 21432 27028
27028 21432 24934
19605 8753 13767
8753 13767 19605
13767 8753 19605
28124 5531 24510
24510 5531 28124
5531 24510 28124
3973 17631 21665
17631 3973 21665
21665 3973 17631
4977 3398 17994
3398 4977 17994
17994 3398 4977
12034 12243 22536
12243 12034 22536
22536 12034 12243
11214 10669 13049
10669 11214 13049
13049 10669 11214
12563 2174 29857
2174 12563 29857
29857 2174 12563
28343 10412 18598
18598 10412 28343
10412 18598 28343
21690 16919 23450
23450 16919 21690
16919 21690 23450
21362 5638 24292
24292 5638 21362
5638 21362 24292
11582 1814 27411
1814 11582 27411
27411 1814 11582
7856 15589 17262
17262 7856 15589
15589 7856 17262
17914 3250 10602
3250 10602 17914
10602 3250 17914
28885 10892 17918
17918 10892 28885
10892 17918 28885
1549 13941 26339
26339 1549 13941
13941 1549 26339
5035 2564 28168
28168 2564 5035
2564 5035 28168
25746 20819 25686
20819 25686 25746
25686 20819 25746
8757 6094 29285
29285 6094 8757
6094 8757 29285
2840 1815 7713
1815 2840 7713
7713 1815 2840
16533 20199 27418
20199 16533 27418
27418 16533 20199
15141 11865 19503
11865 15141 19503
19503 11865 15141
3457 8972 19591
8972 3457 19591
19591 3457 8972
29304 2536 3481
2536 3481 29304
3481 2536 29304
23162 18871 25615
25615 18871 23162
18871 23162 25615
17517 7892 22943
7892 17517 22943
22943 7892 17517
23326 10306 22062
10306 22062 23326
22062 10306 23326
15751 21412 27600
21412 15751 27600
27600 15751 21412
15151 16732 17910
16732 15151 17910
17910 15151 16732
15680 6342 18852
6342 15680 18852
18852 6342 15680
19064 7391 8921
8921 7391 19064
7391 8921 19064
6154 1419 28105
28105 1419 6154
1419 6154 28105
23665 7403 25928
7403 23665 25928
25928 7403 23665
16602 14318 15668
15668 14318 16602
14318 15668 16602
10220 12917 18162
12917 10220 18162
18162 10220 12917
17389 9419 25034
25034 9419 17389
9419 17389 25034
29299 10125 15778
10125 15778 29299
15778 10125 29299
10731 18689 23833
18689 10731 23833
23833 10731 18689
12639 6745 22129
22129 6745 12639
6745 12639 22129
18739 16727 25782
16727 18739 25782
25782 16727 18739
19177 28249 28686
28249 19177 28686
28686 19177 28249
20208 6441 12500
12500 6441 20208
6441 12500 20208
9317 4088 11913
4088 9317 11913
11913 4088 9317
29371 8470 20706
20706 8470 29371
8470 20706 29371
29257 18562 29672
18562 29257 29672
29672 18562 29257
19378 1163 27668
1163 19378 27668
27668 1163 19378
10193 7836 14393
14393 7836 10193
7836 10193 14393
27022 2503 28864
2503 27022 28864
28864 2503 27022
16964 15637 17157
15637 16964 17157
17157 15637 16964
1982 3823 11132
11132 1982 3823
3823 1982 11132
28047 11561 29096
29096 11561 28047
11561 28047 29096
3010 9760 25633
9760 3010 25633
25633 3010 9760
17296 5691 13353
5691 13353 17296
13353 5691 17296
27150 7399 17767
7399 17767 27150
17767 7399 27150
18249 7109 23356
7109 18249 23356
23356 7109 18249
3871 11662 17116
17116 3871 11662
11662 3871 17116
12345 12397 16334
12397 12345 16334
16334 12345 12397
5992 12206 17072
12206 5992 17072
17072 5992 12206
15829 8309 27676
8309 15829 27676
27676 8309 15829
21266 2353 20154
2353 20154 21266
20154 2353 21266
25739 6419 15465
6419 15465 25739
15465 6419 25739
822 2720 26995
2720 822 26995
26995 822 2720
21106 2638 7918
2638 7918 21106
7918 2638 21106
6993 8609 9955
9955 6993 8609
8609 6993 9955
29508 2415 12118
12118 2415 29508
2415 12118 29508
18877 1436 3679
3679 1436 18877
1436 3679 18877
23127 5436 18025
18025 5436 23127
5436 18025 23127
7331 14162 19277
19277 7331 14162
14162 7331 19277
19594 6659 13478
13478 6659 19594
6659 13478 19594
12245 2155 22715
2155 12245 22715
22715 2155 12245
9210 4341 14768
14768 4341 9210
4341 9210 14768
16376 3788 28992
28992 3788 16376
3788 16376 28992
15506 7699 27175
27175 7699 15506
7699 15506 27175
27790 16859 17292
17292 16859 27790
16859 17292 27790
3028 8901 25915
25915 3028 8901
8901 3028 25915
5806 15753 18428
18428 5806 15753
15753 5806 18428
20047 5357 29600
5357 20047 29600
29600 5357 20047
8595 11091 17496
11091 8595 17496
17496 8595 11091
1370 6864 13313
13313 1370 6864
6864 1370 13313
8431 10714 15316
15316 8431 10714
10714 8431 15316
1787 7890 8848
8848 1787 7890
7890 1787 8848
28261 19459 23335
19459 23335 28261
23335 19459 28261
7653 5957 23374
23374 5957 7653
5957 7653 23374
25883 2944 6795
2944 6795 25883
6795 2944 25883
29388 16916 18612
16916 18612 29388
18612 16916 29388
17388 705 15698
705 15698 17388
15698 705 17388
29138 1173 29313
1173 29138 29313
29313 1173 29138
27575 13367 16898
16898 13367 27575
13367 16898 27575
4408 14353 25220
14353 4408 25220
25220 4408 14353
26432 12686 19275
12686 19275 26432
19275 12686 26432
28415 759 7589
7589 759 28415
759 7589 28415
11689 8070 12018
8070 11689 12018
12018 8070 11689
17582 13641 16501
13641 16501 17582
16501 13641 17582
16399 25854 29568
29568 16399 25854
25854 16399 29568
28004 1621 2315
2315 1621 28004
1621 2315 28004
4297 7950 17066
17066 4297 7950
7950 4297 17066
4003 8758 23911
23911 4003 8758
8758 4003 23911
19495 18459 24376
24376 18459 19495
18459 19495 24376
1578 2583 10167
2583 1578 10167
10167 1578 2583
16909 14943 17716
14943 16909 17716
17716 14943 16909
7779 9615 23763
23763 7779 9615
9615 7779 23763
25317 7234 25129
7234 25129 25317
25129 7234 25317
4403 16383 28879
16383 4403 28879
28879 4403 16383
29826 12680 23666
12680 23666 29826
23666 12680 29826
25955 20646 26663
26663 20646 25955
20646 25955 26663
2819 9052 10044
10044 2819 9052
9052 2819 10044
23498 2712 4957
2712 4957 23498
4957 2712 23498
19339 8162 15542
15542 8162 19339
8162 15542 19339
27571 1257 7728
1257 7728 27571
7728 1257 27571
29660 9646 14725
9646 14725 29660
14725 9646 29660
25062 18117 23184
23184 18117 25062
18117 23184 25062
23258 28960 29417
29417 23258 28960
28960 23258 29417
29377 24596 27327
27327 24596 29377
24596 27327 29377
3183 3561 17209
17209 3183 3561
3561 3183 17209
14316 3565 23599
23599 3565 14316
3565 14316 23599
17735 5604 22879
5604 17735 22879
22879 5604 17735
964 1260 4576
1260 964 4576
4576 964 1260
24985 3361 4757
4757 3361 24985
3361 4757 24985
24984 14483 26824
26824 14483 24984
14483 24984 26824
8742 16276 29823
29823 8742 16276
16276 8742 29823
18174 8186 24542
24542 8186 18174
8186 18174 24542
19068 3895 25853
3895 19068 25853
25853 3895 19068
19584 10789 22044
22044 10789 19584
10789 19584 22044
3145 24109 26071
24109 3145 26071
26071 3145 24109
17580 18123 27591
18123 17580 27591
27591 17580 18123
8761 1830 14935
1830 8761 14935
14935 1830 8761
615 11251 29228
11251 615 29228
29228 615 11251
5560 23988 27363
27363 5560 23988
23988 5560 27363
8015 5683 24409
24409 5683 8015
5683 8015 24409
22804 7531 23461
7531 22804 23461
23461 7531 22804
3049 23083 24566
23083 3049 24566
24566 3049 23083
20372 6271 15365
15365 6271 20372
6271 15365 20372
6036 22005 23903
22005 6036 23903
23903 6036 22005
22587 5405 6155
5405 6155 22587
6155 5405 22587
14785 6730 20202
6730 14785 20202
20202 6730 14785
15018 4884 17607
17607 4884 15018
4884 15018 17607
11399 1047 21628
1047 11399 21628
21628 1047 11399
22957 10691 25432
25432 10691 22957
10691 22957 25432
5754 1366 29757
1366 5754 29757
29757 1366 5754
18350 6740 13583
13583 6740 18350
6740 13583 18350
12236 12228 24434
24434 12228 12236
12228 12236 24434
15264 17549 27767
17549 15264 27767
27767 15264 17549
7762 5637 10994
5637 7762 10994
10994 5637 7762
16287 22152 26540
22152 16287 26540
26540 16287 22152
15060 19143 25576
19143 15060 25576
25576 15060 19143
14666 2823 29723
29723 2823 14666
2823 14666 29723
5310 9878 11871
9878 5310 11871
11871 5310 9878
28606 12406 25233
25233 12406 28606
12406 25233 28606
17006 8655 22566
8655 17006 22566
22566 8655 17006
21327 19203 29785
19203 21327 29785
29785 19203 21327
11407 6317 26630
6317 11407 26630
26630 6317 11407
2569 20068 20463
20068 2569 20463
20463 2569 20068
20961 9621 12019
12019 9621 20961
9621 12019 20961
26492 13220 24105
13220 24105 26492
24105 13220 26492
19568 18176 23980
18176 19568 23980
23980 18176 19568
12502 17948 22120
22120 12502 17948
17948 12502 22120
10997 2796 25593
25593 2796 10997
2796 10997 25593
22849 17014 28442
28442 17014 22849
17014 22849 28442
14005 3388 12094
12094 3388 14005
3388 12094 14005
14400 8611 15620
8611 14400 15620
15620 8611 14400
3803 19570 20035
19570 3803 20035
20035 3803 19570
21275 5832 16821
16821 5832 21275
5832 16821 21275
23190 7963 16429
16429 7963 23190
7963 16429 23190
19845 8849 25589
25589 8849 19845
8849 19845 25589
643 1666 1811
1811 643 1666
1666 643 1811
27243 17264 18749
17264 18749 27243
18749 17264 27243
1646 5508 8194
8194 1646 5508
5508 1646 8194
21673 7401 14893
7401 14893 21673
14893 7401 21673
27493 19039 19279
19279 19039 27493
19039 19279 27493
11813 3148 6841
6841 3148 11813
3148 6841 11813
18854 8110 22317
8110 18854 22317
22317 8110 18854
3022 7144 13869
13869 3022 7144
7144 3022 13869
12338 77 14410
14410 77 12338
77 12338 14410
12383 6482 7327
7327 6482 12383
6482 7327 12383
25166 4023 13715
4023 13715 25166
13715 4023 25166
29864 5342 27724
5342 27724 29864
27724 5342 29864
9431 7956 29843
29843 7956 9431
7956 9431 29843
25032 23488 24408
24408 23488 25032
23488 24408 25032
11400 25946 29924
29924 11400 25946
25946 11400 29924
25328 24916 27404
27404 24916 25328
24916 25328 27404
9716 17411 17548
17411 9716 17548
17548 9716 17411
9384 4864 24155
24155 4864 9384
4864 9384 24155
14700 24263 27384
27384 14700 24263
24263 14700 27384
10724 8355 21575
8355 10724 21575
21575 8355 10724
