2603 64 1629
1629 64 2603
64 1629 2603
341 83 2030
2030 83 341
83 341 2030
282 1035 2256
1035 282 2256
2256 282 1035
2451 1182 1816
1182 1816 2451
1816 1182 2451
2738 1818 2417
2417 1818 2738
1818 2417 2738
1503 41 2740
41 1503 2740
2740 41 1503
2361 1021 2986
2986 1021 2361
1021 2361 2986
428 382 2246
2246 382 428
382 428 2246
2114 819 1608
819 1608 2114
1608 819 2114
1344 1668 1983
1983 1344 1668
1668 1344 1983
760 1183 2959
2959 760 1183
1183 760 2959
2552 1889 2476
2476 1889 2552
1889 2476 2552
461 176 2147
176 461 2147
2147 176 461
1169 181 1154
181 1154 1169
1154 181 1169
2006 3 2212
3 2006 2212
2212 3 2006
1720 1622 1743
1743 1622 1720
1622 1720 1743
210 1329 2261
2261 210 1329
1329 210 2261
349 1368 2335
1368 349 2335
2335 349 1368
1244 1307 2356
1307 1244 2356
2356 1244 1307
707 1234 2167
1234 707 2167
2167 707 1234
277 1466 1536
1466 277 1536
1536 277 1466
1582 239 2638
2638 239 1582
239 1582 2638
922 850 2965
850 922 2965
2965 850 922
1864 1757 2303
2303 1757 1864
1757 1864 2303
2131 1049 2018
2018 1049 2131
1049 2018 2131
286 2290 2306
2290 286 2306
2306 286 2290
1414 1574 2574
2574 1414 1574
1574 1414 2574
572 1565 2134
2134 572 1565
1565 572 2134
2624 1032 1139
1032 1139 2624
1139 1032 2624
2941 215 2247
2247 215 2941
215 2247 2941
1229 185 1096
185 1096 1229
1096 185 1229
799 335 2254
2254 335 799
335 799 2254
1193 1974 2514
1974 1193 2514
2514 1193 1974
1755 111 725
725 111 1755
111 725 1755
2036 2641 2916
2916 2036 2641
2641 2036 2916
754 759 2757
759 754 2757
2757 754 759
2049 869 2447
2447 869 2049
869 2049 2447
1277 1423 2700
1423 1277 2700
2700 1277 1423
1814 55 1055
1055 55 1814
55 1055 1814
1004 110 1795
110 1004 1795
1795 110 1004
1119 1057 1290
1057 1119 1290
1290 1057 1119
890 1966 2657
2657 890 1966
1966 890 2657
1665 798 2377
2377 798 1665
798 1665 2377
1163 16 2505
2505 16 1163
16 1163 2505
366 654 1702
654 366 1702
1702 366 654
2355 166 738
738 166 2355
166 738 2355
2695 334 2393
2393 334 2695
334 2393 2695
2844 1645 1885
1645 1885 2844
1885 1645 2844
2363 156 2736
2736 156 2363
156 2363 2736
1481 556 1682
556 1481 1682
1682 556 1481
2371 1522 2876
2876 1522 2371
1522 2371 2876
1424 2391 2598
2391 1424 2598
2598 1424 2391
2639 1260 2123
1260 2123 2639
2123 1260 2639
1642 350 1039
1039 350 1642
350 1039 1642
1421 353 615
353 615 1421
615 353 1421
628 1342 2829
2829 628 1342
1342 628 2829
1095 670 2924
2924 670 1095
670 1095 2924
1899 2347 2708
2347 1899 2708
2708 1899 2347
2351 1793 2454
1793 2351 2454
2454 1793 2351
478 968 1006
968 478 1006
1006 478 968
1511 1355 2117
2117 1355 1511
1355 1511 2117
137 1150 1319
1319 137 1150
1150 137 1319
1334 809 2468
2468 809 1334
809 1334 2468
2408 771 2596
771 2408 2596
2596 771 2408
2961 501 1479
501 1479 2961
1479 501 2961
1102 483 2715
483 1102 2715
2715 483 1102
284 1141 2982
2982 284 1141
1141 284 2982
729 785 2841
785 729 2841
2841 729 785
2249 1271 1848
1271 1848 2249
1848 1271 2249
818 47 227
227 47 818
47 227 818
2821 2535 2937
2535 2821 2937
2937 2535 2821
2934 126 2581
2581 126 2934
126 2581 2934
2174 684 2399
2399 684 2174
684 2174 2399
2463 108 986
108 986 2463
986 108 2463
923 2121 2273
2273 923 2121
2121 923 2273
2897 1309 2107
1309 2107 2897
2107 1309 2897
2659 1321 2346
1321 2346 2659
2346 1321 2659
1345 566 2181
2181 566 1345
566 1345 2181
1460 1280 1854
1280 1460 1854
1854 1280 1460
340 92 419
92 340 419
419 92 340
2265 2003 2159
2159 2003 2265
2003 2159 2265
36 243 1571
243 36 1571
1571 36 243
2108 764 2749
764 2108 2749
2749 764 2108
1275 1670 1888
1670 1275 1888
1888 1275 1670
464 898 2815
2815 464 898
898 464 2815
220 356 1928
356 220 1928
1928 220 356
191 445 1660
445 191 1660
1660 191 445
2299 1673 2828
2828 1673 2299
1673 2299 2828
2645 272 2087
2087 272 2645
272 2087 2645
2337 305 493
305 493 2337
493 305 2337
1017 161 2849
2849 161 1017
161 1017 2849
1748 1177 1938
1938 1177 1748
1177 1748 1938
949 1136 1905
1905 949 1136
1136 949 1905
1427 457 1687
1687 457 1427
457 1427 1687
2009 1101 2905
2905 1101 2009
1101 2009 2905
1289 491 1167
491 1167 1289
1167 491 1289
1190 1532 2421
1532 1190 2421
2421 1190 1532
2704 141 2199
141 2199 2704
2199 141 2704
532 1085 2072
1085 532 2072
2072 532 1085
1174 669 1708
1708 669 1174
669 1174 1708
394 372 417
417 372 394
372 394 417
1725 538 1963
538 1725 1963
1963 538 1725
1408 1661 2130
2130 1408 1661
1661 1408 2130
2517 2038 2330
2330 2038 2517
2038 2330 2517
2426 2308 2367
2367 2308 2426
2308 2367 2426
2683 2430 2872
2430 2683 2872
2872 2430 2683
872 434 895
434 872 895
895 434 872
1217 1274 2779
2779 1217 1274
1274 1217 2779
2116 17 1437
17 1437 2116
1437 17 2116
2674 1397 2033
1397 2033 2674
2033 1397 2674
1865 627 1400
1400 627 1865
627 1400 1865
2047 570 1443
1443 570 2047
570 1443 2047
2184 328 2094
2094 328 2184
328 2094 2184
1108 216 535
216 535 1108
535 216 1108
2831 1316 2231
1316 2231 2831
2231 1316 2831
1851 290 1563
290 1563 1851
1563 290 1851
568 1441 2241
2241 568 1441
1441 568 2241
1276 2171 2418
2418 1276 2171
2171 1276 2418
2903 786 911
911 786 2903
786 911 2903
1233 761 1458
761 1233 1458
1458 761 1233
2566 1200 1618
1618 1200 2566
1200 1618 2566
1019 2148 2183
2148 1019 2183
2183 1019 2148
1241 1920 2196
2196 1241 1920
1920 1241 2196
811 1806 2519
1806 811 2519
2519 811 1806
2291 267 1098
1098 267 2291
267 1098 2291
2077 936 954
954 936 2077
936 954 2077
734 645 1219
645 734 1219
1219 645 734
2402 229 2589
2589 229 2402
229 2402 2589
1207 1715 2648
1715 1207 2648
2648 1207 1715
301 816 2945
816 301 2945
2945 301 816
2465 1527 1555
1527 1555 2465
1555 1527 2465
1562 676 1534
1534 676 1562
676 1534 1562
1763 218 2008
218 1763 2008
2008 218 1763
2594 777 1988
1988 777 2594
777 1988 2594
2771 236 950
236 950 2771
950 236 2771
1166 981 1422
981 1166 1422
1422 981 1166
26 321 2204
321 26 2204
2204 26 321
2774 1279 2103
2103 1279 2774
1279 2103 2774
2981 990 2504
2504 990 2981
990 2504 2981
918 107 1639
1639 107 918
107 918 1639
1855 753 2489
2489 753 1855
753 1855 2489
549 1654 1782
1782 549 1654
1654 549 1782
2701 2250 2689
2250 2689 2701
2689 2250 2701
980 715 2312
715 980 2312
2312 715 980
2120 281 1266
1266 281 2120
281 1266 2120
2676 94 1507
1507 94 2676
94 1507 2676
1226 508 2854
508 1226 2854
2854 508 1226
1605 1952 2414
1952 1605 2414
2414 1605 1952
2387 1896 2439
1896 2387 2439
2439 1896 2387
2316 1471 2526
2526 1471 2316
1471 2316 2526
1387 953 1068
1068 953 1387
953 1068 1387
2729 1018 2544
1018 2544 2729
2544 1018 2729
1465 704 746
704 746 1465
746 704 1465
2359 1411 2994
1411 2359 2994
2994 1411 2359
1726 1786 2202
1786 1726 2202
2202 1726 1786
1667 1216 1592
1592 1216 1667
1216 1592 1667
497 308 2855
308 497 2855
2855 308 497
994 1807 2119
2119 994 1807
1807 994 2119
2532 1382 2951
2951 1382 2532
1382 2532 2951
1579 499 1576
1576 499 1579
499 1576 1579
385 952 1425
952 385 1425
1425 385 952
1383 1192 2929
1192 1383 2929
2929 1192 1383
1772 1127 2629
2629 1127 1772
1127 1772 2629
1791 336 774
774 336 1791
336 774 1791
1336 2518 2807
2807 1336 2518
2518 1336 2807
1870 484 2622
2622 484 1870
484 1870 2622
932 373 1110
373 932 1110
1110 373 932
2760 517 1895
517 1895 2760
1895 517 2760
2746 1959 2917
2917 1959 2746
1959 2746 2917
1225 1112 1520
1520 1112 1225
1112 1225 1520
2067 543 2570
2570 543 2067
543 2067 2570
2759 607 1792
1792 607 2759
607 1792 2759
1744 82 337
337 82 1744
82 337 1744
2910 127 2722
2722 127 2910
127 2722 2910
1253 149 296
296 149 1253
149 296 1253
2985 399 1561
1561 399 2985
399 1561 2985
2501 548 2874
548 2501 2874
2874 548 2501
1893 2562 2846
2562 1893 2846
2846 1893 2562
1125 266 2219
2219 266 1125
266 1125 2219
2084 2232 2318
2232 2084 2318
2318 2084 2232
133 783 2616
783 133 2616
2616 133 783
2737 1704 2777
2777 1704 2737
1704 2737 2777
541 1367 2423
1367 541 2423
2423 541 1367
2538 1539 2258
2258 1539 2538
1539 2258 2538
2960 165 2322
165 2322 2960
2322 165 2960
2235 1294 1486
1294 1486 2235
1486 1294 2235
1335 2339 2915
2339 1335 2915
2915 1335 2339
425 1178 1257
1178 425 1257
1257 425 1178
1054 345 938
938 345 1054
345 938 1054
2656 472 626
626 472 2656
472 626 2656
2039 6 536
6 536 2039
536 6 2039
2104 1343 2379
2379 1343 2104
1343 2104 2379
2914 710 2902
2902 710 2914
710 2902 2914
1968 926 2804
926 1968 2804
2804 926 1968
1521 1067 2576
2576 1067 1521
1067 1521 2576
1181 939 2521
939 1181 2521
2521 939 1181
34 1914 2441
1914 34 2441
2441 34 1914
577 247 2445
2445 247 577
247 577 2445
560 1051 2376
1051 560 2376
2376 560 1051
20 1255 2919
1255 20 2919
2919 20 1255
313 1100 2358
1100 313 2358
2358 313 1100
924 701 1173
1173 701 924
701 924 1173
1941 1477 2761
1477 1941 2761
2761 1477 1941
273 1091 2115
1091 273 2115
2115 273 1091
1116 1847 2500
2500 1116 1847
1847 1116 2500
609 1721 2429
1721 609 2429
2429 609 1721
2887 1384 1890
1384 1890 2887
1890 1384 2887
448 1392 2692
1392 448 2692
2692 448 1392
604 244 1977
244 604 1977
1977 244 604
1063 2428 2615
2428 1063 2615
2615 1063 2428
1516 1537 2569
2569 1516 1537
1537 1516 2569
1283 424 1508
424 1283 1508
1508 424 1283
155 1315 2998
2998 155 1315
1315 155 2998
362 222 1452
1452 222 362
222 362 1452
204 15 1124
1124 15 204
15 204 1124
1485 1201 2264
1201 1485 2264
2264 1201 1485
2678 1625 2696
2696 1625 2678
1625 2678 2696
841 1694 1863
1863 841 1694
1694 841 1863
1405 673 2597
673 1405 2597
2597 673 1405
1142 119 1262
1262 119 1142
119 1142 1262
2069 2225 2251
2225 2069 2251
2251 2069 2225
836 31 1776
31 836 1776
1776 31 836
1978 529 1800
529 1800 1978
1800 529 1978
1751 727 2052
727 1751 2052
2052 727 1751
997 1647 2684
1647 997 2684
2684 997 1647
2345 1381 2686
2686 1381 2345
1381 2345 2686
1303 1770 2071
1770 1303 2071
2071 1303 1770
620 899 1611
899 620 1611
1611 620 899
2425 1907 2792
1907 2425 2792
2792 1907 2425
1014 49 762
49 762 1014
762 49 1014
2263 2090 2850
2090 2263 2850
2850 2090 2263
2286 1129 2014
2014 1129 2286
1129 2014 2286
2354 91 853
853 91 2354
91 853 2354
775 228 1419
1419 228 775
228 775 1419
893 1237 2462
2462 893 1237
1237 893 2462
2806 105 1194
105 1194 2806
1194 105 2806
1628 914 1003
914 1003 1628
1003 914 1628
2862 442 2604
2604 442 2862
442 2604 2862
1235 2348 2366
2366 1235 2348
2348 1235 2366
717 359 2894
2894 359 717
359 717 2894
2 1749 1942
1942 2 1749
1749 2 1942
1634 193 1332
193 1332 1634
1332 193 1634
2285 847 1949
847 1949 2285
1949 847 2285
346 309 2101
309 346 2101
2101 309 346
395 1446 1722
1722 395 1446
1446 395 1722
1601 722 2063
722 1601 2063
2063 722 1601
2467 343 941
941 343 2467
343 941 2467
1965 1339 2727
2727 1339 1965
1339 1965 2727
943 1964 2461
1964 943 2461
2461 943 1964
2350 84 1762
84 1762 2350
1762 84 2350
1739 18 1696
1696 18 1739
18 1696 1739
982 118 2125
118 982 2125
2125 118 982
590 2452 2869
2869 590 2452
2452 590 2869
1958 1429 2105
2105 1429 1958
1429 1958 2105
2513 1955 2888
1955 2513 2888
2888 1955 2513
582 116 2378
2378 116 582
116 582 2378
2070 1109 2993
1109 2070 2993
2993 1109 2070
289 680 1903
1903 289 680
680 289 1903
1363 1094 1655
1655 1094 1363
1094 1363 1655
1867 1723 2762
2762 1723 1867
1723 1867 2762
2138 106 2136
106 2136 2138
2136 106 2138
1350 521 1771
1771 521 1350
521 1350 1771
2860 441 1799
441 1799 2860
1799 441 2860
2955 1284 2891
2891 1284 2955
1284 2891 2955
347 1535 2861
2861 347 1535
1535 347 2861
842 138 1180
1180 138 842
138 842 1180
1023 319 1089
319 1023 1089
1089 319 1023
1086 794 2106
794 1086 2106
2106 794 1086
693 352 2578
2578 352 693
352 693 2578
2132 838 1957
838 1957 2132
1957 838 2132
1860 52 2772
2772 52 1860
52 1860 2772
196 1103 2433
1103 196 2433
2433 196 1103
1923 821 2153
2153 821 1923
821 1923 2153
2142 823 1962
1962 823 2142
823 1962 2142
832 1409 2194
2194 832 1409
1409 832 2194
485 558 1691
558 485 1691
1691 485 558
1134 1310 2365
2365 1134 1310
1310 1134 2365
1278 214 487
214 487 1278
487 214 1278
1438 545 792
545 792 1438
792 545 1438
1346 691 1719
1719 691 1346
691 1346 1719
1498 2160 2827
2827 1498 2160
2160 1498 2827
733 159 1554
1554 159 733
159 733 1554
2307 158 460
158 460 2307
460 158 2307
2723 37 2495
37 2495 2723
2495 37 2723
946 972 2035
972 946 2035
2035 946 972
2811 1072 1746
1746 1072 2811
1072 1746 2811
2164 1431 2005
2005 1431 2164
1431 2005 2164
2492 594 2028
2028 594 2492
594 2028 2492
2764 913 1789
913 1789 2764
1789 913 2764
2820 317 2459
317 2459 2820
2459 317 2820
2209 1572 1794
1572 1794 2209
1794 1572 2209
1897 912 1318
1318 912 1897
912 1318 1897
856 7 1839
1839 7 856
7 856 1839
1077 904 1777
904 1077 1777
1777 904 1077
768 496 851
496 768 851
851 496 768
977 533 699
699 533 977
533 699 977
1637 1578 2911
1578 1637 2911
2911 1578 1637
663 507 2040
2040 507 663
507 663 2040
1015 96 1056
96 1015 1056
1056 96 1015
303 860 991
860 303 991
991 303 860
162 1007 2879
2879 162 1007
1007 162 2879
2226 264 740
264 740 2226
740 264 2226
254 891 2026
2026 254 891
891 254 2026
2042 1365 2637
2637 1365 2042
1365 2042 2637
820 978 2796
978 820 2796
2796 820 978
199 988 1121
988 199 1121
1121 199 988
743 326 576
576 326 743
326 576 743
2450 344 1609
1609 344 2450
344 1609 2450
1491 1070 1815
1070 1491 1815
1815 1070 1491
1604 979 1448
1448 979 1604
979 1448 1604
2506 223 1969
223 1969 2506
1969 223 2506
175 25 2280
25 175 2280
2280 25 175
1264 1478 2950
1478 1264 2950
2950 1264 1478
955 38 1435
1435 38 955
38 955 1435
1518 201 1711
201 1518 1711
1711 201 1518
2058 163 2857
163 2058 2857
2857 163 2058
1453 974 2842
2842 974 1453
974 1453 2842
1248 610 1245
610 1245 1248
1245 610 1248
1137 211 2644
211 1137 2644
2644 211 1137
1626 1251 2731
1251 1626 2731
2731 1251 1626
2328 927 2129
2129 927 2328
927 2129 2328
2127 2384 2944
2944 2127 2384
2384 2127 2944
1044 269 1445
1445 269 1044
269 1044 1445
1623 145 689
689 145 1623
145 689 1623
2187 154 1249
154 1249 2187
1249 154 2187
705 1945 2710
1945 705 2710
2710 705 1945
749 2381 2784
2381 749 2784
2784 749 2381
2958 125 391
125 391 2958
391 125 2958
632 9 1915
1915 9 632
9 632 1915
1734 514 2486
514 1734 2486
2486 514 1734
843 937 2651
937 843 2651
2651 843 937
1371 388 2234
388 1371 2234
2234 388 1371
779 392 1111
392 779 1111
1111 392 779
2787 1614 1960
1614 1960 2787
1960 1614 2787
574 600 1009
600 574 1009
1009 574 600
226 644 2485
2485 226 644
644 226 2485
2207 32 1053
1053 32 2207
32 1053 2207
180 458 2711
2711 180 458
458 180 2711
2611 2529 2810
2810 2529 2611
2529 2611 2810
2436 1760 1878
1760 1878 2436
1878 1760 2436
1483 1584 2118
2118 1483 1584
1584 1483 2118
414 489 719
719 414 489
489 414 719
698 74 2448
2448 74 698
74 698 2448
1214 866 1780
866 1214 1780
1780 866 1214
1013 1512 2152
1512 1013 2152
2152 1013 1512
1403 318 542
542 318 1403
318 542 1403
2793 2037 2565
2565 2037 2793
2037 2565 2793
1817 884 1947
884 1817 1947
1947 884 1817
1099 195 646
646 195 1099
195 646 1099
1830 1474 1933
1933 1474 1830
1474 1830 1933
2690 562 2469
2469 562 2690
562 2469 2690
692 182 2158
182 692 2158
2158 182 692
959 720 2546
2546 720 959
720 959 2546
2302 1570 1934
1570 1934 2302
1934 1570 2302
1881 351 2352
2352 351 1881
351 1881 2352
179 813 1705
1705 179 813
813 179 1705
2883 35 2865
2865 35 2883
35 2865 2883
1902 728 1008
728 1008 1902
1008 728 1902
1913 287 2938
2938 287 1913
287 1913 2938
769 299 2062
299 769 2062
2062 299 769
2390 342 390
390 342 2390
342 390 2390
2093 1813 2288
2288 1813 2093
1813 2093 2288
791 1132 1504
1132 791 1504
1504 791 1132
2237 102 2835
102 2237 2835
2835 102 2237
2086 306 713
713 306 2086
306 713 2086
1932 1613 2819
2819 1613 1932
1613 1932 2819
2272 803 1649
803 1649 2272
1649 803 2272
2531 1376 1494
1376 1494 2531
1494 1376 2531
234 931 2458
2458 234 931
931 234 2458
1984 935 1242
1242 935 1984
935 1242 1984
468 416 2617
2617 416 468
416 468 2617
962 807 1186
1186 807 962
807 962 1186
1937 1105 1394
1105 1394 1937
1394 1105 1937
1513 837 888
837 888 1513
888 837 1513
1140 486 1455
1455 486 1140
486 1140 1455
2654 427 557
427 557 2654
557 427 2654
622 1533 1620
1533 622 1620
1620 622 1533
797 1464 2580
2580 797 1464
1464 797 2580
2693 44 844
844 44 2693
44 844 2693
451 1074 1683
1683 451 1074
1074 451 1683
2059 2180 2843
2180 2059 2843
2843 2059 2180
2840 1196 1662
1196 1662 2840
1662 1196 2840
2431 324 2557
324 2431 2557
2557 324 2431
588 479 1880
479 588 1880
1880 479 588
2536 242 375
375 242 2536
242 375 2536
1358 827 1393
827 1358 1393
1393 827 1358
481 2375 2599
2375 481 2599
2599 481 2375
312 1944 2457
1944 312 2457
2457 312 1944
1118 1883 2413
1883 1118 2413
2413 1118 1883
2813 329 867
329 867 2813
867 329 2813
2632 430 1395
430 1395 2632
1395 430 2632
905 192 1505
1505 192 905
192 905 1505
658 894 1291
1291 658 894
894 658 1291
1189 708 2292
2292 708 1189
708 1189 2292
1594 1028 1164
1164 1028 1594
1028 1164 1594
1080 878 2673
878 1080 2673
2673 878 1080
2939 908 2984
908 2939 2984
2984 908 2939
758 1155 2156
1155 758 2156
2156 758 1155
2730 664 1090
664 1090 2730
1090 664 2730
2709 865 1354
1354 865 2709
865 1354 2709
2271 731 2908
731 2271 2908
2908 731 2271
882 1031 2507
1031 882 2507
2507 882 1031
1752 2614 3000
3000 1752 2614
2614 1752 3000
77 2240 2933
2933 77 2240
2240 77 2933
2126 879 1678
1678 879 2126
879 1678 2126
2970 1543 2561
1543 2561 2970
2561 1543 2970
1045 602 940
940 602 1045
602 940 1045
1040 2745 2991
2991 1040 2745
2745 1040 2991
621 516 1741
1741 516 621
516 621 1741
292 1659 2110
1659 292 2110
2110 292 1659
2432 1379 1997
1997 1379 2432
1379 1997 2432
1176 907 963
963 907 1176
907 963 1176
465 117 1826
1826 117 465
117 465 1826
1199 238 1894
238 1199 1894
1894 238 1199
1843 817 1656
817 1656 1843
1656 817 1843
870 48 2022
48 870 2022
2022 48 870
1444 1540 2473
1540 1444 2473
2473 1444 1540
861 99 2224
99 861 2224
2224 99 861
2168 1398 1472
1398 1472 2168
1472 1398 2168
2954 973 1228
1228 973 2954
973 1228 2954
1204 209 1873
1873 209 1204
209 1204 1873
751 826 1560
826 751 1560
1560 751 826
2619 1557 1852
1557 1852 2619
1852 1557 2619
1998 933 1738
1738 933 1998
933 1738 1998
2310 143 1037
1037 143 2310
143 1037 2310
1615 27 2443
2443 27 1615
27 1615 2443
712 730 2812
2812 712 730
730 712 2812
29 1769 2178
2178 29 1769
1769 29 2178
123 916 2962
2962 123 916
916 123 2962
402 122 471
471 122 402
122 402 471
59 498 1075
498 59 1075
1075 59 498
2300 942 2013
2013 942 2300
942 2013 2300
638 773 2610
2610 638 773
773 638 2610
772 1156 2537
1156 772 2537
2537 772 1156
1258 971 2253
2253 971 1258
971 1258 2253
983 1273 2092
2092 983 1273
1273 983 2092
370 1232 2373
1232 370 2373
2373 370 1232
1432 230 2010
2010 230 1432
230 1432 2010
1884 1 1120
1 1120 1884
1120 1 1884
2470 488 1212
488 1212 2470
1212 488 2470
376 140 900
140 376 900
900 140 376
1519 371 2992
371 1519 2992
2992 371 1519
1135 649 1872
649 1135 1872
1872 649 1135
1497 13 403
13 403 1497
403 13 1497
613 555 1510
555 613 1510
1510 555 613
1861 1195 2230
2230 1195 1861
1195 1861 2230
711 1188 1856
1188 711 1856
1856 711 1188
440 887 1391
887 440 1391
1391 440 887
1737 1564 2878
2878 1564 1737
1564 1737 2878
1322 1650 2175
1650 1322 2175
2175 1322 1650
2593 1076 2341
2341 1076 2593
1076 2341 2593
1644 467 1577
1577 467 1644
467 1577 1644
702 1695 2741
2741 702 1695
1695 702 2741
2655 1220 2904
2904 1220 2655
1220 2655 2904
2289 454 2765
454 2289 2765
2765 454 2289
2600 1413 2353
2353 1413 2600
1413 2353 2600
2726 172 2786
172 2726 2786
2786 172 2726
1729 1596 2635
1596 1729 2635
2635 1596 1729
431 2066 2141
2141 431 2066
2066 431 2141
1869 2245 2660
2660 1869 2245
2245 1869 2660
815 2154 2480
2154 815 2480
2480 815 2154
989 1862 2214
1862 989 2214
2214 989 1862
1728 72 1410
72 1410 1728
1410 72 1728
2274 2573 2995
2995 2274 2573
2573 2274 2995
2608 78 1404
78 1404 2608
1404 78 2608
73 1268 2078
1268 73 2078
2078 73 1268
276 1375 1828
1828 276 1375
1375 276 1828
2208 2742 2863
2863 2208 2742
2742 2208 2863
168 255 2342
255 168 2342
2342 168 255
1961 259 2988
2988 259 1961
259 1961 2988
224 263 2702
2702 224 263
263 224 2702
81 75 241
75 81 241
241 75 81
584 265 1480
265 584 1480
1480 265 584
606 504 1834
1834 504 606
504 606 1834
1768 637 2221
2221 637 1768
637 1768 2221
1143 1131 1482
1482 1131 1143
1131 1143 1482
2893 268 1657
268 1657 2893
1657 268 2893
2834 208 420
420 208 2834
208 420 2834
1677 2524 2935
2524 1677 2935
2935 1677 2524
2162 423 1351
1351 423 2162
423 1351 2162
167 2406 2453
2453 167 2406
2406 167 2453
188 1700 2942
2942 188 1700
1700 188 2942
2748 537 1285
1285 537 2748
537 1285 2748
1029 1020 1970
1020 1029 1970
1970 1020 1029
2442 1215 2099
1215 2099 2442
2099 1215 2442
1083 518 530
518 530 1083
530 518 1083
814 619 1092
619 814 1092
1092 619 814
1979 114 1908
114 1908 1979
1908 114 1979
2394 469 2823
469 2394 2823
2823 469 2394
2369 992 1712
1712 992 2369
992 1712 2369
1317 79 520
79 520 1317
520 79 1317
2076 378 598
378 598 2076
598 378 2076
2909 563 2528
2528 563 2909
563 2528 2909
2845 744 1224
1224 744 2845
744 1224 2845
716 1808 2977
1808 716 2977
2977 716 1808
787 2017 2481
2481 787 2017
2017 787 2481
2259 1158 1585
1158 1585 2259
1585 1158 2259
56 829 934
829 56 934
934 56 829
1882 1359 2477
1359 1882 2477
2477 1359 1882
202 24 2785
2785 24 202
24 202 2785
2957 249 2750
2750 249 2957
249 2750 2957
1454 957 1312
1312 957 1454
957 1312 1454
2088 2490 2925
2490 2088 2925
2925 2088 2490
360 151 1259
1259 151 360
151 360 1259
2293 1553 2044
1553 2044 2293
2044 1553 2293
2422 1016 2788
2788 1016 2422
1016 2422 2788
755 128 1147
1147 128 755
128 755 1147
2669 490 2754
2754 490 2669
490 2669 2754
1802 1113 1459
1459 1113 1802
1113 1459 1802
2782 678 2220
2220 678 2782
678 2220 2782
157 1841 2079
1841 157 2079
2079 157 1841
1681 1999 2284
1999 1681 2284
2284 1681 1999
2326 565 2783
2783 565 2326
565 2326 2783
1550 409 444
409 444 1550
444 409 1550
1632 396 806
806 396 1632
396 806 1632
1731 571 1270
1270 571 1731
571 1270 1731
2269 2340 2707
2340 2269 2707
2707 2269 2340
1740 687 1717
1717 687 1740
687 1717 1740
2089 1842 2197
1842 2089 2197
2197 1842 2089
897 580 2592
2592 580 897
580 897 2592
1165 859 2205
859 1165 2205
2205 859 1165
1600 132 2311
132 1600 2311
2311 132 1600
1299 1912 2140
1912 1299 2140
2140 1299 1912
1203 903 1992
903 1203 1992
1992 903 1203
1781 1415 2839
1415 1781 2839
2839 1415 1781
2973 1524 1643
1643 1524 2973
1524 1643 2973
1357 688 1936
1936 688 1357
688 1357 1936
1575 494 2266
2266 494 1575
494 1575 2266
2074 718 1925
718 1925 2074
1925 718 2074
1846 1347 2877
1347 1846 2877
2877 1347 1846
2270 246 1325
1325 246 2270
246 1325 2270
61 840 2016
840 61 2016
2016 61 840
2997 666 1252
666 1252 2997
1252 666 2997
2721 784 1439
1439 784 2721
784 1439 2721
1104 1402 2936
2936 1104 1402
1402 1104 2936
631 2190 2755
2755 631 2190
2190 631 2755
739 1390 2680
2680 739 1390
1390 739 2680
2327 1583 2404
2404 1583 2327
1583 2327 2404
703 539 2870
539 703 2870
2870 539 703
1296 1697 2948
2948 1296 1697
1697 1296 2948
447 2372 2838
2838 447 2372
2372 447 2838
1451 833 2332
833 1451 2332
2332 833 1451
46 1921 2586
2586 46 1921
1921 46 2586
2065 1597 2987
2987 1597 2065
1597 2065 2987
925 852 2128
2128 852 925
852 925 2128
648 33 368
33 368 648
368 33 648
1801 1093 1593
1593 1093 1801
1093 1593 1801
2449 198 583
198 583 2449
583 198 2449
929 1981 2555
2555 929 1981
1981 929 2555
206 642 1027
1027 206 642
642 206 1027
1658 1581 2859
2859 1581 1658
1581 1658 2859
452 1868 2650
1868 452 2650
2650 452 1868
2085 1831 1858
1831 1858 2085
1858 1831 2085
2790 1805 1926
1926 1805 2790
1805 1926 2790
690 1036 1698
1698 690 1036
1036 690 1698
2906 1433 1991
1433 1991 2906
1991 1433 2906
2279 1153 1544
1153 1544 2279
1544 1153 2279
993 1559 1663
1663 993 1559
1559 993 1663
1931 636 2411
2411 636 1931
636 1931 2411
2113 2179 2388
2179 2113 2388
2388 2113 2179
641 374 2474
2474 374 641
374 641 2474
1836 252 591
591 252 1836
252 591 1836
1686 1197 1272
1272 1197 1686
1197 1272 1686
150 130 1495
130 150 1495
1495 130 150
828 104 2548
104 828 2548
2548 104 828
86 1919 2329
1919 86 2329
2329 86 1919
2996 68 2233
68 2233 2996
2233 68 2996
1005 2268 2400
2268 1005 2400
2400 1005 2268
2682 477 881
477 881 2682
881 477 2682
2145 1909 2612
2612 1909 2145
1909 2145 2612
1428 1635 2389
1635 1428 2389
2389 1428 1635
862 1208 2975
2975 862 1208
1208 862 2975
2677 1366 1685
1685 1366 2677
1366 1685 2677
1184 2015 2357
2015 1184 2357
2357 1184 2015
675 1079 2818
1079 675 2818
2818 675 1079
470 804 2613
2613 470 804
804 470 2613
139 1024 1904
1024 139 1904
1904 139 1024
2687 473 845
473 845 2687
845 473 2687
1187 1556 1976
1556 1187 1976
1976 1187 1556
1047 412 1922
1922 412 1047
412 1047 1922
2478 1456 1951
1951 1456 2478
1456 1951 2478
1337 1469 2926
2926 1337 1469
1469 1337 2926
1426 1688 2100
1688 1426 2100
2100 1426 1688
2867 1327 2927
2927 1327 2867
1327 2867 2927
2766 667 928
928 667 2766
667 928 2766
1671 634 2420
634 1671 2420
2420 634 1671
203 380 1573
1573 203 380
380 203 1573
144 1048 2229
2229 144 1048
1048 144 2229
1161 587 1515
1515 587 1161
587 1161 1515
1115 1879 2440
1879 1115 2440
2440 1115 1879
2595 311 999
311 999 2595
999 311 2595
2503 1030 1680
1680 1030 2503
1030 1680 2503
1323 1514 1568
1514 1323 1568
1568 1323 1514
2523 808 965
808 965 2523
965 808 2523
1699 656 2488
2488 656 1699
656 1699 2488
2833 189 2694
2694 189 2833
189 2694 2833
2805 1652 2419
2419 1652 2805
1652 2419 2805
505 732 1369
1369 505 732
732 505 1369
2243 2808 2895
2808 2243 2895
2895 2243 2808
2112 2001 2424
2424 2001 2112
2001 2112 2424
2621 109 917
917 109 2621
109 917 2621
1126 967 987
987 967 1126
967 987 1126
528 1993 2809
2809 528 1993
1993 528 2809
1779 429 996
429 996 1779
996 429 1779
951 770 846
846 770 951
770 846 951
2091 1473 2999
2999 1473 2091
1473 2091 2999
310 2201 2882
2201 310 2882
2882 310 2201
2497 2767 2889
2767 2497 2889
2889 2497 2767
883 2816 2866
2816 883 2866
2866 883 2816
2627 53 1246
1246 53 2627
53 1246 2627
2630 726 1213
726 1213 2630
1213 726 2630
1467 1267 2262
2262 1267 1467
1267 1467 2262
1778 178 2455
2455 178 1778
178 1778 2455
2836 463 757
463 757 2836
757 463 2836
1352 1598 2800
1598 1352 2800
2800 1352 1598
2946 552 1901
552 1901 2946
1901 552 2946
581 1170 2582
1170 581 2582
2582 581 1170
2460 579 1396
579 1396 2460
1396 579 2460
2583 1287 1636
1287 1636 2583
1636 1287 2583
2642 404 2712
2712 404 2642
404 2642 2712
2510 50 2527
2527 50 2510
50 2510 2527
1986 2768 2896
2896 1986 2768
2768 1986 2896
802 95 2886
95 802 2886
2886 95 802
763 1610 2053
2053 763 1610
1610 763 2053
1633 1488 2577
1488 1633 2577
2577 1488 1633
2146 251 2343
251 2146 2343
2343 251 2146
2681 1151 2496
1151 2496 2681
2496 1151 2681
432 1664 1833
1664 432 1833
1833 432 1664
611 1069 1566
1566 611 1069
1069 611 1566
87 868 2029
868 87 2029
2029 87 868
233 948 2943
948 233 2943
2943 233 948
194 2135 2210
2210 194 2135
2135 194 2210
304 1943 2560
1943 304 2560
2560 304 1943
2482 515 2623
2623 515 2482
515 2482 2623
2416 1489 2542
2542 1489 2416
1489 2416 2542
1690 1666 2055
2055 1666 1690
1666 1690 2055
969 750 2257
750 969 2257
2257 750 969
379 776 1829
776 379 1829
1829 379 776
781 459 2794
459 781 2794
2794 459 781
2456 747 2509
2509 747 2456
747 2456 2509
190 112 2410
2410 112 190
112 190 2410
113 601 2918
601 113 2918
2918 113 601
1733 89 1758
1758 89 1733
89 1733 1758
2801 2315 2564
2564 2315 2801
2315 2564 2801
1710 466 2705
466 1710 2705
2705 466 1710
721 1476 2494
2494 721 1476
1476 721 2494
2588 439 780
780 439 2588
439 780 2588
389 2435 2628
2435 389 2628
2628 389 2435
1603 397 2551
2551 397 1603
397 1603 2551
834 240 1790
240 834 1790
1790 240 834
1050 1875 2932
2932 1050 1875
1875 1050 2932
2952 357 405
357 405 2952
405 357 2952
2057 358 2068
358 2057 2068
2068 358 2057
2871 2267 2990
2267 2871 2990
2990 2267 2871
630 2609 2856
2609 630 2856
2856 630 2609
2713 2019 2515
2515 2019 2713
2019 2515 2713
28 1797 2464
1797 28 2464
2464 28 1797
2200 910 1586
910 1586 2200
1586 910 2200
200 2027 2185
2185 200 2027
2027 200 2185
1526 120 1774
120 1526 1774
1774 120 1526
67 2511 2884
2511 67 2884
2884 67 2511
2666 855 1033
1033 855 2666
855 1033 2666
2287 1730 2182
2182 1730 2287
1730 2182 2287
561 232 1412
232 561 1412
1412 232 561
225 85 212
85 212 225
212 85 225
1148 258 1590
1590 258 1148
258 1148 1590
2193 741 1930
1930 741 2193
741 1930 2193
1546 2102 2305
2305 1546 2102
2102 1546 2305
476 4 597
597 4 476
4 476 597
1133 455 1676
455 1133 1676
1676 455 1133
2920 502 1046
502 1046 2920
1046 502 2920
796 2333 2556
2556 796 2333
2333 796 2556
2409 1374 1859
1374 1859 2409
1859 1374 2409
10 495 765
495 10 765
765 10 495
1948 1407 2575
2575 1407 1948
1407 1948 2575
2002 2095 2169
2095 2002 2169
2169 2002 2095
930 1168 2640
2640 930 1168
1168 930 2640
2675 1333 2165
2165 1333 2675
1333 2165 2675
683 330 393
330 393 683
393 330 683
511 2437 2672
2672 511 2437
2437 511 2672
2620 745 1052
1052 745 2620
745 1052 2620
1877 295 2048
295 1877 2048
2048 295 1877
1651 1891 2412
2412 1651 1891
1891 1651 2412
1822 1263 2634
1263 1822 2634
2634 1263 1822
1835 624 2852
624 1835 2852
2852 624 1835
788 920 1929
920 788 1929
1929 788 920
2276 2301 2415
2301 2276 2415
2415 2276 2301
674 262 331
331 262 674
262 331 674
595 1088 1607
1088 595 1607
1607 595 1088
2752 207 1911
207 1911 2752
1911 207 2752
2143 657 1059
657 1059 2143
1059 657 2143
2334 184 998
184 998 2334
998 184 2334
1798 1548 2056
2056 1548 1798
1548 1798 2056
1924 14 1580
1580 14 1924
14 1580 1924
293 22 2949
2949 22 293
22 293 2949
655 1707 2122
1707 655 2122
2122 655 1707
1420 54 2799
2799 54 1420
54 1420 2799
1747 453 1906
1906 453 1747
453 1747 1906
1838 1910 2541
1910 1838 2541
2541 1838 1910
1370 752 2753
752 1370 2753
2753 752 1370
1887 1082 1857
1857 1082 1887
1082 1857 1887
2601 892 1311
1311 892 2601
892 1311 2601
1372 647 2064
2064 647 1372
647 1372 2064
2051 812 1418
1418 812 2051
812 1418 2051
503 1525 2508
1525 503 2508
2508 503 1525
902 961 2349
2349 902 961
961 902 2349
1530 706 793
706 793 1530
793 706 1530
578 197 835
835 197 578
197 578 835
603 327 1430
1430 327 603
327 603 1430
1138 1821 2314
2314 1138 1821
1821 1138 2314
1416 2706 2980
2980 1416 2706
2706 1416 2980
1386 355 1122
355 1122 1386
1122 355 1386
2922 735 2554
2554 735 2922
735 2554 2922
2717 398 1320
398 1320 2717
1320 398 2717
2512 1341 1820
1341 1820 2512
1820 1341 2512
2822 2471 2743
2471 2743 2822
2743 2471 2822
544 386 527
527 386 544
386 527 544
1250 456 976
976 456 1250
456 976 1250
2139 2817 2923
2923 2139 2817
2817 2139 2923
2479 217 285
285 217 2479
217 285 2479
2646 640 2398
2398 640 2646
640 2398 2646
1462 617 2947
617 1462 2947
2947 617 1462
1269 1026 2218
1026 1269 2218
2218 1026 1269
1796 256 1542
256 1542 1796
1542 256 1796
2032 660 1000
660 1000 2032
1000 660 2032
1038 1152 1175
1152 1038 1175
1175 1038 1152
1001 2309 2568
2568 1001 2309
2309 1001 2568
2971 2043 2239
2043 2239 2971
2239 2043 2971
1288 260 2277
260 1288 2277
2277 260 1288
1434 115 146
115 146 1434
146 115 1434
2591 51 400
51 400 2591
400 51 2591
2851 682 2498
682 2498 2851
2498 682 2851
2550 795 1716
795 1716 2550
1716 795 2550
1727 177 275
275 177 1727
177 275 1727
1640 677 1301
1301 677 1640
677 1301 1640
1305 512 1034
1034 512 1305
512 1034 1305
1171 1773 2649
1773 1171 2649
2649 1171 1773
1946 418 1065
1065 418 1946
418 1065 1946
1172 76 2304
76 1172 2304
2304 76 1172
1616 2563 2880
2563 1616 2880
2880 1616 2563
361 1470 2109
1470 361 2109
2109 361 1470
1775 1874 2012
1874 1775 2012
2012 1775 1874
1745 995 1239
995 1239 1745
1239 995 1745
1297 297 1484
297 1297 1484
1484 297 1297
966 1866 2780
1866 966 2780
2780 966 1866
2155 245 2319
2319 245 2155
245 2155 2319
1732 338 2724
338 1732 2724
2724 338 1732
248 1145 1551
1551 248 1145
1145 248 1551
2847 871 2602
871 2602 2847
2602 871 2847
2297 596 2331
2331 596 2297
596 2297 2331
2097 69 271
69 271 2097
271 69 2097
697 1646 2227
1646 697 2227
2227 697 1646
2203 956 1447
1447 956 2203
956 1447 2203
315 93 960
960 93 315
93 315 960
1595 2081 2163
2081 1595 2163
2163 1595 2081
2824 1314 2370
2370 1314 2824
1314 2370 2824
824 387 2502
2502 387 824
387 824 2502
1388 65 1449
65 1388 1449
1449 65 1388
2499 653 1953
653 1953 2499
1953 653 2499
411 383 696
696 383 411
383 411 696
2559 2438 2587
2438 2559 2587
2587 2438 2559
635 377 2198
377 635 2198
2198 377 635
526 323 510
510 323 526
323 510 526
124 2260 2380
2380 124 2260
2260 124 2380
614 279 1123
1123 279 614
279 614 1123
1022 875 2392
875 1022 2392
2392 875 1022
2966 2080 2830
2080 2830 2966
2830 2080 2966
2446 854 889
854 889 2446
889 854 2446
408 679 1373
1373 408 679
679 408 1373
1602 134 2195
134 1602 2195
2195 134 1602
43 348 1967
1967 43 348
348 43 1967
1490 668 800
668 800 1490
800 668 1490
506 1211 1401
1211 506 1401
1401 506 1211
1463 1324 1853
1324 1463 1853
1853 1324 1463
8 1298 2255
2255 8 1298
1298 8 2255
142 270 2931
270 142 2931
2931 142 270
1205 302 1606
1606 302 1205
302 1205 1606
2534 825 2751
2751 825 2534
825 2534 2751
1210 2475 2728
2475 1210 2728
2728 1210 2475
547 1159 2397
1159 547 2397
2397 547 1159
2798 1179 1844
1844 1179 2798
1179 1844 2798
1754 2173 2222
2173 1754 2222
2222 1754 2173
2338 1331 2735
1331 2338 2735
2735 1331 2338
1713 1066 2864
1066 1713 2864
2864 1066 1713
1117 509 2034
509 1117 2034
2034 509 1117
2892 2172 2216
2216 2172 2892
2172 2216 2892
2685 2653 2953
2653 2685 2953
2953 2653 2685
876 401 2584
401 876 2584
2584 401 876
2472 2060 2189
2189 2060 2472
2060 2189 2472
147 1569 1765
1569 147 1765
1765 147 1569
1709 237 1349
237 1349 1709
1349 237 1709
2698 1293 1599
1599 1293 2698
1293 1599 2698
2041 280 2775
2775 280 2041
280 2041 2775
671 2324 2579
2324 671 2579
2579 671 2324
2605 1871 2236
2236 1871 2605
1871 2236 2605
573 700 1295
1295 573 700
700 573 1295
1261 1300 2045
1300 1261 2045
2045 1261 1300
970 1487 2000
2000 970 1487
1487 970 2000
2533 1202 2133
1202 2133 2533
2133 1202 2533
2719 1587 1621
1621 1587 2719
1587 1621 2719
492 2149 2520
2149 492 2520
2520 492 2149
438 1304 1850
1304 438 1850
1850 438 1304
2899 612 2921
2921 612 2899
612 2899 2921
1980 173 1990
173 1980 1990
1990 173 1980
1130 60 2868
2868 60 1130
60 1130 2868
2974 1500 2940
1500 2940 2974
2940 1500 2974
2206 66 863
863 66 2206
66 863 2206
1338 906 1529
906 1338 1529
1529 906 1338
1106 575 650
575 650 1106
650 575 1106
672 1788 2691
1788 672 2691
2691 672 1788
1340 443 2344
2344 443 1340
443 1340 2344
766 546 1406
1406 546 766
546 766 1406
363 1517 2170
2170 363 1517
1517 363 2170
2011 525 885
885 525 2011
525 885 2011
2543 213 2643
2643 213 2543
213 2543 2643
2912 985 2407
985 2407 2912
2407 985 2912
1107 294 2021
2021 294 1107
294 1107 2021
652 298 896
298 652 896
896 298 652
2323 462 2192
462 2192 2323
2192 462 2323
1972 2313 2487
2313 1972 2487
2487 1972 2313
39 616 1987
1987 39 616
616 39 1987
2972 2336 2718
2718 2336 2972
2336 2718 2972
183 2325 2525
2525 183 2325
2325 183 2525
586 1950 2111
2111 586 1950
1950 586 2111
70 307 1254
1254 70 307
307 70 1254
1041 283 1982
1982 283 1041
283 1041 1982
2636 1002 1060
1002 1060 2636
1060 1002 2636
523 958 2054
2054 523 958
958 523 2054
756 437 2907
2907 437 756
437 756 2907
30 1097 1940
1097 30 1940
1940 30 1097
2572 864 2317
864 2317 2572
2317 864 2572
944 1062 1528
1062 944 1528
1528 944 1062
2898 661 2493
2493 661 2898
661 2493 2898
2540 90 801
801 90 2540
90 801 2540
2739 1236 1588
1588 1236 2739
1236 1588 2739
2607 288 2020
288 2020 2607
2020 288 2607
2662 1073 1306
1306 1073 2662
1073 1306 2662
1845 1589 2976
2976 1589 1845
1589 1845 2976
623 426 2763
2763 426 623
426 623 2763
1144 848 1784
848 1144 1784
1784 848 1144
2083 384 2967
2967 384 2083
384 2083 2967
1353 410 2618
410 1353 2618
2618 410 1353
2321 129 1742
1742 129 2321
129 1742 2321
2776 2545 2853
2853 2545 2776
2545 2776 2853
1892 540 2664
2664 540 1892
540 1892 2664
567 1399 2150
2150 567 1399
1399 567 2150
2814 1128 2732
2732 1128 2814
1128 2732 2814
1693 1827 2825
2825 1693 1827
1827 1693 2825
436 2191 2625
2191 436 2625
2625 436 2191
257 2725 2873
2873 257 2725
2725 257 2873
1804 709 1591
709 1591 1804
1591 709 1804
1313 742 1849
1849 742 1313
742 1313 1849
2837 2061 2553
2061 2553 2837
2553 2061 2837
1222 551 822
551 822 1222
822 551 1222
332 1087 2688
1087 332 2688
2688 332 1087
2466 433 2213
2213 433 2466
433 2213 2466
169 422 1624
1624 169 422
422 169 1624
1995 97 1996
1996 97 1995
97 1995 1996
2491 449 1281
449 1281 2491
1281 449 2491
316 1558 2362
1558 316 2362
2362 316 1558
975 364 643
364 643 975
643 364 975
1612 187 1684
187 1612 1684
1684 187 1612
2248 724 1440
1440 724 2248
724 1440 2248
482 659 2396
659 482 2396
2396 482 659
858 1084 1240
1240 858 1084
1084 858 1240
1756 569 2747
569 1756 2747
2747 569 1756
2144 1989 2025
2025 1989 2144
1989 2025 2144
2530 665 2278
665 2278 2530
2278 665 2530
291 136 1078
1078 136 291
136 291 1078
608 500 1627
1627 500 608
500 608 1627
170 1292 2364
2364 170 1292
1292 170 2364
810 1506 2296
1506 810 2296
2296 810 1506
651 480 2516
2516 480 651
480 651 2516
2791 1380 2567
2567 1380 2791
1380 2567 2791
2238 1973 1975
1973 1975 2238
1975 1973 2238
2978 513 1679
513 1679 2978
1679 513 2978
2983 1227 2778
1227 2778 2983
2778 1227 2983
1436 12 1541
12 1436 1541
1541 12 1436
2098 413 874
413 874 2098
874 413 2098
1025 1308 2963
2963 1025 1308
1308 1025 2963
2571 1221 1735
1221 1735 2571
1735 1221 2571
2658 354 1648
354 1648 2658
1648 354 2658
2758 1641 2161
2161 1641 2758
1641 2161 2758
2956 121 2668
2668 121 2956
121 2668 2956
534 261 2770
2770 261 534
261 534 2770
1348 1042 2549
2549 1042 1348
1042 1348 2549
19 186 629
629 19 186
186 19 629
1547 1011 2046
1011 1547 2046
2046 1011 1547
1231 1766 2434
2434 1231 1766
1766 1231 2434
1832 695 1509
695 1509 1832
1509 695 1832
1617 1361 2647
1361 1617 2647
2647 1361 1617
1811 231 1326
231 1326 1811
1326 231 1811
1803 219 2901
2901 219 1803
219 1803 2901
2756 63 2004
2004 63 2756
63 2004 2756
333 131 714
131 333 714
714 131 333
98 830 857
830 98 857
857 98 830
886 5 325
5 325 886
325 5 886
1492 1058 2890
2890 1058 1492
1058 1492 2890
1787 1985 2186
2186 1787 1985
1985 1787 2186
2228 1619 2547
1619 2228 2547
2547 1619 2228
1956 2244 2881
2244 1956 2881
2881 1956 2244
1935 947 1442
947 1442 1935
1442 947 1935
1837 686 2558
686 1837 2558
2558 686 1837
1198 554 748
554 748 1198
748 554 1198
1499 1149 2667
2667 1149 1499
1149 1499 2667
1954 2275 2781
2275 1954 2781
2781 1954 2275
1061 1457 2626
1457 1061 2626
2626 1061 1457
2151 1238 1302
1238 1302 2151
1302 1238 2151
2606 1330 1785
1330 1785 2606
1785 1330 2606
103 1823 2848
2848 103 1823
1823 103 2848
1523 2483 2989
2989 1523 2483
2483 1523 2989
1703 250 1385
1385 250 1703
250 1385 1703
790 2282 2858
2858 790 2282
2282 790 2858
2427 681 1810
681 1810 2427
1810 681 2427
1819 435 2744
2744 435 1819
435 1819 2744
2383 1706 2166
1706 2166 2383
2166 1706 2383
1939 585 909
909 585 1939
585 909 1939
2716 553 2252
553 2252 2716
2252 553 2716
1012 1675 2733
2733 1012 1675
1675 1012 2733
274 767 2661
767 274 2661
2661 274 767
2590 2298 2826
2298 2590 2826
2826 2298 2590
2211 1417 1994
1417 1994 2211
1994 1417 2211
1162 2137 2969
2969 1162 2137
2137 1162 2969
1898 421 737
421 737 1898
737 421 1898
2177 1243 2789
1243 2177 2789
2789 1243 2177
148 415 2215
415 148 2215
2215 148 415
1475 1081 2073
1081 1475 2073
2073 1081 1475
1223 625 2124
625 1223 2124
2124 625 1223
2395 278 1071
1071 278 2395
278 1071 2395
1450 339 2176
339 1450 2176
2176 339 1450
1674 475 919
919 475 1674
475 919 1674
694 599 1364
599 694 1364
1364 599 694
1840 2386 2663
2386 1840 2663
2663 1840 2386
2082 160 1206
1206 160 2082
160 1206 2082
849 45 2803
45 849 2803
2803 45 849
2720 322 1501
322 1501 2720
1501 322 2720
23 1567 2217
2217 23 1567
1567 23 2217
1638 524 1362
524 1362 1638
1362 524 1638
1496 1653 2930
2930 1496 1653
1653 1496 2930
1718 605 2699
605 1718 2699
2699 605 1718
639 365 2875
2875 365 639
365 639 2875
2703 1157 1736
1157 1736 2703
1736 1157 2703
153 474 1538
474 153 1538
1538 153 474
1247 235 1900
235 1247 1900
1900 235 1247
1812 135 1971
135 1812 1971
1971 135 1812
2679 11 2885
11 2679 2885
2885 11 2679
564 253 984
253 564 984
984 253 564
880 1672 2294
2294 880 1672
1672 880 2294
406 40 381
40 381 406
381 40 406
2320 300 1767
1767 300 2320
300 1767 2320
80 1114 1549
1549 80 1114
1114 80 1549
736 1185 2979
1185 736 2979
2979 736 1185
633 1209 1825
1209 633 1825
1825 633 1209
593 152 1043
1043 152 593
152 593 1043
1377 57 1378
57 1377 1378
1378 57 1377
589 921 1764
921 589 1764
1764 589 921
2096 2385 2913
2913 2096 2385
2385 2096 2913
1160 1689 2374
1689 1160 2374
2374 1160 1689
782 205 2484
2484 205 782
205 782 2484
1552 21 2671
21 1552 2671
