27278 7725 23310
23310 7725 27278
7725 23310 27278
10355 20796 25698
25698 10355 20796
20796 10355 25698
28740 1635 7684
7684 1635 28740
1635 7684 28740
4378 287 4650
4650 287 4378
287 4378 4650
12497 24927 27641
27641 12497 24927
24927 12497 27641
15854 5554 8775
8775 5554 15854
5554 8775 15854
7324 20292 24011
24011 7324 20292
20292 7324 24011
18003 10404 29752
10404 18003 29752
29752 10404 18003
6890 7400 29193
29193 6890 7400
7400 6890 29193
17908 25362 25953
25362 17908 25953
25953 17908 25362
28560 4315 23453
4315 23453 28560
23453 4315 28560
28670 8818 13969
13969 8818 28670
8818 13969 28670
20766 2450 15021
15021 2450 20766
2450 15021 20766
7676 159 10955
10955 159 7676
159 7676 10955
18131 6484 16707
16707 6484 18131
6484 16707 18131
4847 29098 29973
29973 4847 29098
29098 4847 29973
20603 535 18627
535 18627 20603
18627 535 20603
15961 6855 19428
19428 6855 15961
6855 15961 19428
12667 11909 13422
11909 12667 13422
13422 11909 12667
20105 10002 11343
11343 10002 20105
10002 11343 20105
4958 8500 17947
8500 4958 17947
17947 4958 8500
774 682 1734
1734 682 774
682 774 1734
15726 5037 7746
5037 7746 15726
7746 5037 15726
6559 3403 6509
6509 3403 6559
3403 6509 6559
20242 1745 13596
13596 1745 20242
1745 13596 20242
19783 17669 21747
21747 17669 19783
17669 19783 21747
15496 2940 17356
2940 15496 17356
17356 2940 15496
14637 8452 12373
8452 12373 14637
12373 8452 14637
17217 3974 15479
3974 15479 17217
15479 3974 17217
21185 16697 22340
22340 16697 21185
16697 21185 22340
20368 9821 17972
17972 9821 20368
9821 17972 20368
10827 8368 26116
8368 10827 26116
26116 8368 10827
3226 8565 19482
19482 3226 8565
8565 3226 19482
5297 21930 29129
21930 5297 29129
29129 5297 21930
19768 19080 22460
22460 19080 19768
19080 19768 22460
8435 3508 14625
14625 3508 8435
3508 8435 14625
13758 8491 28372
8491 13758 28372
28372 8491 13758
20286 6367 22427
6367 20286 22427
22427 6367 20286
8168 10834 20061
10834 8168 20061
20061 8168 10834
11587 20210 27475
20210 11587 27475
27475 11587 20210
3433 175 9250
175 3433 9250
9250 175 3433
2298 11491 25441
11491 2298 25441
25441 2298 11491
13451 4136 22634
4136 13451 22634
22634 4136 13451
1726 4893 19936
19936 1726 4893
4893 1726 19936
20012 8806 26928
8806 20012 26928
26928 8806 20012
15460 23233 28601
28601 15460 23233
23233 15460 28601
20808 2292 2456
2292 2456 20808
2456 2292 20808
25286 7781 8191
8191 7781 25286
7781 8191 25286
5964 11171 20348
20348 5964 11171
11171 5964 20348
25325 20525 28130
20525 25325 28130
28130 20525 25325
19174 2542 29658
29658 2542 19174
2542 19174 29658
23200 5969 15397
15397 5969 23200
5969 15397 23200
20305 9755 24350
24350 9755 20305
9755 20305 24350
26789 4455 17927
17927 4455 26789
4455 17927 26789
26038 5865 20342
5865 20342 26038
20342 5865 26038
17643 8024 18917
18917 8024 17643
8024 17643 18917
23130 4941 26231
4941 23130 26231
26231 4941 23130
25520 14054 24403
24403 14054 25520
14054 24403 25520
21629 4502 23990
4502 21629 23990
23990 4502 21629
2396 7043 22788
22788 2396 7043
7043 2396 22788
28404 4763 29359
4763 28404 29359
29359 4763 28404
9940 14985 26255
14985 9940 26255
26255 9940 14985
5229 16731 21924
16731 5229 21924
21924 5229 16731
27291 3912 4844
3912 4844 27291
4844 3912 27291
29387 7834 12341
7834 12341 29387
12341 7834 29387
1333 4774 5914
4774 1333 5914
5914 1333 4774
16939 5513 23637
23637 5513 16939
5513 16939 23637
7616 8613 19023
8613 7616 19023
19023 7616 8613
17159 20805 29023
20805 17159 29023
29023 17159 20805
6950 380 16329
16329 380 6950
380 6950 16329
29726 15824 20041
20041 15824 29726
15824 20041 29726
27409 21689 29881
21689 27409 29881
29881 21689 27409
19984 7263 18251
7263 18251 19984
18251 7263 19984
23257 12599 13757
13757 12599 23257
12599 13757 23257
10642 25378 29349
25378 10642 29349
29349 10642 25378
3034 275 23704
275 3034 23704
23704 275 3034
502 2680 20516
2680 502 20516
20516 502 2680
28921 25767 27357
25767 27357 28921
27357 25767 28921
3588 8135 23388
8135 3588 23388
23388 3588 8135
8199 4054 19600
4054 8199 19600
19600 4054 8199
9062 22437 29888
29888 9062 22437
22437 9062 29888
3117 6801 19837
19837 3117 6801
6801 3117 19837
12519 17059 29667
29667 12519 17059
17059 12519 29667
28471 332 20634
332 20634 28471
20634 332 28471
19706 14374 20902
14374 19706 20902
20902 14374 19706
1650 25425 26751
25425 1650 26751
26751 1650 25425
15809 1482 29397
29397 1482 15809
1482 15809 29397
73 11276 29572
29572 73 11276
11276 73 29572
22735 11037 13146
13146 11037 22735
11037 13146 22735
8246 1413 6627
6627 1413 8246
1413 6627 8246
10264 400 10146
10146 400 10264
400 10146 10264
15275 20764 25335
20764 15275 25335
25335 15275 20764
28411 11467 19297
11467 19297 28411
19297 11467 28411
29235 19943 21276
21276 19943 29235
19943 21276 29235
3282 10054 15452
10054 3282 15452
15452 3282 10054
25360 9696 15508
9696 15508 25360
15508 9696 25360
10672 11405 15537
15537 10672 11405
11405 10672 15537
9286 13764 14266
14266 9286 13764
13764 9286 14266
23265 3050 22723
22723 3050 23265
3050 22723 23265
23457 24892 26663
26663 23457 24892
24892 23457 26663
16433 16693 21457
16693 16433 21457
21457 16433 16693
3452 24269 26624
26624 3452 24269
24269 3452 26624
18081 6013 29053
29053 6013 18081
6013 18081 29053
27097 15301 15361
15301 15361 27097
15361 15301 27097
25101 10408 23241
23241 10408 25101
10408 23241 25101
21480 27124 27588
27124 21480 27588
27588 21480 27124
15295 2349 8109
2349 8109 15295
8109 2349 15295
26613 9036 14047
9036 14047 26613
14047 9036 26613
10662 5147 18411
18411 5147 10662
5147 10662 18411
23259 8407 29389
29389 8407 23259
8407 23259 29389
11219 6974 9411
6974 9411 11219
9411 6974 11219
26891 16622 17006
16622 17006 26891
17006 16622 26891
3352 4055 29479
4055 3352 29479
29479 3352 4055
14233 14627 22227
14627 14233 22227
22227 14233 14627
25730 2812 9371
2812 9371 25730
9371 2812 25730
27698 17135 22991
22991 17135 27698
17135 22991 27698
24413 20552 23071
23071 20552 24413
20552 23071 24413
25663 2454 18419
18419 2454 25663
2454 18419 25663
27069 8661 11813
11813 8661 27069
8661 11813 27069
5822 4798 16637
4798 5822 16637
16637 4798 5822
11484 1449 18874
18874 1449 11484
1449 11484 18874
19398 4861 21858
4861 19398 21858
21858 4861 19398
20853 2151 14211
2151 14211 20853
14211 2151 20853
19963 376 4257
4257 376 19963
376 4257 19963
24041 5628 26786
5628 24041 26786
26786 5628 24041
11387 19298 29443
29443 11387 19298
19298 11387 29443
16260 3988 10042
10042 3988 16260
3988 10042 16260
4033 1982 21130
1982 4033 21130
21130 1982 4033
18691 15036 28747
28747 15036 18691
15036 18691 28747
13203 9262 25593
9262 13203 25593
25593 9262 13203
14912 5978 15983
5978 14912 15983
15983 5978 14912
16752 11266 13166
11266 13166 16752
13166 11266 16752
8597 16327 19669
16327 8597 19669
19669 8597 16327
14956 7124 17712
17712 7124 14956
7124 14956 17712
7663 11407 17320
17320 7663 11407
11407 7663 17320
16858 13024 15288
13024 15288 16858
15288 13024 16858
16960 522 2847
522 2847 16960
2847 522 16960
15950 2092 23054
23054 2092 15950
2092 15950 23054
203 754 9605
9605 203 754
754 203 9605
26072 3915 27212
27212 3915 26072
3915 26072 27212
22487 7478 23762
23762 7478 22487
7478 22487 23762
10403 11650 13353
13353 10403 11650
11650 10403 13353
17088 20877 25916
20877 17088 25916
25916 17088 20877
19231 2685 19164
19164 2685 19231
2685 19164 19231
4555 6681 21781
6681 4555 21781
21781 4555 6681
12737 7391 10748
10748 7391 12737
7391 10748 12737
10301 5142 21205
5142 10301 21205
21205 5142 10301
2416 9812 25689
9812 2416 25689
25689 2416 9812
20511 2435 22809
2435 20511 22809
22809 2435 20511
19572 16647 23711
23711 16647 19572
16647 19572 23711
21710 13266 24157
24157 13266 21710
13266 21710 24157
506 9629 27853
27853 506 9629
9629 506 27853
29521 16090 19813
19813 16090 29521
16090 19813 29521
6758 12904 25976
12904 6758 25976
25976 6758 12904
5614 1898 14723
14723 1898 5614
1898 5614 14723
6667 18631 23308
23308 6667 18631
18631 6667 23308
27398 8286 21298
8286 21298 27398
21298 8286 27398
22278 17610 27630
27630 17610 22278
17610 22278 27630
11576 6071 24585
6071 11576 24585
24585 6071 11576
13800 2032 10108
2032 10108 13800
10108 2032 13800
15211 6039 15724
15724 6039 15211
6039 15211 15724
843 7396 22717
22717 843 7396
7396 843 22717
10410 614 20559
614 10410 20559
20559 614 10410
21404 12790 15243
12790 15243 21404
15243 12790 21404
7675 7135 17635
7135 7675 17635
17635 7135 7675
1521 6544 6642
6544 1521 6642
6642 1521 6544
17207 1977 23345
23345 1977 17207
1977 17207 23345
4465 12328 17334
12328 4465 17334
17334 4465 12328
946 9030 9052
9030 946 9052
9052 946 9030
22689 16023 22944
16023 22689 22944
22944 16023 22689
10135 12718 26780
12718 10135 26780
26780 10135 12718
23047 8810 26161
8810 23047 26161
26161 8810 23047
25850 16796 27679
16796 25850 27679
27679 16796 25850
26260 22566 29978
22566 26260 29978
29978 22566 26260
8173 1728 14200
14200 1728 8173
1728 8173 14200
25096 4170 29116
29116 4170 25096
4170 25096 29116
7899 7690 29844
29844 7690 7899
7690 7899 29844
28189 16332 18468
16332 18468 28189
18468 16332 28189
22541 7932 22417
22417 7932 22541
7932 22417 22541
19942 1191 26676
26676 1191 19942
1191 19942 26676
2158 2465 7809
7809 2158 2465
2465 2158 7809
18435 12767 26968
26968 12767 18435
12767 18435 26968
12947 7132 20580
7132 12947 20580
20580 7132 12947
11469 3321 28057
3321 11469 28057
28057 3321 11469
26522 331 23877
331 23877 26522
23877 331 26522
9221 10085 29891
10085 9221 29891
29891 9221 10085
4720 10786 20656
20656 4720 10786
10786 4720 20656
5500 9070 9397
9397 5500 9070
9070 5500 9397
10542 5060 26279
26279 5060 10542
5060 10542 26279
27922 23425 26545
26545 23425 27922
23425 26545 27922
28501 9835 19009
9835 19009 28501
19009 9835 28501
25650 8796 16600
8796 16600 25650
16600 8796 25650
5861 428 14561
428 5861 14561
14561 428 5861
12897 15398 17123
15398 12897 17123
17123 12897 15398
2232 705 9024
705 2232 9024
9024 705 2232
11875 8438 26169
26169 8438 11875
8438 11875 26169
3777 12240 13327
12240 3777 13327
13327 3777 12240
29611 15492 28383
15492 28383 29611
28383 15492 29611
28458 9299 10271
9299 10271 28458
10271 9299 28458
29867 21388 25493
25493 21388 29867
21388 25493 29867
17359 5247 9347
5247 9347 17359
9347 5247 17359
21934 510 27792
510 21934 27792
27792 510 21934
10821 191 16121
16121 191 10821
191 10821 16121
9954 17395 26103
26103 9954 17395
17395 9954 26103
304 9914 22500
22500 304 9914
9914 304 22500
25926 8907 10237
8907 10237 25926
10237 8907 25926
13762 9384 15446
9384 13762 15446
15446 9384 13762
12181 16225 29792
29792 12181 16225
16225 12181 29792
27905 7524 7766
7766 7524 27905
7524 7766 27905
28825 2590 6672
6672 2590 28825
2590 6672 28825
15644 2012 24253
24253 2012 15644
2012 15644 24253
6233 981 11780
981 6233 11780
11780 981 6233
22911 2955 28284
28284 2955 22911
2955 22911 28284
22682 14022 19510
19510 14022 22682
14022 19510 22682
4048 14110 25842
14110 4048 25842
25842 4048 14110
15833 4837 9645
4837 9645 15833
9645 4837 15833
9569 3098 16609
16609 3098 9569
3098 9569 16609
26792 5962 7502
7502 5962 26792
5962 7502 26792
16376 11876 28812
28812 11876 16376
11876 16376 28812
23290 10601 21673
10601 21673 23290
21673 10601 23290
25328 11938 23210
11938 23210 25328
23210 11938 25328
28426 8085 19334
8085 19334 28426
19334 8085 28426
22448 4998 14458
14458 4998 22448
4998 14458 22448
13230 22002 22102
22102 13230 22002
22002 13230 22102
23697 381 24301
381 23697 24301
24301 381 23697
810 11355 26400
11355 810 26400
26400 810 11355
1821 14147 14370
14370 1821 14147
14147 1821 14370
27306 22625 24826
22625 24826 27306
24826 22625 27306
1316 12637 19195
12637 1316 19195
19195 1316 12637
12946 760 16464
760 12946 16464
16464 760 12946
29506 2956 29279
2956 29279 29506
29279 2956 29506
3183 22010 25590
25590 3183 22010
22010 3183 25590
23048 7315 16014
16014 7315 23048
7315 16014 23048
23528 7791 21825
21825 7791 23528
7791 21825 23528
28303 6945 17065
6945 17065 28303
17065 6945 28303
26029 7003 15314
15314 7003 26029
7003 15314 26029
6193 3635 19938
3635 6193 19938
19938 3635 6193
20538 26814 28267
26814 20538 28267
28267 20538 26814
17206 12533 15979
12533 15979 17206
15979 12533 17206
21852 20874 26931
26931 20874 21852
20874 21852 26931
15476 5674 21906
5674 15476 21906
21906 5674 15476
1014 24470 29471
24470 1014 29471
29471 1014 24470
14188 16761 17163
17163 14188 16761
16761 14188 17163
22445 10994 18880
18880 10994 22445
10994 18880 22445
2113 11025 20500
20500 2113 11025
11025 2113 20500
19930 9562 28897
28897 9562 19930
9562 19930 28897
9601 21468 24888
24888 9601 21468
21468 9601 24888
24521 7814 25396
25396 7814 24521
7814 24521 25396
23267 13208 13866
13866 13208 23267
13208 13866 23267
4940 8910 18198
18198 4940 8910
8910 4940 18198
15404 286 11042
11042 286 15404
286 11042 15404
4404 2763 24694
2763 4404 24694
24694 2763 4404
15152 10240 20187
20187 10240 15152
10240 15152 20187
18794 9927 25275
25275 9927 18794
9927 18794 25275
15869 279 21137
279 15869 21137
21137 279 15869
11301 5731 19919
19919 5731 11301
5731 11301 19919
25726 19516 27678
19516 25726 27678
27678 19516 25726
26845 5946 14168
14168 5946 26845
5946 14168 26845
10722 4687 16418
16418 4687 10722
4687 10722 16418
2802 918 15709
15709 918 2802
918 2802 15709
21789 9825 14616
14616 9825 21789
9825 14616 21789
10250 6961 16096
16096 6961 10250
6961 10250 16096
29398 8869 17847
8869 17847 29398
17847 8869 29398
8189 1017 17805
1017 8189 17805
17805 1017 8189
714 6792 19797
6792 714 19797
19797 714 6792
4922 15108 21462
15108 4922 21462
21462 4922 15108
26878 12149 25330
12149 25330 26878
25330 12149 26878
10819 5028 27016
5028 10819 27016
27016 5028 10819
9235 6073 24082
24082 6073 9235
6073 9235 24082
12220 26894 28529
28529 12220 26894
26894 12220 28529
4544 17877 24356
17877 4544 24356
24356 4544 17877
21902 11029 17832
17832 11029 21902
11029 17832 21902
21751 5874 28669
28669 5874 21751
5874 21751 28669
9193 20748 24019
24019 9193 20748
20748 9193 24019
4108 11344 27772
27772 4108 11344
11344 4108 27772
6860 18746 24554
24554 6860 18746
18746 6860 24554
26811 1432 12099
1432 12099 26811
12099 1432 26811
2666 1295 14209
1295 2666 14209
14209 1295 2666
5296 8684 26435
8684 5296 26435
26435 5296 8684
28335 8760 26290
26290 8760 28335
8760 26290 28335
22464 15058 23625
15058 22464 23625
23625 15058 22464
3739 21398 26574
21398 3739 26574
26574 3739 21398
2540 13245 26054
26054 2540 13245
13245 2540 26054
20110 11019 13130
11019 13130 20110
13130 11019 20110
28393 1079 22490
1079 22490 28393
22490 1079 28393
8220 377 14253
14253 377 8220
377 8220 14253
10710 12082 21120
21120 10710 12082
12082 10710 21120
20619 3750 5096
5096 3750 20619
3750 5096 20619
1628 3154 22772
3154 1628 22772
22772 1628 3154
12321 14607 26614
26614 12321 14607
14607 12321 26614
9889 22585 23694
23694 9889 22585
22585 9889 23694
26834 4839 17844
17844 4839 26834
4839 17844 26834
23062 12745 25154
25154 12745 23062
12745 23062 25154
25088 8545 14884
14884 8545 25088
8545 14884 25088
20219 2265 22181
2265 20219 22181
22181 2265 20219
5018 19015 26351
19015 5018 26351
26351 5018 19015
2169 3160 26031
26031 2169 3160
3160 2169 26031
8551 524 28187
524 8551 28187
28187 524 8551
2922 17623 20006
17623 2922 20006
20006 2922 17623
15346 1496 7775
1496 7775 15346
7775 1496 15346
24147 5877 24728
24728 5877 24147
5877 24147 24728
283 26418 26611
26611 283 26418
26418 283 26611
14331 6869 23971
23971 6869 14331
6869 14331 23971
20100 11386 14365
11386 14365 20100
14365 11386 20100
13790 15626 16728
16728 13790 15626
15626 13790 16728
13221 9462 19582
19582 9462 13221
9462 13221 19582
18380 4003 10893
4003 10893 18380
10893 4003 18380
15787 12963 28500
28500 12963 15787
12963 15787 28500
280 6883 9088
9088 280 6883
6883 280 9088
20738 13554 14401
13554 14401 20738
14401 13554 20738
10052 7681 23842
23842 7681 10052
7681 10052 23842
7139 4340 25572
4340 7139 25572
25572 4340 7139
1843 6521 11475
11475 1843 6521
6521 1843 11475
6846 1285 24639
24639 1285 6846
1285 6846 24639
8302 12165 17501
17501 8302 12165
12165 8302 17501
3276 15690 22929
15690 3276 22929
22929 3276 15690
27004 839 8490
839 8490 27004
8490 839 27004
13489 4706 26300
4706 13489 26300
26300 4706 13489
19410 7146 25944
7146 19410 25944
25944 7146 19410
1673 2983 24755
2983 1673 24755
24755 1673 2983
1060 14041 15009
15009 1060 14041
14041 1060 15009
21313 25208 28296
28296 21313 25208
25208 21313 28296
24812 26547 29484
26547 24812 29484
29484 24812 26547
27308 4938 5151
5151 4938 27308
4938 5151 27308
21563 23600 29848
23600 21563 29848
29848 21563 23600
13211 25070 25641
25641 13211 25070
25070 13211 25641
28681 2631 12670
2631 12670 28681
12670 2631 28681
23479 10713 14541
10713 14541 23479
14541 10713 23479
11983 10844 17335
10844 11983 17335
17335 10844 11983
3400 259 6754
259 3400 6754
6754 259 3400
1134 10297 21217
21217 1134 10297
10297 1134 21217
7441 314 19806
314 7441 19806
19806 314 7441
11888 12397 26596
26596 11888 12397
12397 11888 26596
25083 20943 26414
20943 25083 26414
26414 20943 25083
6036 5023 27104
27104 5023 6036
5023 6036 27104
24481 19747 26392
26392 19747 24481
19747 24481 26392
12402 8905 28987
8905 12402 28987
28987 8905 12402
14739 22759 29110
22759 14739 29110
29110 14739 22759
16542 16732 27575
27575 16542 16732
16732 16542 27575
28280 1074 25056
1074 25056 28280
25056 1074 28280
14313 12606 19041
12606 14313 19041
19041 12606 14313
6165 17336 23795
23795 6165 17336
17336 6165 23795
6217 8519 11363
11363 6217 8519
8519 6217 11363
3686 18570 29678
18570 3686 29678
29678 3686 18570
9823 14098 15329
15329 9823 14098
14098 9823 15329
11342 1760 7768
7768 1760 11342
1760 7768 11342
17238 4777 21255
4777 17238 21255
21255 4777 17238
19289 27324 29205
29205 19289 27324
27324 19289 29205
847 7785 28357
7785 847 28357
28357 847 7785
10936 9718 24098
24098 9718 10936
9718 10936 24098
5173 1027 1771
1771 1027 5173
1027 1771 5173
26592 10009 24760
24760 10009 26592
10009 24760 26592
27404 10056 21149
10056 21149 27404
21149 10056 27404
14422 21734 26088
21734 14422 26088
26088 14422 21734
27598 2997 3549
3549 2997 27598
2997 3549 27598
25739 16386 20343
16386 20343 25739
20343 16386 25739
14001 11116 28297
11116 14001 28297
28297 11116 14001
18072 401 19311
19311 401 18072
401 18072 19311
18451 21200 26678
21200 18451 26678
26678 18451 21200
1639 13138 14130
14130 1639 13138
13138 1639 14130
4628 3322 13583
3322 4628 13583
13583 3322 4628
7092 21993 24701
21993 7092 24701
24701 7092 21993
756 23531 27111
23531 756 27111
27111 756 23531
25410 1907 15193
15193 1907 25410
1907 15193 25410
17616 19407 22710
19407 17616 22710
22710 17616 19407
5280 22924 26916
26916 5280 22924
22924 5280 26916
16315 15797 16833
16833 15797 16315
15797 16315 16833
26327 12866 15486
12866 15486 26327
15486 12866 26327
829 2841 28191
28191 829 2841
2841 829 28191
967 8628 14523
8628 967 14523
14523 967 8628
24347 2289 12400
12400 2289 24347
2289 12400 24347
4504 10148 28197
10148 4504 28197
28197 4504 10148
21274 2481 7913
2481 7913 21274
7913 2481 21274
10857 580 11529
580 10857 11529
11529 580 10857
13532 17830 19196
17830 13532 19196
19196 13532 17830
3839 11308 28178
28178 3839 11308
11308 3839 28178
4524 11981 22184
11981 4524 22184
22184 4524 11981
28950 9762 29706
29706 9762 28950
9762 28950 29706
13755 16157 21135
16157 13755 21135
21135 13755 16157
9273 5825 19951
19951 5825 9273
5825 9273 19951
18345 5761 15289
5761 15289 18345
15289 5761 18345
5981 6213 24609
6213 5981 24609
24609 5981 6213
26959 11095 21009
11095 21009 26959
21009 11095 26959
28167 6292 25071
6292 25071 28167
25071 6292 28167
19088 486 19873
19873 486 19088
486 19088 19873
22768 12344 13305
12344 13305 22768
13305 12344 22768
26236 3224 18487
3224 18487 26236
18487 3224 26236
9251 733 18938
18938 733 9251
733 9251 18938
17630 1140 4498
1140 4498 17630
4498 1140 17630
21923 7404 10900
7404 10900 21923
10900 7404 21923
12285 5857 10597
10597 5857 12285
5857 10597 12285
29070 13725 26237
13725 26237 29070
26237 13725 29070
19292 6649 10964
6649 10964 19292
10964 6649 19292
17541 21275 22157
22157 17541 21275
21275 17541 22157
17574 11793 25308
11793 17574 25308
25308 11793 17574
28686 9135 28698
9135 28686 28698
28698 9135 28686
15853 10580 10660
10660 10580 15853
10580 10660 15853
29415 10347 19517
10347 19517 29415
19517 10347 29415
26953 2077 2671
2671 2077 26953
2077 2671 26953
879 19343 25853
25853 879 19343
19343 879 25853
14741 7712 9085
9085 7712 14741
7712 9085 14741
9474 19069 24861
19069 9474 24861
24861 9474 19069
18004 1305 27329
27329 1305 18004
1305 18004 27329
16896 4287 22150
4287 16896 22150
22150 4287 16896
13776 1204 8321
1204 8321 13776
8321 1204 13776
17050 2785 25063
2785 17050 25063
25063 2785 17050
16242 7513 25204
25204 7513 16242
7513 16242 25204
25379 13795 26119
26119 13795 25379
13795 25379 26119
27053 6710 23827
6710 23827 27053
23827 6710 27053
26227 5497 20208
5497 20208 26227
20208 5497 26227
15884 12390 13624
12390 13624 15884
13624 12390 15884
20706 6982 25868
6982 20706 25868
25868 6982 20706
25339 5049 8479
8479 5049 25339
5049 8479 25339
7027 1071 27591
27591 1071 7027
1071 7027 27591
13751 6790 19145
6790 13751 19145
19145 6790 13751
17886 9363 22679
9363 17886 22679
22679 9363 17886
13226 20442 23506
23506 13226 20442
20442 13226 23506
21221 585 4224
4224 585 21221
585 4224 21221
5370 9539 13650
13650 5370 9539
9539 5370 13650
19759 16586 23409
23409 16586 19759
16586 19759 23409
7784 6560 13117
6560 7784 13117
13117 6560 7784
20627 120 3677
3677 120 20627
120 3677 20627
13603 3618 4519
3618 4519 13603
4519 3618 13603
27646 12765 18012
18012 12765 27646
12765 18012 27646
22200 4080 15001
15001 4080 22200
4080 15001 22200
19547 18856 26541
18856 19547 26541
26541 18856 19547
7587 8313 28036
8313 7587 28036
28036 7587 8313
24114 867 17644
17644 867 24114
867 17644 24114
10983 5537 15756
15756 5537 10983
5537 10983 15756
8495 18305 26921
18305 8495 26921
26921 8495 18305
5452 15105 28953
15105 5452 28953
28953 5452 15105
20098 23066 23882
23066 20098 23882
23882 20098 23066
6581 4735 5105
4735 5105 6581
5105 4735 6581
15915 11792 24189
24189 11792 15915
11792 15915 24189
24499 6238 25293
25293 6238 24499
6238 24499 25293
15326 11747 26432
26432 11747 15326
11747 15326 26432
17973 16845 23927
16845 17973 23927
23927 16845 17973
22410 14149 23836
14149 22410 23836
23836 14149 22410
12899 8587 29612
29612 8587 12899
8587 12899 29612
8450 7123 13926
7123 8450 13926
13926 7123 8450
29588 768 2893
768 2893 29588
2893 768 29588
2589 8581 10732
8581 2589 10732
10732 2589 8581
17077 18720 24898
24898 17077 18720
18720 17077 24898
14060 12728 18243
12728 14060 18243
18243 12728 14060
8589 9699 27318
27318 8589 9699
9699 8589 27318
19929 12070 14124
14124 12070 19929
12070 14124 19929
9803 6656 8874
8874 6656 9803
6656 8874 9803
19008 18364 29564
18364 19008 29564
29564 18364 19008
22436 11733 20300
11733 20300 22436
20300 11733 22436
26164 24823 26387
24823 26164 26387
26387 24823 26164
24424 21646 23776
21646 23776 24424
23776 21646 24424
15557 14818 23671
23671 14818 15557
14818 15557 23671
21376 13214 22969
22969 13214 21376
13214 21376 22969
29143 5362 21555
5362 21555 29143
21555 5362 29143
28624 15054 16408
15054 16408 28624
16408 15054 28624
4260 12374 15126
12374 4260 15126
15126 4260 12374
2440 11999 29864
11999 2440 29864
29864 2440 11999
29913 9703 28902
9703 28902 29913
28902 9703 29913
455 5203 15187
5203 455 15187
15187 455 5203
28173 22941 27549
27549 22941 28173
22941 27549 28173
22035 18953 29650
29650 18953 22035
18953 22035 29650
11001 20284 24512
20284 11001 24512
24512 11001 20284
17794 11232 19513
11232 17794 19513
19513 11232 17794
18860 4199 12632
12632 4199 18860
4199 12632 18860
26849 10758 22398
22398 10758 26849
10758 22398 26849
12145 16864 23951
23951 12145 16864
16864 12145 23951
15332 5970 6023
6023 5970 15332
5970 6023 15332
16943 4645 24063
24063 4645 16943
4645 16943 24063
19189 14710 20072
14710 19189 20072
20072 14710 19189
5389 13304 28454
28454 5389 13304
13304 5389 28454
25706 22160 28362
22160 25706 28362
28362 22160 25706
13087 5707 7437
7437 5707 13087
5707 7437 13087
21776 14447 16890
14447 16890 21776
16890 14447 21776
11350 9091 21405
21405 9091 11350
9091 11350 21405
23874 6744 24743
24743 6744 23874
6744 23874 24743
24873 2658 8134
2658 8134 24873
8134 2658 24873
13717 2737 10016
10016 2737 13717
2737 10016 13717
17256 5308 13420
13420 5308 17256
5308 13420 17256
2524 9102 22754
22754 2524 9102
9102 2524 22754
5020 15334 26216
15334 5020 26216
26216 5020 15334
18516 22904 27618
22904 18516 27618
27618 18516 22904
13135 8930 26675
26675 8930 13135
8930 13135 26675
7133 3818 12865
3818 7133 12865
12865 3818 7133
12661 18302 22046
18302 12661 22046
22046 12661 18302
24754 885 14265
14265 885 24754
885 14265 24754
11053 20175 24113
24113 11053 20175
20175 11053 24113
11518 19242 27411
19242 11518 27411
27411 11518 19242
4811 985 2321
985 2321 4811
2321 985 4811
3528 18136 23929
18136 3528 23929
23929 3528 18136
1387 5256 19849
19849 1387 5256
5256 1387 19849
5688 797 16564
16564 797 5688
797 5688 16564
16882 7795 17674
7795 16882 17674
17674 7795 16882
23807 4660 26308
4660 23807 26308
26308 4660 23807
16701 3354 26585
3354 16701 26585
26585 3354 16701
18259 5714 23060
23060 5714 18259
5714 18259 23060
503 21167 25354
21167 503 25354
25354 503 21167
24132 4382 18333
18333 4382 24132
4382 18333 24132
16205 13591 15044
15044 13591 16205
13591 15044 16205
25626 6992 24828
24828 6992 25626
6992 24828 25626
27171 5527 22292
22292 5527 27171
5527 22292 27171
2545 8098 20904
20904 2545 8098
8098 2545 20904
21990 14300 14657
14657 14300 21990
14300 14657 21990
9932 14872 16527
16527 9932 14872
14872 9932 16527
2773 10671 24418
24418 2773 10671
10671 2773 24418
11108 725 28774
28774 725 11108
725 11108 28774
317 11414 19895
19895 317 11414
11414 317 19895
7260 9530 11927
11927 7260 9530
9530 7260 11927
10541 6593 25376
6593 10541 25376
25376 6593 10541
4290 17270 21814
17270 4290 21814
21814 4290 17270
20718 20473 29555
20473 20718 29555
29555 20473 20718
5201 1170 1478
1170 1478 5201
1478 1170 5201
19354 8335 12716
12716 8335 19354
8335 12716 19354
12067 19310 28822
28822 12067 19310
19310 12067 28822
11158 2697 6872
6872 2697 11158
2697 6872 11158
18608 16936 25113
16936 18608 25113
25113 16936 18608
19450 20255 21466
21466 19450 20255
20255 19450 21466
24979 19940 24857
24857 19940 24979
19940 24857 24979
8165 8643 17092
17092 8165 8643
8643 8165 17092
17626 10370 25040
25040 10370 17626
10370 17626 25040
6958 13164 26246
26246 6958 13164
13164 6958 26246
16695 23475 28352
23475 16695 28352
28352 16695 23475
8398 15263 29196
29196 8398 15263
15263 8398 29196
3721 21244 25571
25571 3721 21244
21244 3721 25571
21461 8248 17216
8248 17216 21461
17216 8248 21461
5496 22301 24141
22301 5496 24141
24141 5496 22301
22078 22241 26996
26996 22078 22241
22241 22078 26996
28861 5771 22831
5771 22831 28861
22831 5771 28861
690 3999 5625
3999 690 5625
5625 690 3999
9079 4457 9727
4457 9079 9727
9727 4457 9079
21488 6008 13537
6008 13537 21488
13537 6008 21488
29866 5701 11238
5701 11238 29866
11238 5701 29866
4888 25630 28616
28616 4888 25630
25630 4888 28616
24698 16503 24068
16503 24068 24698
24068 16503 24698
23433 5864 10521
5864 10521 23433
10521 5864 23433
9638 4242 26480
26480 4242 9638
4242 9638 26480
5336 21733 23061
21733 5336 23061
23061 5336 21733
5287 5317 18811
18811 5287 5317
5317 5287 18811
4742 7855 19886
19886 4742 7855
7855 4742 19886
4727 1616 15605
1616 4727 15605
15605 1616 4727
7181 7724 10316
10316 7181 7724
7724 7181 10316
21731 11920 21473
21473 11920 21731
11920 21473 21731
14725 17406 25133
25133 14725 17406
17406 14725 25133
14379 2507 4089
4089 2507 14379
2507 4089 14379
3450 7747 22021
22021 3450 7747
7747 3450 22021
19484 10608 13883
10608 13883 19484
13883 10608 19484
1422 5559 20698
5559 1422 20698
20698 1422 5559
22229 6027 22095
22095 6027 22229
6027 22095 22229
2385 857 28726
28726 857 2385
857 2385 28726
29161 18833 22542
18833 22542 29161
22542 18833 29161
24524 1595 8032
1595 8032 24524
8032 1595 24524
22707 9511 18358
18358 9511 22707
9511 18358 22707
734 7706 10285
10285 734 7706
7706 734 10285
23946 4698 17780
4698 17780 23946
17780 4698 23946
9721 14732 29436
14732 9721 29436
29436 9721 14732
8278 15760 23907
23907 8278 15760
15760 8278 23907
13436 10516 11784
10516 11784 13436
11784 10516 13436
22056 641 6991
641 6991 22056
6991 641 22056
25236 1252 7424
1252 7424 25236
7424 1252 25236
9766 15347 22814
22814 9766 15347
15347 9766 22814
25509 20079 23173
20079 23173 25509
23173 20079 25509
7525 10193 19490
19490 7525 10193
10193 7525 19490
1722 21316 21659
21659 1722 21316
21316 1722 21659
11564 1341 24542
1341 11564 24542
24542 1341 11564
511 10442 12974
10442 511 12974
12974 511 10442
20906 19776 23263
19776 20906 23263
23263 19776 20906
21546 8966 26266
26266 8966 21546
8966 21546 26266
18913 2826 9420
2826 9420 18913
9420 2826 18913
5650 12346 25830
12346 5650 25830
25830 5650 12346
2730 1196 11102
11102 1196 2730
1196 2730 11102
9406 23348 29179
29179 9406 23348
23348 9406 29179
17454 17329 23118
17329 17454 23118
23118 17329 17454
16717 1345 3012
3012 1345 16717
1345 3012 16717
4065 13182 28811
28811 4065 13182
13182 4065 28811
4150 26688 27681
27681 4150 26688
26688 4150 27681
22890 295 19254
295 19254 22890
19254 295 22890
6128 12305 23320
12305 6128 23320
23320 6128 12305
9961 12685 16277
16277 9961 12685
12685 9961 16277
5781 19599 26270
19599 5781 26270
26270 5781 19599
19221 3834 13946
3834 13946 19221
13946 3834 19221
15359 5774 10299
5774 10299 15359
10299 5774 15359
20520 844 2722
2722 844 20520
844 2722 20520
20496 1054 17594
1054 17594 20496
17594 1054 20496
20191 5345 11825
11825 5345 20191
5345 11825 20191
29122 24850 29839
24850 29122 29839
29839 24850 29122
15963 9288 18864
18864 9288 15963
9288 15963 18864
3334 1251 4626
4626 1251 3334
1251 3334 4626
18167 5326 14704
14704 5326 18167
5326 14704 18167
2042 15000 18990
18990 2042 15000
15000 2042 18990
13248 6824 14448
14448 6824 13248
6824 13248 14448
6921 4576 25160
4576 6921 25160
25160 4576 6921
26130 7764 7828
7828 7764 26130
7764 7828 26130
25424 6910 14733
6910 14733 25424
14733 6910 25424
8251 4965 27447
4965 8251 27447
27447 4965 8251
10182 6905 24640
6905 10182 24640
24640 6905 10182
5725 5344 8783
5344 5725 8783
8783 5344 5725
25696 8538 10899
8538 10899 25696
10899 8538 25696
10932 11125 21054
21054 10932 11125
11125 10932 21054
13573 3153 23633
3153 13573 23633
23633 3153 13573
13492 12252 25526
25526 12252 13492
12252 13492 25526
913 8913 24996
24996 913 8913
8913 913 24996
864 20344 20969
20969 864 20344
20344 864 20969
25134 20263 27509
27509 20263 25134
20263 25134 27509
13857 7838 22647
22647 7838 13857
7838 13857 22647
12378 1192 26651
26651 1192 12378
1192 12378 26651
24057 8256 12917
8256 12917 24057
12917 8256 24057
26556 19666 20272
19666 20272 26556
20272 19666 26556
13363 18709 24294
18709 13363 24294
24294 13363 18709
1535 25051 27262
25051 1535 27262
27262 1535 25051
4598 5139 18332
18332 4598 5139
5139 4598 18332
2175 3856 20791
3856 2175 20791
20791 2175 3856
21165 13252 21898
21898 13252 21165
13252 21165 21898
27904 2981 3388
2981 3388 27904
3388 2981 27904
16230 6053 24215
6053 16230 24215
24215 6053 16230
4372 11174 26422
26422 4372 11174
11174 4372 26422
28441 15150 20728
15150 20728 28441
20728 15150 28441
25941 23206 27844
23206 25941 27844
27844 23206 25941
23072 8367 23378
23378 8367 23072
8367 23072 23378
25728 14376 20484
20484 14376 25728
14376 20484 25728
10939 6416 6534
6534 6416 10939
6416 6534 10939
7161 1467 6137
6137 1467 7161
1467 6137 7161
24715 16056 18321
16056 18321 24715
18321 16056 24715
29491 7606 19993
7606 19993 29491
19993 7606 29491
4400 21476 25513
25513 4400 21476
21476 4400 25513
24408 4529 26399
26399 4529 24408
4529 24408 26399
2861 2469 29022
2469 2861 29022
29022 2469 2861
6047 1984 18594
18594 1984 6047
1984 6047 18594
25623 10026 18325
10026 18325 25623
18325 10026 25623
19866 1962 24989
24989 1962 19866
1962 19866 24989
4849 3022 23640
3022 4849 23640
23640 3022 4849
3628 10433 25973
25973 3628 10433
10433 3628 25973
17769 14074 19115
14074 17769 19115
19115 14074 17769
22928 15652 25983
25983 15652 22928
15652 22928 25983
27893 20640 28785
20640 27893 28785
28785 20640 27893
7837 9986 20453
9986 7837 20453
20453 7837 9986
26687 5601 25913
5601 25913 26687
25913 5601 26687
1043 18401 24051
18401 1043 24051
24051 1043 18401
2497 8949 15540
8949 2497 15540
15540 2497 8949
19353 28934 29567
28934 19353 29567
29567 19353 28934
21908 7190 9101
7190 9101 21908
9101 7190 21908
28338 8074 15423
15423 8074 28338
8074 15423 28338
27040 1167 9980
1167 9980 27040
9980 1167 27040
1529 10260 21625
10260 1529 21625
21625 1529 10260
16690 1798 7012
1798 7012 16690
7012 1798 16690
265 14240 18995
18995 265 14240
14240 265 18995
21621 18415 21481
18415 21481 21621
21481 18415 21621
29210 20773 23522
20773 23522 29210
23522 20773 29210
27671 6568 25573
6568 25573 27671
25573 6568 27671
13548 3576 15549
3576 13548 15549
15549 3576 13548
7122 1254 26859
1254 7122 26859
26859 1254 7122
5083 1287 2639
2639 1287 5083
1287 2639 5083
23959 11372 15384
11372 15384 23959
15384 11372 23959
16863 3499 4073
3499 4073 16863
4073 3499 16863
10320 4444 9860
4444 9860 10320
9860 4444 10320
24076 2123 10100
2123 10100 24076
10100 2123 24076
25277 3139 25143
3139 25143 25277
25143 3139 25277
8451 8213 24515
8213 8451 24515
24515 8213 8451
11553 736 6002
6002 736 11553
736 6002 11553
15210 15113 22363
22363 15113 15210
15113 15210 22363
23753 3372 20455
20455 3372 23753
3372 20455 23753
24537 16198 24686
16198 24537 24686
24686 16198 24537
14537 15860 23406
23406 14537 15860
15860 14537 23406
11167 9782 29296
9782 11167 29296
29296 9782 11167
899 5666 22090
5666 899 22090
22090 899 5666
11092 2647 28242
28242 2647 11092
2647 11092 28242
5700 1225 7072
1225 5700 7072
7072 1225 5700
8992 18514 28746
28746 8992 18514
18514 8992 28746
19160 4214 23805
23805 4214 19160
4214 19160 23805
8386 1092 26276
26276 1092 8386
1092 8386 26276
16978 9847 21846
9847 16978 21846
21846 9847 16978
10929 12246 29329
12246 10929 29329
29329 10929 12246
12713 9400 29957
9400 12713 29957
29957 9400 12713
5285 2142 26832
26832 2142 5285
2142 5285 26832
6273 18427 21626
18427 6273 21626
21626 6273 18427
24767 14096 26577
14096 24767 26577
26577 14096 24767
22997 14922 19624
19624 14922 22997
14922 19624 22997
21877 12832 14584
12832 14584 21877
14584 12832 21877
23089 17662 25261
17662 23089 25261
25261 17662 23089
24914 19054 28901
28901 19054 24914
19054 24914 28901
5331 21362 26952
21362 5331 26952
26952 5331 21362
17091 4704 17782
17782 4704 17091
4704 17091 17782
20803 15436 25180
15436 20803 25180
25180 15436 20803
16862 10766 28572
28572 10766 16862
10766 16862 28572
16883 17647 28720
17647 16883 28720
28720 16883 17647
13550 18134 26288
18134 13550 26288
26288 13550 18134
12036 3173 24808
3173 12036 24808
24808 3173 12036
13051 5346 10829
10829 5346 13051
5346 10829 13051
9676 6362 14634
14634 6362 9676
6362 9676 14634
1983 685 23576
23576 685 1983
685 1983 23576
18769 7188 26111
7188 18769 26111
26111 7188 18769
8761 7701 25998
7701 8761 25998
25998 7701 8761
488 8755 29029
29029 488 8755
8755 488 29029
29413 2877 18059
18059 2877 29413
2877 18059 29413
23659 2676 20785
2676 20785 23659
20785 2676 23659
24077 7500 21759
21759 7500 24077
7500 21759 24077
26170 3288 23915
23915 3288 26170
3288 23915 26170
21922 16186 27116
16186 21922 27116
27116 16186 21922
3631 18935 20919
20919 3631 18935
18935 3631 20919
6211 1809 18576
1809 6211 18576
18576 1809 6211
4362 18339 20787
20787 4362 18339
18339 4362 20787
680 2655 13567
2655 680 13567
13567 680 2655
14662 6774 8163
6774 8163 14662
8163 6774 14662
14094 17445 28481
28481 14094 17445
17445 14094 28481
12837 21005 28627
21005 12837 28627
28627 12837 21005
2340 9790 29132
9790 2340 29132
29132 2340 9790
16922 2910 11629
2910 11629 16922
11629 2910 16922
22675 340 21215
21215 340 22675
340 21215 22675
24032 11161 26012
11161 24032 26012
26012 11161 24032
26867 2348 18330
18330 2348 26867
2348 18330 26867
5003 12517 25246
25246 5003 12517
12517 5003 25246
4792 12238 22630
12238 4792 22630
22630 4792 12238
20036 14590 29526
29526 14590 20036
14590 20036 29526
11162 5478 8817
8817 5478 11162
5478 8817 11162
20816 18199 25207
25207 18199 20816
18199 20816 25207
12991 13096 21964
13096 12991 21964
21964 12991 13096
27129 7309 11509
11509 7309 27129
7309 11509 27129
28661 23232 24227
23232 24227 28661
24227 23232 28661
15733 4318 4736
4736 4318 15733
4318 4736 15733
23474 1280 11824
1280 11824 23474
11824 1280 23474
14689 20349 29419
20349 14689 29419
29419 14689 20349
75 4540 29619
4540 75 29619
29619 75 4540
18762 10743 16804
10743 16804 18762
16804 10743 18762
20986 18050 19338
18050 19338 20986
19338 18050 20986
8087 6426 11648
11648 6426 8087
6426 8087 11648
4409 21385 28925
21385 4409 28925
28925 4409 21385
26744 2977 25954
25954 2977 26744
2977 25954 26744
2236 8013 22882
22882 2236 8013
8013 2236 22882
26601 21605 21714
21714 21605 26601
21605 21714 26601
9174 19339 25723
19339 9174 25723
25723 9174 19339
27188 2202 7709
2202 7709 27188
7709 2202 27188
3950 21108 27765
27765 3950 21108
21108 3950 27765
6848 11446 16821
16821 6848 11446
11446 6848 16821
18980 3793 22272
3793 18980 22272
22272 3793 18980
10069 11859 25504
11859 10069 25504
25504 10069 11859
8746 8314 27828
27828 8314 8746
8314 8746 27828
13745 10089 17378
17378 10089 13745
10089 13745 17378
15965 7287 10453
10453 7287 15965
7287 10453 15965
5397 15647 20310
20310 5397 15647
15647 5397 20310
1146 17590 28385
17590 1146 28385
28385 1146 17590
19190 25006 25643
25006 19190 25643
25643 19190 25006
20092 1185 17803
1185 17803 20092
17803 1185 20092
19838 13215 20931
13215 19838 20931
20931 13215 19838
22749 6666 21744
21744 6666 22749
6666 21744 22749
5099 29581 29656
29656 5099 29581
29581 5099 29656
21075 805 23889
805 21075 23889
23889 805 21075
27365 7039 22816
7039 22816 27365
22816 7039 27365
4091 5710 20266
5710 4091 20266
20266 4091 5710
26864 4209 9999
9999 4209 26864
4209 9999 26864
14992 8964 15471
8964 14992 15471
15471 8964 14992
15796 5284 27711
5284 15796 27711
27711 5284 15796
10389 16335 29827
16335 10389 29827
29827 10389 16335
21413 6716 28331
28331 6716 21413
6716 21413 28331
17897 13003 19225
19225 13003 17897
13003 17897 19225
9482 18981 27577
18981 9482 27577
27577 9482 18981
791 948 28961
948 791 28961
28961 791 948
24476 10298 10851
10851 10298 24476
10298 10851 24476
17636 7291 27822
7291 17636 27822
27822 7291 17636
2776 8996 24176
24176 2776 8996
8996 2776 24176
20852 20463 24865
24865 20463 20852
20463 20852 24865
24123 10817 25535
10817 24123 25535
25535 10817 24123
5152 2124 27921
2124 5152 27921
27921 2124 5152
2220 5886 11351
5886 2220 11351
11351 2220 5886
4700 4724 21374
21374 4700 4724
4724 4700 21374
18901 5875 16815
16815 5875 18901
5875 16815 18901
22486 15917 20395
20395 15917 22486
15917 20395 22486
14053 1356 21311
21311 1356 14053
1356 14053 21311
6610 7312 26772
26772 6610 7312
7312 6610 26772
3035 4268 7593
7593 3035 4268
4268 3035 7593
9943 14845 26026
14845 9943 26026
26026 9943 14845
9238 3700 18817
18817 3700 9238
3700 9238 18817
5991 15371 28797
28797 5991 15371
15371 5991 28797
23384 10133 29368
10133 23384 29368
29368 10133 23384
20763 25814 29477
29477 20763 25814
25814 20763 29477
26712 23128 23917
23917 23128 26712
23128 23917 26712
10822 3754 17249
3754 10822 17249
17249 3754 10822
2084 2805 20415
20415 2084 2805
2805 2084 20415
9897 28913 29817
29817 9897 28913
28913 9897 29817
29312 852 19034
852 19034 29312
19034 852 29312
20937 2412 13332
2412 13332 20937
13332 2412 20937
3877 11707 28446
28446 3877 11707
11707 3877 28446
13001 26506 27521
27521 13001 26506
26506 13001 27521
15755 998 24764
998 15755 24764
24764 998 15755
2090 11433 28512
28512 2090 11433
11433 2090 28512
23510 16159 20050
16159 20050 23510
20050 16159 23510
8683 3379 25343
25343 3379 8683
3379 8683 25343
4489 10077 27189
10077 4489 27189
27189 4489 10077
21719 17076 26301
26301 17076 21719
17076 21719 26301
11443 11976 25131
25131 11443 11976
11976 11443 25131
14811 14612 26926
14612 14811 26926
26926 14612 14811
14021 3554 5255
3554 5255 14021
5255 3554 14021
