1415 363 819
363 819 1415
819 363 1415
63 864 1168
864 63 1168
1168 63 864
524 706 788
706 524 788
788 524 706
238 749 1010
749 238 1010
1010 238 749
1187 923 1427
1427 923 1187
923 1187 1427
974 466 768
768 466 974
466 768 974
152 334 1498
334 152 1498
1498 152 334
1236 392 604
392 604 1236
604 392 1236
525 224 1012
224 525 1012
1012 224 525
310 1231 1403
1231 310 1403
1403 310 1231
388 360 917
917 360 388
360 388 917
791 501 712
501 712 791
712 501 791
994 266 480
266 480 994
480 266 994
1487 67 516
516 67 1487
67 516 1487
1468 202 1431
1431 202 1468
202 1431 1468
1216 958 1390
958 1216 1390
1390 958 1216
650 105 201
105 201 650
201 105 650
89 293 1042
293 89 1042
1042 89 293
570 873 1492
873 570 1492
1492 570 873
511 1233 1393
1233 511 1393
1393 511 1233
1421 106 1384
106 1384 1421
1384 106 1421
249 1300 1477
1477 249 1300
1300 249 1477
1327 515 1347
515 1327 1347
1347 515 1327
1139 341 968
341 968 1139
968 341 1139
1176 192 1031
1031 192 1176
192 1031 1176
875 591 1400
591 875 1400
1400 591 875
1067 195 853
853 195 1067
195 853 1067
998 439 674
439 674 998
674 439 998
38 168 177
168 38 177
177 38 168
139 471 622
622 139 471
471 139 622
578 892 1126
892 578 1126
1126 578 892
191 651 1136
651 191 1136
1136 191 651
588 111 1219
1219 111 588
111 588 1219
889 230 993
230 889 993
993 230 889
29 151 481
151 29 481
481 29 151
939 99 942
942 99 939
99 939 942
92 1110 1414
1110 92 1414
1414 92 1110
19 1032 1072
1072 19 1032
1032 19 1072
1205 1008 1049
1049 1008 1205
1008 1049 1205
436 1208 1457
1457 436 1208
1208 436 1457
344 509 966
966 344 509
509 344 966
300 975 988
975 300 988
988 300 975
700 162 1198
1198 162 700
162 700 1198
1107 70 1359
1359 70 1107
70 1107 1359
1021 258 1445
1445 258 1021
258 1021 1445
985 682 1007
682 985 1007
1007 682 985
197 96 1117
1117 96 197
96 197 1117
1047 615 1063
615 1047 1063
1063 615 1047
1281 761 1001
1001 761 1281
761 1001 1281
415 851 1254
1254 415 851
851 415 1254
369 384 1177
384 369 1177
1177 369 384
297 730 1277
730 297 1277
1277 297 730
9 407 668
668 9 407
407 9 668
103 235 846
235 103 846
846 103 235
123 1089 1283
1089 123 1283
1283 123 1089
441 1267 1298
1267 441 1298
1298 441 1267
921 977 1259
1259 921 977
977 921 1259
357 561 1090
561 357 1090
1090 357 561
859 245 1242
1242 245 859
245 859 1242
1153 1196 1325
1196 1153 1325
1325 1153 1196
4 647 1472
1472 4 647
647 4 1472
494 35 88
88 35 494
35 88 494
59 782 1184
1184 59 782
782 59 1184
337 732 897
897 337 732
732 337 897
901 131 161
161 131 901
131 161 901
847 1077 1222
1077 847 1222
1222 847 1077
25 213 755
213 25 755
755 25 213
1256 174 261
174 261 1256
261 174 1256
520 1266 1404
1266 520 1404
1404 520 1266
959 967 1213
1213 959 967
967 959 1213
404 620 1061
620 404 1061
1061 404 620
931 1171 1304
1304 931 1171
1171 931 1304
180 308 1364
1364 180 308
308 180 1364
600 876 1247
1247 600 876
876 600 1247
1246 100 530
530 100 1246
100 530 1246
1123 2 158
158 2 1123
2 158 1123
1397 373 721
373 721 1397
721 373 1397
519 243 338
338 243 519
243 338 519
1494 649 1030
1030 649 1494
649 1030 1494
78 290 1458
290 78 1458
1458 78 290
944 268 1181
1181 268 944
268 944 1181
725 637 698
637 698 725
698 637 725
956 375 1478
1478 375 956
375 956 1478
793 280 456
456 280 793
280 456 793
317 394 418
394 317 418
418 317 394
616 149 277
277 149 616
149 277 616
24 1180 1419
1419 24 1180
1180 24 1419
635 849 865
849 635 865
865 635 849
714 53 241
53 241 714
241 53 714
828 496 1349
1349 496 828
496 828 1349
908 814 1312
1312 814 908
814 908 1312
888 64 1297
64 888 1297
1297 64 888
886 8 613
8 613 886
613 8 886
1108 1368 1377
1368 1108 1377
1377 1108 1368
996 709 1328
1328 709 996
709 996 1328
978 893 1373
1373 893 978
893 978 1373
463 1083 1466
1466 463 1083
1083 463 1466
945 497 976
976 497 945
497 945 976
128 564 1146
564 128 1146
1146 128 564
535 3 1050
1050 3 535
3 535 1050
1175 422 558
422 558 1175
558 422 1175
792 832 1471
1471 792 832
832 792 1471
773 204 1097
204 773 1097
1097 204 773
72 1350 1411
1350 72 1411
1411 72 1350
94 567 1443
567 94 1443
1443 94 567
421 523 899
523 421 899
899 421 523
374 1069 1435
1069 374 1435
1435 374 1069
60 350 1299
350 60 1299
1299 60 350
803 278 577
278 577 803
577 278 803
514 188 1078
1078 188 514
188 514 1078
124 1046 1179
1179 124 1046
1046 124 1179
1407 181 666
666 181 1407
181 666 1407
1276 221 1351
221 1276 1351
1351 221 1276
762 329 641
329 641 762
641 329 762
687 826 1131
1131 687 826
826 687 1131
676 365 544
544 365 676
365 544 676
787 289 1240
289 787 1240
1240 289 787
868 347 811
347 811 868
811 347 868
1137 1142 1413
1142 1137 1413
1413 1137 1142
473 1278 1335
1335 473 1278
1278 473 1335
167 731 1295
1295 167 731
731 167 1295
655 302 1484
302 655 1484
1484 302 655
362 1080 1251
1251 362 1080
1080 362 1251
1158 1185 1362
1185 1158 1362
1362 1158 1185
323 1079 1248
1079 323 1248
1248 323 1079
1383 1313 1363
1313 1363 1383
1363 1313 1383
696 32 684
684 32 696
32 684 696
804 119 693
693 119 804
119 693 804
734 118 661
661 118 734
118 661 734
296 1218 1473
1473 296 1218
1218 296 1473
343 16 65
65 16 343
16 65 343
46 462 1430
462 46 1430
1430 46 462
1109 1178 1194
1194 1109 1178
1178 1109 1194
236 214 752
214 236 752
752 214 236
1214 156 926
156 926 1214
926 156 1214
282 829 1087
829 282 1087
1087 282 829
1305 609 1420
609 1305 1420
1420 609 1305
1074 316 580
580 316 1074
316 580 1074
1238 612 860
860 612 1238
612 860 1238
425 212 1337
212 425 1337
1337 212 425
91 770 821
770 91 821
821 91 770
636 457 1162
1162 457 636
457 636 1162
48 54 925
925 48 54
54 48 925
438 84 254
254 84 438
84 254 438
1210 411 1197
411 1197 1210
1197 411 1210
1149 86 413
413 86 1149
86 413 1149
193 701 1275
1275 193 701
701 193 1275
840 252 449
252 449 840
449 252 840
850 697 1418
697 850 1418
1418 697 850
321 702 1370
1370 321 702
702 321 1370
1027 101 1334
101 1027 1334
1334 101 1027
20 319 957
957 20 319
319 20 957
208 1333 1346
1346 208 1333
1333 208 1346
353 141 718
718 141 353
141 353 718
1096 482 645
645 482 1096
482 645 1096
1173 692 1220
1220 692 1173
692 1173 1220
135 93 606
93 135 606
606 93 135
1409 133 1011
1011 133 1409
133 1011 1409
837 461 763
461 763 837
763 461 837
85 281 949
949 85 281
281 85 949
200 517 688
517 200 688
688 200 517
1193 948 1408
948 1193 1408
1408 948 1193
322 1103 1315
1103 322 1315
1315 322 1103
1121 283 1025
283 1025 1121
1025 283 1121
211 563 891
891 211 563
563 211 891
640 209 1475
1475 209 640
209 640 1475
1045 507 1253
507 1045 1253
1253 507 1045
467 575 1151
575 467 1151
1151 467 575
1338 499 1052
499 1052 1338
1052 499 1338
862 685 1161
685 862 1161
1161 685 862
866 120 778
120 778 866
778 120 866
705 248 405
405 248 705
248 405 705
187 129 1358
129 187 1358
1358 129 187
1014 827 1485
827 1014 1485
1485 827 1014
454 595 790
790 454 595
595 454 790
854 173 1406
1406 173 854
173 854 1406
1433 345 1469
345 1433 1469
1469 345 1433
797 569 1459
1459 569 797
569 797 1459
136 414 960
960 136 414
414 136 960
841 231 349
349 231 841
231 349 841
406 87 1470
87 406 1470
1470 87 406
1307 735 1316
735 1307 1316
1316 735 1307
1006 371 879
371 879 1006
879 371 1006
1159 553 1104
1104 553 1159
553 1104 1159
779 947 1436
1436 779 947
947 779 1436
395 153 639
153 395 639
639 153 395
992 475 1225
475 992 1225
1225 475 992
909 1262 1491
1491 909 1262
1262 909 1491
145 307 1416
307 145 1416
1416 145 307
22 503 1043
1043 22 503
503 22 1043
1336 265 1317
265 1317 1336
1317 265 1336
764 62 1279
62 764 1279
1279 62 764
1252 147 477
147 477 1252
477 147 1252
729 806 861
806 729 861
861 729 806
618 409 579
579 409 618
409 579 618
843 877 1476
877 843 1476
1476 843 877
1102 66 1098
66 1098 1102
1098 66 1102
663 253 1215
253 663 1215
1215 253 663
574 159 387
387 159 574
159 387 574
1005 488 1118
1118 488 1005
488 1005 1118
1260 45 913
913 45 1260
45 913 1260
1056 772 810
810 772 1056
772 810 1056
623 13 1355
1355 13 623
13 623 1355
1101 626 1250
626 1101 1250
1250 626 1101
255 327 354
327 255 354
354 255 327
540 710 759
759 540 710
710 540 759
943 1122 1352
1122 943 1352
1352 943 1122
748 724 1221
1221 724 748
724 748 1221
1255 286 486
286 486 1255
486 286 1255
452 15 279
279 15 452
15 279 452
677 1169 1493
1169 677 1493
1493 677 1169
904 506 775
775 506 904
506 775 904
372 127 1387
127 372 1387
1387 127 372
218 1035 1464
1464 218 1035
1035 218 1464
817 831 1241
1241 817 831
831 817 1241
428 747 1204
1204 428 747
747 428 1204
964 189 1289
1289 189 964
189 964 1289
727 576 946
576 727 946
946 576 727
273 678 726
726 273 678
678 273 726
630 491 528
491 528 630
528 491 630
97 919 1395
1395 97 919
919 97 1395
144 495 1081
1081 144 495
495 144 1081
1022 242 929
929 242 1022
242 929 1022
1452 474 1442
1442 474 1452
474 1442 1452
954 995 1192
1192 954 995
995 954 1192
304 178 987
178 304 987
987 178 304
981 695 1111
695 981 1111
1111 695 981
262 150 165
150 165 262
165 150 262
1486 107 824
107 824 1486
824 107 1486
410 237 305
305 237 410
237 305 410
657 115 479
115 479 657
479 115 657
526 1115 1160
1115 526 1160
1160 526 1115
1432 5 789
789 5 1432
5 789 1432
292 227 1092
227 292 1092
1092 227 292
560 431 1302
1302 431 560
431 560 1302
468 686 783
783 468 686
686 468 783
1114 1282 1449
1282 1114 1449
1449 1114 1282
1249 855 1057
1057 855 1249
855 1057 1249
667 590 632
590 632 667
632 590 667
437 1019 1084
1084 437 1019
1019 437 1084
979 313 1133
1133 313 979
313 979 1133
1051 914 940
940 914 1051
914 940 1051
1076 1016 1166
1166 1016 1076
1016 1076 1166
383 359 794
359 383 794
794 359 383
675 219 867
867 219 675
219 675 867
1230 631 654
654 631 1230
631 654 1230
267 539 856
856 267 539
539 267 856
1369 68 1053
68 1053 1369
1053 68 1369
1113 342 386
386 342 1113
342 386 1113
1244 1125 1145
1125 1145 1244
1145 1125 1244
1009 328 1490
1490 328 1009
328 1009 1490
809 146 934
934 146 809
146 809 934
835 900 1000
1000 835 900
900 835 1000
1138 500 1314
1314 500 1138
500 1138 1314
999 869 884
869 884 999
884 869 999
1329 95 518
518 95 1329
95 518 1329
1441 1324 1389
1389 1324 1441
1324 1389 1441
1228 390 754
754 390 1228
390 754 1228
621 629 839
629 621 839
839 621 629
822 874 1482
874 822 1482
1482 822 874
416 673 915
673 416 915
915 416 673
194 423 1455
423 194 1455
1455 194 423
924 21 1199
21 924 1199
1199 21 924
435 23 284
284 23 435
23 284 435
1372 108 785
785 108 1372
108 785 1372
928 80 160
160 80 928
80 160 928
1100 58 1157
58 1100 1157
1157 58 1100
592 301 1379
1379 301 592
301 592 1379
376 1085 1481
1481 376 1085
1085 376 1481
549 905 1356
1356 549 905
905 549 1356
36 355 557
355 36 557
557 36 355
708 264 807
807 264 708
264 708 807
1004 11 1292
1292 11 1004
11 1004 1292
1054 1284 1489
1489 1054 1284
1284 1054 1489
26 205 426
426 26 205
205 26 426
460 215 1091
215 460 1091
1091 215 460
12 47 599
599 12 47
47 12 599
1311 77 190
190 77 1311
77 190 1311
336 1186 1402
1186 336 1402
1402 336 1186
1318 30 39
30 39 1318
39 30 1318
367 970 1156
1156 367 970
970 367 1156
1285 203 704
203 704 1285
704 203 1285
1424 738 972
738 972 1424
972 738 1424
14 955 1191
955 14 1191
1191 14 955
1288 816 1399
1399 816 1288
816 1288 1399
433 381 610
381 433 610
610 381 433
176 364 1410
1410 176 364
364 176 1410
997 257 880
257 880 997
880 257 997
1438 429 1206
1206 429 1438
429 1206 1438
217 605 611
611 217 605
605 217 611
1013 340 1170
340 1013 1170
1170 340 1013
1270 186 1075
1075 186 1270
186 1075 1270
464 485 781
485 464 781
781 464 485
1224 936 1426
936 1224 1426
1426 936 1224
1150 420 1273
1273 420 1150
420 1150 1273
1309 572 680
680 572 1309
572 680 1309
679 881 1034
1034 679 881
881 679 1034
1060 1143 1203
1203 1060 1143
1143 1060 1203
1392 490 838
838 490 1392
490 838 1392
399 1209 1412
1412 399 1209
1209 399 1412
311 756 1044
1044 311 756
756 311 1044
31 872 1172
872 31 1172
1172 31 872
453 469 689
689 453 469
469 453 689
74 270 1119
270 74 1119
1119 74 270
368 291 1272
1272 291 368
291 368 1272
502 545 1462
545 502 1462
1462 502 545
1453 42 288
42 288 1453
288 42 1453
348 962 1465
1465 348 962
962 348 1465
446 1094 1495
1495 446 1094
1094 446 1495
1439 432 980
980 432 1439
432 980 1439
898 1331 1450
1450 898 1331
1331 898 1450
527 401 522
401 522 527
522 401 527
198 179 1303
1303 179 198
179 198 1303
812 619 1361
619 812 1361
1361 619 812
1212 130 653
653 130 1212
130 653 1212
858 1073 1440
1073 858 1440
1440 858 1073
1190 484 1425
484 1190 1425
1425 484 1190
448 330 1134
330 448 1134
1134 330 448
1033 896 906
906 896 1033
896 906 1033
493 798 916
798 493 916
916 493 798
552 76 1294
76 552 1294
1294 76 552
1428 504 546
504 546 1428
546 504 1428
834 1243 1401
1401 834 1243
1243 834 1401
1003 41 1048
1048 41 1003
41 1003 1048
320 670 1367
1367 320 670
670 320 1367
1200 766 1195
766 1195 1200
1195 766 1200
210 513 774
774 210 513
513 210 774
716 1068 1306
1306 716 1068
1068 716 1306
713 537 597
537 597 713
597 537 713
444 646 1360
1360 444 646
646 444 1360
903 170 937
170 903 937
937 170 903
638 377 691
377 638 691
691 377 638
315 780 890
780 315 890
890 315 780
1322 815 870
815 870 1322
870 815 1322
385 52 1496
52 385 1496
1496 52 385
982 669 760
669 760 982
760 669 982
1234 582 1293
582 1234 1293
1293 582 1234
961 1 802
1 802 961
802 1 961
1344 745 1290
745 1290 1344
1290 745 1344
871 90 624
624 90 871
90 624 871
440 722 1330
1330 440 722
722 440 1330
784 1263 1391
1391 784 1263
1263 784 1391
166 125 1217
1217 125 166
125 166 1217
465 1135 1357
1135 465 1357
1357 465 1135
434 559 719
559 434 719
719 434 559
652 7 1130
1130 7 652
7 652 1130
351 633 878
878 351 633
633 351 878
753 683 1291
1291 683 753
683 753 1291
799 593 1269
1269 593 799
593 799 1269
1405 736 1183
736 1183 1405
1183 736 1405
1237 81 424
81 424 1237
424 81 1237
73 43 318
43 73 318
318 43 73
271 10 137
10 137 271
137 10 271
403 498 1029
498 403 1029
1029 403 498
1147 6 538
538 6 1147
6 538 1147
1082 571 690
690 571 1082
571 690 1082
586 306 614
614 306 586
306 586 614
1310 83 98
83 98 1310
98 83 1310
1467 326 1388
1388 326 1467
326 1388 1467
1152 656 723
723 656 1152
656 723 1152
275 102 1474
1474 102 275
102 275 1474
733 263 672
672 263 733
263 672 733
1398 335 643
335 643 1398
643 335 1398
1264 589 1258
1258 589 1264
589 1258 1264
109 1332 1365
1365 109 1332
1332 109 1365
272 658 711
711 272 658
658 272 711
324 1095 1280
1095 324 1280
1280 324 1095
1261 314 1026
314 1026 1261
1026 314 1261
69 234 665
234 69 665
665 69 234
172 50 75
50 75 172
75 50 172
1232 164 1268
164 1232 1268
1268 164 1232
18 49 1106
49 18 1106
1106 18 49
207 808 1437
808 207 1437
1437 207 808
391 398 927
927 391 398
398 391 927
370 596 1265
596 370 1265
1265 370 596
521 143 206
143 206 521
206 143 521
602 40 986
986 40 602
40 602 986
1378 352 400
352 400 1378
400 352 1378
331 228 1321
1321 228 331
228 331 1321
1382 581 1456
1456 581 1382
581 1382 1456
531 662 1326
1326 531 662
662 531 1326
325 121 1341
121 325 1341
1341 121 325
741 309 1017
309 741 1017
1017 309 741
487 287 1058
287 487 1058
1058 287 487
1028 459 1274
459 1028 1274
1274 459 1028
1488 777 863
777 863 1488
863 777 1488
587 126 1396
126 587 1396
1396 126 587
1460 659 963
659 963 1460
963 659 1460
1120 883 1429
1429 883 1120
883 1120 1429
543 379 396
396 379 543
379 396 543
1257 1239 1451
1239 1257 1451
1451 1239 1257
358 132 1226
132 358 1226
1226 132 358
786 117 910
910 117 786
117 786 910
844 71 157
71 157 844
157 71 844
104 800 1422
1422 104 800
800 104 1422
285 739 953
953 285 739
739 285 953
274 594 740
594 274 740
740 274 594
427 346 971
346 427 971
971 346 427
233 965 1174
965 233 1174
1174 233 965
442 551 554
554 442 551
551 442 554
1497 419 1015
419 1015 1497
1015 419 1497
648 1182 1371
1182 648 1371
1371 648 1182
256 447 478
447 256 478
478 256 447
1286 27 1353
27 1286 1353
1353 27 1286
547 455 1375
1375 455 547
455 547 1375
312 169 1463
1463 169 312
169 312 1463
154 269 984
984 154 269
269 154 984
952 114 1499
1499 114 952
114 952 1499
1002 818 1500
1500 818 1002
818 1002 1500
983 17 470
17 470 983
470 17 983
757 199 1124
1124 199 757
199 757 1124
1366 225 603
603 225 1366
225 603 1366
536 529 1417
1417 529 536
529 536 1417
246 412 907
412 246 907
907 246 412
1483 795 1376
795 1376 1483
1376 795 1483
930 625 1223
625 930 1223
1223 625 930
882 244 1020
1020 244 882
244 882 1020
113 148 769
769 113 148
148 113 769
584 239 644
239 584 644
644 239 584
813 912 1065
912 813 1065
1065 813 912
746 565 1235
565 746 1235
1235 565 746
57 37 823
823 37 57
37 57 823
79 34 171
34 79 171
171 34 79
920 508 1296
508 920 1296
1296 508 920
541 122 627
627 122 541
122 541 627
776 660 1211
660 776 1211
1211 660 776
247 175 765
765 175 247
175 247 765
744 583 742
742 583 744
583 742 744
1271 1163 1343
1163 1271 1343
1343 1163 1271
134 417 941
417 134 941
941 134 417
510 229 1447
229 510 1447
1447 229 510
393 294 1380
1380 294 393
294 393 1380
601 56 1066
56 601 1066
1066 56 601
750 951 1116
951 750 1116
1116 750 951
556 608 617
608 556 617
617 556 608
681 366 1201
1201 366 681
366 681 1201
382 232 1340
1340 232 382
232 382 1340
1055 44 628
44 628 1055
628 44 1055
1141 935 1434
1434 935 1141
935 1141 1434
1165 703 836
703 836 1165
836 703 1165
699 28 216
28 216 699
216 28 699
1287 361 1023
1023 361 1287
361 1023 1287
402 728 1454
728 402 1454
1454 402 728
1444 51 512
51 512 1444
512 51 1444
259 140 1479
140 259 1479
1479 140 259
990 950 1093
1093 950 990
950 990 1093
825 911 1207
911 825 1207
1207 825 911
1038 112 183
112 183 1038
183 112 1038
223 833 1155
833 223 1155
1155 223 833
397 607 796
607 397 796
796 397 607
1064 694 842
694 842 1064
842 694 1064
852 295 887
887 295 852
295 852 887
634 61 720
61 634 720
720 61 634
1461 182 1188
182 1188 1461
1188 182 1461
1308 303 1323
1323 303 1308
303 1308 1323
138 408 476
476 138 408
408 138 476
492 445 1059
445 492 1059
1059 445 492
1423 598 895
895 598 1423
598 895 1423
918 885 1189
1189 885 918
885 918 1189
1348 380 857
857 380 1348
380 857 1348
767 751 1202
751 767 1202
1202 751 767
451 33 1037
1037 33 451
33 451 1037
430 82 226
82 226 430
226 82 430
1164 664 1245
664 1164 1245
1245 664 1164
1086 1112 1154
1112 1086 1154
1154 1086 1112
1018 1354 1386
1386 1018 1354
1354 1018 1386
332 771 973
771 332 973
973 332 771
276 240 801
801 240 276
240 276 801
1040 642 991
991 642 1040
642 991 1040
250 142 1448
1448 142 250
142 250 1448
222 845 1128
845 222 1128
1128 222 845
1039 299 573
573 299 1039
299 573 1039
55 185 585
585 55 185
185 55 585
505 568 932
932 505 568
568 505 932
550 220 1480
220 550 1480
1480 220 550
1227 989 1229
989 1227 1229
1229 989 1227
562 450 1132
450 562 1132
1132 450 562
333 458 707
707 333 458
458 333 707
848 1062 1167
1062 848 1167
1167 848 1062
378 184 1446
1446 184 378
184 378 1446
548 443 894
443 548 894
894 443 548
758 532 1148
532 758 1148
1148 532 758
805 1127 1374
1127 805 1374
1374 805 1127
155 163 1088
163 155 1088
1088 155 163
1342 566 1394
1394 566 1342
566 1342 1394
1339 298 1381
298 1339 1381
1381 298 1339
1140 251 389
251 389 1140
389 251 1140
1041 116 472
116 472 1041
472 116 1041
902 339 534
534 339 902
339 534 902
1099 938 1319
1319 938 1099
938 1099 1319
1144 743 830
743 830 1144
830 743 1144
110 533 1036
1036 110 533
533 110 1036
483 1105 1345
1345 483 1105
1105 483 1345
671 1320 1385
1385 671 1320
1320 671 1385
489 737 922
737 489 922
922 489 737
542 555 820
820 542 555
555 542 820
260 717 1129
1129 260 717
717 260 1129
1071 196 933
196 933 1071
933 196 1071
969 1024 1070
1024 969 1070
1070 969 1024
1301 356 715
356 715 1301
715 356 1301
