824 10435 12335
10435 824 12335
12335 824 10435
12237 1844 9432
9432 1844 12237
1844 9432 12237
114 8396 11892
8396 114 11892
11892 114 8396
1745 1297 6439
6439 1297 1745
1297 1745 6439
439 6911 14452
14452 439 6911
6911 439 14452
7480 6743 12748
12748 6743 7480
6743 7480 12748
13061 3444 5241
3444 5241 13061
5241 3444 13061
12514 1369 7426
7426 1369 12514
1369 7426 12514
10921 1606 3972
3972 1606 10921
1606 3972 10921
13705 6356 10249
6356 10249 13705
10249 6356 13705
12897 8099 10531
8099 10531 12897
10531 8099 12897
5436 366 7320
366 5436 7320
7320 366 5436
4940 138 11382
11382 138 4940
138 4940 11382
1147 13913 14996
14996 1147 13913
13913 1147 14996
11672 3257 14056
3257 11672 14056
14056 3257 11672
12102 788 2099
788 2099 12102
2099 788 12102
10864 5628 12055
5628 10864 12055
12055 5628 10864
9133 3284 13867
13867 3284 9133
3284 9133 13867
14032 2339 6913
2339 6913 14032
6913 2339 14032
13304 2987 5278
2987 5278 13304
5278 2987 13304
7623 1725 9377
9377 1725 7623
1725 7623 9377
3796 5925 6431
5925 3796 6431
6431 3796 5925
6707 8035 9328
8035 6707 9328
9328 6707 8035
10871 2079 14313
14313 2079 10871
2079 10871 14313
8024 10030 11342
11342 8024 10030
10030 8024 11342
10786 7689 9535
9535 7689 10786
7689 9535 10786
13775 5862 12243
5862 12243 13775
12243 5862 13775
5784 2260 14286
14286 2260 5784
2260 5784 14286
4748 9319 14361
14361 4748 9319
9319 4748 14361
7962 4404 7417
4404 7417 7962
7417 4404 7962
3124 683 3168
683 3124 3168
3168 683 3124
4419 7905 9334
7905 4419 9334
9334 4419 7905
7186 1522 10811
1522 7186 10811
10811 1522 7186
5036 5413 7490
5413 5036 7490
7490 5036 5413
3360 617 1928
1928 617 3360
617 1928 3360
1539 1886 10454
10454 1539 1886
1886 1539 10454
6642 10688 14125
14125 6642 10688
10688 6642 14125
8341 6548 13429
13429 6548 8341
6548 8341 13429
1598 2027 2850
2027 1598 2850
2850 1598 2027
9114 10579 12577
10579 9114 12577
12577 9114 10579
10926 279 11330
279 10926 11330
11330 279 10926
14550 11123 12512
12512 11123 14550
11123 12512 14550
11303 7757 9974
7757 9974 11303
9974 7757 11303
1608 6465 13251
13251 1608 6465
6465 1608 13251
11441 4836 14934
14934 4836 11441
4836 11441 14934
11661 9716 11563
9716 11563 11661
11563 9716 11661
4196 684 9590
9590 684 4196
684 4196 9590
4818 7912 9894
7912 4818 9894
9894 4818 7912
12371 5164 8495
8495 5164 12371
5164 8495 12371
5453 5215 8796
5215 5453 8796
8796 5215 5453
13002 6718 6874
6874 6718 13002
6718 6874 13002
10900 1098 12275
1098 10900 12275
12275 1098 10900
1266 2497 4780
2497 1266 4780
4780 1266 2497
13872 2619 7797
7797 2619 13872
2619 7797 13872
12473 1350 4195
4195 1350 12473
1350 4195 12473
6627 7671 8424
8424 6627 7671
7671 6627 8424
12159 885 13008
885 12159 13008
13008 885 12159
4954 2951 9846
9846 2951 4954
2951 4954 9846
8388 13977 14863
14863 8388 13977
13977 8388 14863
6622 9117 11127
11127 6622 9117
9117 6622 11127
5622 4026 11998
11998 4026 5622
4026 5622 11998
9031 5773 6041
6041 5773 9031
5773 6041 9031
13932 2890 4559
4559 2890 13932
2890 4559 13932
12373 638 10708
10708 638 12373
638 10708 12373
10944 10372 14412
10372 10944 14412
14412 10372 10944
14885 3926 12099
12099 3926 14885
3926 12099 14885
12933 5992 7949
7949 5992 12933
5992 7949 12933
13102 4810 11835
4810 11835 13102
11835 4810 13102
6173 4624 8514
4624 6173 8514
8514 4624 6173
13160 12511 14384
12511 13160 14384
14384 12511 13160
2692 6250 8917
8917 2692 6250
6250 2692 8917
292 2517 8549
8549 292 2517
2517 292 8549
5348 4139 9948
9948 4139 5348
4139 5348 9948
14164 6320 12776
6320 12776 14164
12776 6320 14164
7545 6652 8788
6652 7545 8788
8788 6652 7545
8087 4835 11392
4835 8087 11392
11392 4835 8087
13332 6472 12855
6472 12855 13332
12855 6472 13332
3726 8826 13661
8826 3726 13661
13661 3726 8826
13500 2120 8041
8041 2120 13500
2120 8041 13500
12962 4871 10517
4871 10517 12962
10517 4871 12962
11041 4458 8497
8497 4458 11041
4458 8497 11041
8339 11841 12126
12126 8339 11841
11841 8339 12126
4313 319 13435
319 4313 13435
13435 319 4313
11365 7726 10240
7726 10240 11365
10240 7726 11365
7631 2748 5686
5686 2748 7631
2748 5686 7631
9270 5517 12457
5517 9270 12457
12457 5517 9270
618 7602 9442
7602 618 9442
9442 618 7602
12206 2075 7563
2075 7563 12206
7563 2075 12206
12276 2069 11611
2069 11611 12276
11611 2069 12276
800 2744 6307
2744 800 6307
6307 800 2744
4493 3515 8378
3515 4493 8378
8378 3515 4493
10559 6903 11293
6903 10559 11293
11293 6903 10559
11740 4852 13104
13104 4852 11740
4852 11740 13104
2617 3743 13254
3743 2617 13254
13254 2617 3743
1009 10107 14363
10107 1009 14363
14363 1009 10107
7605 5467 8982
8982 5467 7605
5467 7605 8982
925 2502 4593
2502 925 4593
4593 925 2502
1798 5058 7203
7203 1798 5058
5058 1798 7203
6094 3482 6033
3482 6033 6094
6033 3482 6094
12280 2516 3943
3943 2516 12280
2516 3943 12280
5737 7500 13986
7500 5737 13986
13986 5737 7500
8286 6870 10118
10118 6870 8286
6870 8286 10118
11878 6319 8940
6319 8940 11878
8940 6319 11878
9931 3083 11264
3083 9931 11264
11264 3083 9931
8798 640 7683
640 7683 8798
7683 640 8798
2106 1746 3171
1746 2106 3171
3171 1746 2106
13767 4953 9176
9176 4953 13767
4953 9176 13767
2476 11555 13744
11555 2476 13744
13744 2476 11555
12077 582 12469
582 12077 12469
12469 582 12077
14656 1308 12916
1308 12916 14656
12916 1308 14656
13355 1405 12919
1405 12919 13355
12919 1405 13355
3061 2048 3324
2048 3061 3324
3324 2048 3061
3716 13188 13393
13393 3716 13188
13188 3716 13393
7462 8482 13760
8482 7462 13760
13760 7462 8482
4130 3024 3694
3694 3024 4130
3024 3694 4130
75 6002 10183
10183 75 6002
6002 75 10183
5567 9204 11626
11626 5567 9204
9204 5567 11626
4747 3085 10015
10015 3085 4747
3085 4747 10015
6131 128 11328
128 6131 11328
11328 128 6131
1472 6540 11369
11369 1472 6540
6540 1472 11369
2145 5818 6640
6640 2145 5818
5818 2145 6640
9241 2812 11761
11761 2812 9241
2812 9241 11761
93 5181 6101
6101 93 5181
5181 93 6101
9338 2244 14001
14001 2244 9338
2244 9338 14001
4131 14137 14450
14450 4131 14137
14137 4131 14450
12946 7365 10624
10624 7365 12946
7365 10624 12946
8446 4962 6891
4962 6891 8446
6891 4962 8446
1504 1949 8394
1949 1504 8394
8394 1504 1949
4340 4431 12568
4431 4340 12568
12568 4340 4431
7801 470 6403
6403 470 7801
470 6403 7801
14926 5575 8057
5575 8057 14926
8057 5575 14926
2658 5886 10176
10176 2658 5886
5886 2658 10176
12245 2976 4968
2976 4968 12245
4968 2976 12245
5332 12292 13097
12292 5332 13097
13097 5332 12292
11253 4374 8713
4374 8713 11253
8713 4374 11253
14862 3068 4324
3068 4324 14862
4324 3068 14862
964 10241 14372
14372 964 10241
10241 964 14372
5632 12698 13626
13626 5632 12698
12698 5632 13626
12251 237 2699
2699 237 12251
237 2699 12251
1814 4246 6674
4246 1814 6674
6674 1814 4246
10513 121 5694
5694 121 10513
121 5694 10513
3665 7168 7329
7329 3665 7168
7168 3665 7329
4450 7385 8333
7385 4450 8333
8333 4450 7385
2989 1496 4552
4552 1496 2989
1496 2989 4552
4893 5591 8669
5591 4893 8669
8669 4893 5591
5225 808 11367
808 5225 11367
11367 808 5225
57 573 9541
9541 57 573
573 57 9541
4686 1078 11745
11745 1078 4686
1078 4686 11745
6122 3071 13547
3071 6122 13547
13547 3071 6122
9483 1926 4006
4006 1926 9483
1926 4006 9483
76 5734 7157
5734 76 7157
7157 76 5734
2795 4427 13830
13830 2795 4427
4427 2795 13830
9343 2053 6113
6113 2053 9343
2053 6113 9343
14760 7110 14107
7110 14107 14760
14107 7110 14760
4828 644 4630
644 4630 4828
4630 644 4828
11845 331 11093
11093 331 11845
331 11093 11845
11604 2462 13926
2462 11604 13926
13926 2462 11604
13588 8188 13956
13956 8188 13588
8188 13588 13956
11766 4152 14603
4152 11766 14603
14603 4152 11766
5197 4167 9513
4167 5197 9513
9513 4167 5197
3685 5807 6039
6039 3685 5807
5807 3685 6039
4434 1572 7114
1572 4434 7114
7114 1572 4434
14377 2364 7656
7656 2364 14377
2364 7656 14377
4649 2508 7925
2508 4649 7925
7925 2508 4649
316 1950 8258
1950 316 8258
8258 316 1950
10177 2641 5485
2641 5485 10177
5485 2641 10177
14293 8719 8801
8719 8801 14293
8801 8719 14293
13297 2688 11194
11194 2688 13297
2688 11194 13297
266 6300 14197
14197 266 6300
6300 266 14197
3369 9682 11908
11908 3369 9682
9682 3369 11908
13823 6463 12582
12582 6463 13823
6463 12582 13823
4652 5057 10949
5057 4652 10949
10949 4652 5057
10482 2363 13899
2363 10482 13899
13899 2363 10482
2642 7758 13616
7758 2642 13616
13616 2642 7758
7346 7082 10893
10893 7082 7346
7082 7346 10893
8127 11387 14634
14634 8127 11387
11387 8127 14634
11198 8348 11923
8348 11198 11923
11923 8348 11198
7823 4838 7473
7473 4838 7823
4838 7473 7823
3699 1456 5770
5770 1456 3699
1456 3699 5770
2320 11928 12485
12485 2320 11928
11928 2320 12485
662 5090 13842
5090 662 13842
13842 662 5090
1109 3565 8658
3565 1109 8658
8658 1109 3565
7120 11796 12678
11796 7120 12678
12678 7120 11796
1990 10941 11812
11812 1990 10941
10941 1990 11812
5011 13276 14498
14498 5011 13276
13276 5011 14498
7622 3775 14567
3775 7622 14567
14567 3775 7622
13825 1321 4305
4305 1321 13825
1321 4305 13825
10713 11105 11818
11818 10713 11105
11105 10713 11818
6795 522 13232
522 6795 13232
13232 522 6795
4967 3695 10937
3695 4967 10937
10937 3695 4967
5457 11539 14399
11539 5457 14399
14399 5457 11539
1187 369 6901
6901 369 1187
369 1187 6901
220 5207 9227
9227 220 5207
5207 220 9227
14842 1294 4553
4553 1294 14842
1294 4553 14842
10436 12808 13277
12808 10436 13277
13277 10436 12808
3223 3374 8777
3374 3223 8777
8777 3223 3374
14504 2207 5827
2207 5827 14504
5827 2207 14504
518 8573 12552
12552 518 8573
8573 518 12552
1623 2191 12070
12070 1623 2191
2191 1623 12070
1237 6456 8338
6456 1237 8338
8338 1237 6456
11935 1498 7245
1498 7245 11935
7245 1498 11935
593 8077 8423
8423 593 8077
8077 593 8423
14720 6169 10620
6169 10620 14720
10620 6169 14720
7739 2618 6382
6382 2618 7739
2618 6382 7739
12170 418 13315
13315 418 12170
418 12170 13315
2608 545 1283
1283 545 2608
545 1283 2608
1683 3514 14868
3514 1683 14868
14868 1683 3514
7585 12056 12918
12056 7585 12918
12918 7585 12056
3210 9200 13377
9200 3210 13377
13377 3210 9200
4150 5080 11545
11545 4150 5080
5080 4150 11545
9321 9849 10071
9849 9321 10071
10071 9321 9849
7649 4201 13414
4201 7649 13414
13414 4201 7649
7000 2018 3579
2018 3579 7000
3579 2018 7000
2555 1042 7458
7458 1042 2555
1042 2555 7458
4772 2474 3844
3844 2474 4772
2474 3844 4772
14193 12298 13490
12298 13490 14193
13490 12298 14193
4981 2061 3361
2061 3361 4981
3361 2061 4981
14606 9796 10021
9796 10021 14606
10021 9796 14606
7990 13028 13479
13479 7990 13028
13028 7990 13479
7963 153 12014
153 7963 12014
12014 153 7963
13672 3120 5673
3120 5673 13672
5673 3120 13672
1214 6671 9185
6671 1214 9185
9185 1214 6671
11794 3263 13096
13096 3263 11794
3263 11794 13096
3293 2266 4986
4986 2266 3293
2266 3293 4986
12138 7240 12236
12236 7240 12138
7240 12138 12236
4837 6006 10252
10252 4837 6006
6006 4837 10252
3303 863 6813
863 3303 6813
6813 863 3303
1666 2541 3552
3552 1666 2541
2541 1666 3552
7543 1752 14209
1752 7543 14209
14209 1752 7543
7691 784 2252
784 2252 7691
2252 784 7691
8285 2232 9955
2232 8285 9955
9955 2232 8285
10158 7216 12266
7216 10158 12266
12266 7216 10158
10552 3135 3264
3135 3264 10552
3264 3135 10552
5135 6689 11309
6689 5135 11309
11309 5135 6689
2818 6137 10492
10492 2818 6137
6137 2818 10492
8929 2049 13014
13014 2049 8929
2049 8929 13014
4535 10016 12965
10016 4535 12965
12965 4535 10016
6926 4927 9136
9136 4927 6926
4927 6926 9136
6096 6202 9642
9642 6096 6202
6202 6096 9642
10638 912 6612
912 6612 10638
6612 912 10638
10459 6538 12169
12169 6538 10459
6538 10459 12169
587 4143 8479
4143 587 8479
8479 587 4143
4861 2928 11822
11822 2928 4861
2928 4861 11822
10460 5901 10752
5901 10460 10752
10752 5901 10460
10897 2627 6554
6554 2627 10897
2627 6554 10897
13485 5426 13781
5426 13485 13781
13781 5426 13485
5938 732 882
732 882 5938
882 732 5938
4717 4073 10514
4073 4717 10514
10514 4073 4717
3506 5150 5926
5926 3506 5150
5150 3506 5926
2613 10628 13222
13222 2613 10628
10628 2613 13222
12700 4679 12028
4679 12028 12700
12028 4679 12700
9100 3228 7783
3228 7783 9100
7783 3228 9100
5916 10910 14999
14999 5916 10910
10910 5916 14999
9691 6446 14451
14451 6446 9691
6446 9691 14451
2296 352 13177
13177 352 2296
352 2296 13177
5846 6089 11130
6089 5846 11130
11130 5846 6089
6872 11377 12670
12670 6872 11377
11377 6872 12670
3939 2154 8554
2154 3939 8554
8554 2154 3939
7023 1066 12974
12974 1066 7023
1066 7023 12974
10453 12983 14490
14490 10453 12983
12983 10453 14490
6629 11930 13468
11930 6629 13468
13468 6629 11930
6680 3356 8391
8391 3356 6680
3356 6680 8391
7118 3080 14646
14646 3080 7118
3080 7118 14646
5264 10363 10691
10363 5264 10691
10691 5264 10363
2794 3837 12684
12684 2794 3837
3837 2794 12684
5649 6069 13511
6069 5649 13511
13511 5649 6069
14179 4027 4958
4027 4958 14179
4958 4027 14179
7445 3063 4218
4218 3063 7445
3063 4218 7445
7863 9785 10103
10103 7863 9785
9785 7863 10103
25 1772 6667
1772 25 6667
6667 25 1772
10883 7676 12462
7676 10883 12462
12462 7676 10883
7431 472 12265
472 7431 12265
12265 472 7431
9547 4813 14543
14543 4813 9547
4813 9547 14543
4891 5479 9618
5479 4891 9618
9618 4891 5479
10581 223 2816
2816 223 10581
223 2816 10581
12943 2241 4466
4466 2241 12943
2241 4466 12943
6302 5531 5743
5531 5743 6302
5743 5531 6302
1163 2086 4682
2086 1163 4682
4682 1163 2086
5733 9859 14369
14369 5733 9859
9859 5733 14369
10303 5847 11540
11540 5847 10303
5847 10303 11540
11181 6198 10630
6198 10630 11181
10630 6198 11181
1197 8660 11396
8660 1197 11396
11396 1197 8660
2007 1431 10139
10139 1431 2007
1431 2007 10139
3067 5597 11188
11188 3067 5597
5597 3067 11188
13036 1682 8198
8198 1682 13036
1682 8198 13036
58 7094 12327
12327 58 7094
7094 58 12327
3392 2920 7376
7376 2920 3392
2920 3392 7376
9533 12479 14560
14560 9533 12479
12479 9533 14560
9048 2736 6342
2736 6342 9048
6342 2736 9048
5768 9244 12984
9244 5768 12984
12984 5768 9244
10989 1280 4929
1280 4929 10989
4929 1280 10989
12766 1002 12400
1002 12400 12766
12400 1002 12766
12343 1589 1671
1589 1671 12343
1671 1589 12343
11186 1738 3253
3253 1738 11186
1738 3253 11186
3008 1153 3216
1153 3008 3216
3216 1153 3008
398 11749 14510
14510 398 11749
11749 398 14510
10307 10027 12532
10027 10307 12532
12532 10027 10307
890 5519 8033
5519 890 8033
8033 890 5519
12862 3866 4007
3866 4007 12862
4007 3866 12862
2495 9062 9413
9062 2495 9413
9413 2495 9062
6470 1573 14642
1573 6470 14642
14642 1573 6470
13012 3397 4712
3397 4712 13012
4712 3397 13012
11689 957 1353
1353 957 11689
957 1353 11689
2867 4820 12693
12693 2867 4820
4820 2867 12693
2087 735 14748
14748 735 2087
735 2087 14748
8677 613 1826
1826 613 8677
613 1826 8677
6893 6141 12614
6141 6893 12614
12614 6141 6893
9911 3411 8261
8261 3411 9911
3411 8261 9911
11791 5059 5881
5059 5881 11791
5881 5059 11791
4990 7296 14827
14827 4990 7296
7296 4990 14827
2175 909 6213
909 2175 6213
6213 909 2175
513 10351 10837
10351 513 10837
10837 513 10351
152 2341 10078
10078 152 2341
2341 152 10078
7098 2659 8031
2659 7098 8031
8031 2659 7098
8779 5747 14689
5747 8779 14689
14689 5747 8779
1422 584 1927
584 1422 1927
1927 584 1422
14595 1019 6731
6731 1019 14595
1019 6731 14595
14206 2467 6266
6266 2467 14206
2467 6266 14206
3828 7485 8690
7485 3828 8690
8690 3828 7485
3524 2129 8517
2129 3524 8517
8517 2129 3524
2879 7738 12291
12291 2879 7738
7738 2879 12291
7305 2677 9008
2677 7305 9008
9008 2677 7305
6502 2058 10443
10443 2058 6502
2058 6502 10443
1648 3470 9352
3470 1648 9352
9352 1648 3470
7171 1035 7065
1035 7065 7171
7065 1035 7171
3705 1318 5159
5159 1318 3705
1318 3705 5159
10874 5416 6745
5416 6745 10874
6745 5416 10874
4134 9697 10760
10760 4134 9697
9697 4134 10760
5258 5070 14580
5070 5258 14580
14580 5070 5258
5621 1850 14159
1850 5621 14159
14159 1850 5621
1575 104 2529
104 1575 2529
2529 104 1575
5438 2657 13978
13978 2657 5438
2657 5438 13978
13845 171 7143
171 7143 13845
7143 171 13845
2849 1331 1894
1894 1331 2849
1331 1894 2849
10665 3269 9344
3269 9344 10665
9344 3269 10665
1957 7444 13470
7444 1957 13470
13470 1957 7444
12585 13406 14530
14530 12585 13406
13406 12585 14530
976 5013 9171
5013 976 9171
9171 976 5013
4928 1325 5460
5460 1325 4928
1325 4928 5460
5629 3696 9049
3696 5629 9049
9049 3696 5629
6110 5552 9286
5552 6110 9286
9286 5552 6110
10857 6294 8537
6294 8537 10857
8537 6294 10857
1508 3235 8901
8901 1508 3235
3235 1508 8901
8300 2838 12334
12334 2838 8300
2838 8300 12334
8595 8566 10781
8566 8595 10781
10781 8566 8595
4334 5963 12625
12625 4334 5963
5963 4334 12625
5911 4778 11531
11531 4778 5911
4778 5911 11531
1399 11294 14094
11294 1399 14094
14094 1399 11294
12505 2925 14680
14680 2925 12505
2925 12505 14680
11606 4726 12900
4726 11606 12900
12900 4726 11606
11804 10668 11864
10668 11804 11864
11864 10668 11804
13436 7846 13263
13263 7846 13436
7846 13263 13436
9116 141 10813
141 9116 10813
10813 141 9116
7894 4055 5229
4055 5229 7894
5229 4055 7894
7888 6451 10885
10885 6451 7888
6451 7888 10885
118 254 10389
254 118 10389
10389 118 254
13136 3023 12902
3023 12902 13136
12902 3023 13136
2368 8355 14942
8355 2368 14942
14942 2368 8355
6189 2767 14478
2767 6189 14478
14478 2767 6189
13896 8809 13813
13813 8809 13896
8809 13813 13896
10053 5627 13517
5627 10053 13517
13517 5627 10053
3188 9403 13003
9403 3188 13003
13003 3188 9403
14935 2802 9573
9573 2802 14935
2802 9573 14935
5609 11827 12890
11827 5609 12890
12890 5609 11827
12719 11486 13477
11486 12719 13477
13477 11486 12719
880 4337 7918
7918 880 4337
4337 880 7918
430 759 10730
759 430 10730
10730 430 759
4529 580 712
712 580 4529
580 712 4529
8455 5021 10426
10426 5021 8455
5021 8455 10426
6809 3815 9898
3815 6809 9898
9898 3815 6809
4882 7324 9587
9587 4882 7324
7324 4882 9587
4578 2165 14920
14920 2165 4578
2165 4578 14920
14135 2201 3582
3582 2201 14135
2201 3582 14135
295 7960 9463
7960 295 9463
9463 295 7960
2385 4941 6482
4941 2385 6482
6482 2385 4941
6841 5174 14102
5174 6841 14102
14102 5174 6841
8326 444 7853
444 7853 8326
7853 444 8326
12970 10294 11277
11277 10294 12970
10294 11277 12970
2556 3638 11828
3638 2556 11828
11828 2556 3638
8474 13715 14222
14222 8474 13715
13715 8474 14222
6964 632 14651
632 6964 14651
14651 632 6964
13462 1527 14300
14300 1527 13462
1527 13462 14300
12368 3079 8413
8413 3079 12368
3079 8413 12368
3993 3967 12567
12567 3967 3993
3967 3993 12567
5360 308 11577
11577 308 5360
308 5360 11577
13224 7221 14359
7221 13224 14359
14359 7221 13224
2211 1216 6140
6140 1216 2211
1216 2211 6140
12074 293 7115
293 7115 12074
7115 293 12074
2333 5936 13387
5936 2333 13387
13387 2333 5936
4309 3204 12642
3204 4309 12642
12642 3204 4309
7413 451 14346
14346 451 7413
451 7413 14346
7646 6443 9593
9593 6443 7646
6443 7646 9593
10269 6638 14639
14639 6638 10269
6638 10269 14639
13518 4670 7552
7552 4670 13518
4670 7552 13518
13409 10237 12797
10237 12797 13409
12797 10237 13409
8288 1586 6991
6991 1586 8288
1586 6991 8288
6013 702 5804
702 5804 6013
5804 702 6013
1138 4231 9455
9455 1138 4231
4231 1138 9455
10539 2379 9617
9617 2379 10539
2379 9617 10539
195 11797 11860
11797 195 11860
11860 195 11797
3944 542 8460
542 3944 8460
8460 542 3944
10884 12061 14912
14912 10884 12061
12061 10884 14912
8486 6657 7195
7195 6657 8486
6657 7195 8486
13869 413 1973
413 1973 13869
1973 413 13869
6256 9614 11352
11352 6256 9614
9614 6256 11352
7644 10215 10491
10491 7644 10215
10215 7644 10491
3271 9591 14578
9591 3271 14578
14578 3271 9591
6544 12037 12051
12037 6544 12051
12051 6544 12037
7433 583 5532
5532 583 7433
583 5532 7433
7564 2096 5497
2096 5497 7564
5497 2096 7564
4228 1267 14844
1267 4228 14844
14844 1267 4228
7512 1376 10702
1376 7512 10702
10702 1376 7512
8414 3453 8489
8489 3453 8414
3453 8414 8489
5652 9721 13700
9721 5652 13700
13700 5652 9721
14035 4600 5448
4600 5448 14035
5448 4600 14035
10836 5239 13527
13527 5239 10836
5239 10836 13527
7759 3657 4583
3657 4583 7759
4583 3657 7759
12361 8016 9631
9631 8016 12361
8016 9631 12361
14388 1326 3489
3489 1326 14388
1326 3489 14388
2380 1494 5944
5944 1494 2380
1494 2380 5944
8299 3414 10331
3414 8299 10331
10331 3414 8299
752 1570 13457
13457 752 1570
1570 752 13457
6649 12613 12729
12729 6649 12613
12613 6649 12729
6928 9843 13442
13442 6928 9843
9843 6928 13442
2602 2483 13206
2483 2602 13206
13206 2483 2602
14434 5600 13261
13261 5600 14434
5600 13261 14434
3265 1264 3344
1264 3265 3344
3344 1264 3265
7584 1549 5891
1549 5891 7584
5891 1549 7584
8605 697 7568
697 7568 8605
7568 697 8605
13041 5012 6003
5012 6003 13041
6003 5012 13041
8392 13589 14933
14933 8392 13589
13589 8392 14933
4366 5922 9214
9214 4366 5922
5922 4366 9214
8053 3731 6247
3731 6247 8053
6247 3731 8053
6780 525 9536
9536 525 6780
525 6780 9536
13988 10913 13946
13946 10913 13988
10913 13946 13988
13795 8793 14568
14568 8793 13795
8793 13795 14568
571 5072 12044
12044 571 5072
5072 571 12044
7403 6930 13764
13764 6930 7403
6930 7403 13764
2649 3868 6358
6358 2649 3868
3868 2649 6358
11887 2824 5541
5541 2824 11887
2824 5541 11887
13458 4023 4462
4462 4023 13458
4023 4462 13458
3475 6552 11659
11659 3475 6552
6552 3475 11659
2060 6070 14181
6070 2060 14181
14181 2060 6070
10556 7071 14282
7071 10556 14282
14282 7071 10556
9420 851 1272
851 1272 9420
1272 851 9420
7752 1252 12409
1252 7752 12409
12409 1252 7752
8556 1550 11015
1550 8556 11015
11015 1550 8556
4720 9417 14512
9417 4720 14512
14512 4720 9417
2984 1462 11376
11376 1462 2984
1462 2984 11376
698 3906 6827
6827 698 3906
3906 698 6827
8594 853 6644
853 6644 8594
6644 853 8594
12467 3416 10170
10170 3416 12467
3416 10170 12467
14703 1263 4367
4367 1263 14703
1263 4367 14703
6103 6071 9597
6071 6103 9597
9597 6071 6103
10091 3671 9128
9128 3671 10091
3671 9128 10091
1807 7060 11815
11815 1807 7060
7060 1807 11815
14494 5178 7364
5178 7364 14494
7364 5178 14494
5045 10075 14708
10075 5045 14708
14708 5045 10075
1049 1537 5873
5873 1049 1537
1537 1049 5873
12701 6351 10319
6351 10319 12701
10319 6351 12701
3352 3066 8668
3066 3352 8668
8668 3066 3352
332 6785 13643
6785 332 13643
13643 332 6785
8012 6074 14108
14108 6074 8012
6074 8012 14108
14131 2468 3690
3690 2468 14131
2468 3690 14131
9471 3830 4546
3830 4546 9471
4546 3830 9471
11525 1031 7559
1031 7559 11525
7559 1031 11525
4174 14183 14310
14310 4174 14183
14183 4174 14310
6810 4769 10547
10547 4769 6810
4769 6810 10547
3704 9769 14381
14381 3704 9769
9769 3704 14381
8480 2184 4468
4468 2184 8480
2184 4468 8480
4648 6912 8306
8306 4648 6912
6912 4648 8306
3779 11138 14998
14998 3779 11138
11138 3779 14998
2274 5104 5934
5934 2274 5104
5104 2274 5934
5143 3555 7728
7728 3555 5143
3555 5143 7728
11713 6981 11567
11567 6981 11713
6981 11567 11713
13326 4977 9280
4977 9280 13326
9280 4977 13326
5365 5982 12544
5982 5365 12544
12544 5365 5982
7481 1087 11450
11450 1087 7481
1087 7481 11450
4629 3372 7242
3372 4629 7242
7242 3372 4629
7162 5192 14029
14029 5192 7162
5192 7162 14029
4952 8934 12143
12143 4952 8934
8934 4952 12143
5319 6723 14957
14957 5319 6723
6723 5319 14957
13219 1624 8544
1624 8544 13219
8544 1624 13219
13356 4997 14459
4997 13356 14459
14459 4997 13356
12542 1895 10315
10315 1895 12542
1895 10315 12542
1553 895 1463
895 1463 1553
1463 895 1553
10615 11033 14526
14526 10615 11033
11033 10615 14526
9264 553 11631
553 9264 11631
11631 553 9264
7730 4003 9680
9680 4003 7730
4003 7730 9680
12671 11449 14751
11449 12671 14751
14751 11449 12671
14014 9240 14662
9240 14014 14662
14662 9240 14014
8829 2630 7707
7707 2630 8829
2630 7707 8829
1435 10422 12566
12566 1435 10422
10422 1435 12566
12035 2777 10666
2777 10666 12035
10666 2777 12035
1475 1416 4788
1416 1475 4788
4788 1416 1475
3311 228 1519
1519 228 3311
228 1519 3311
5835 6758 14741
6758 5835 14741
14741 5835 6758
4864 3686 14168
14168 3686 4864
3686 4864 14168
12968 1971 3282
3282 1971 12968
1971 3282 12968
7700 1529 7882
7882 1529 7700
1529 7700 7882
9945 12942 14202
12942 9945 14202
14202 9945 12942
12695 1343 3037
1343 3037 12695
3037 1343 12695
6979 8020 11183
11183 6979 8020
8020 6979 11183
8731 166 9429
9429 166 8731
166 8731 9429
137 2236 3300
2236 137 3300
3300 137 2236
5464 5975 12539
12539 5464 5975
5975 5464 12539
4973 8406 9073
9073 4973 8406
8406 4973 9073
7881 5525 12780
12780 5525 7881
5525 7881 12780
13796 999 10866
10866 999 13796
999 10866 13796
5188 3238 8615
3238 5188 8615
8615 3238 5188
4056 2132 8807
2132 4056 8807
8807 2132 4056
227 342 5941
342 227 5941
5941 227 342
14308 2388 5203
2388 5203 14308
5203 2388 14308
13537 6583 10823
6583 10823 13537
10823 6583 13537
11384 4984 5876
5876 4984 11384
4984 5876 11384
10939 1359 4103
1359 4103 10939
4103 1359 10939
8271 3492 13099
13099 3492 8271
3492 8271 13099
1835 2119 9655
2119 1835 9655
9655 1835 2119
8461 6293 7698
6293 7698 8461
7698 6293 8461
4660 6179 12318
6179 4660 12318
12318 4660 6179
4695 1523 6788
1523 4695 6788
6788 1523 4695
10888 6332 12382
6332 10888 12382
12382 6332 10888
8806 3375 10696
10696 3375 8806
3375 8806 10696
11319 7013 12870
12870 7013 11319
7013 11319 12870
13846 7184 9551
7184 9551 13846
9551 7184 13846
1154 1220 5803
5803 1154 1220
1220 1154 5803
27 47 6366
47 27 6366
6366 27 47
2411 3925 5539
5539 2411 3925
3925 2411 5539
10119 967 11052
11052 967 10119
967 10119 11052
9301 12819 14948
14948 9301 12819
12819 9301 14948
5573 1653 9527
9527 1653 5573
1653 5573 9527
13218 3816 11817
11817 3816 13218
3816 11817 13218
11836 3347 8811
8811 3347 11836
3347 8811 11836
9130 3359 9137
9137 3359 9130
3359 9130 9137
1287 4638 14670
4638 1287 14670
14670 1287 4638
290 3349 9205
3349 290 9205
9205 290 3349
7456 8002 13175
13175 7456 8002
8002 7456 13175
10145 12455 12478
12455 10145 12478
12478 10145 12455
10959 5459 9787
5459 9787 10959
9787 5459 10959
7430 715 14211
14211 715 7430
715 7430 14211
2712 9222 14195
14195 2712 9222
9222 2712 14195
8957 11748 13132
13132 8957 11748
11748 8957 13132
10614 6424 13858
6424 10614 13858
13858 6424 10614
2285 8994 10617
8994 2285 10617
10617 2285 8994
3791 1796 8844
1796 3791 8844
8844 1796 3791
8187 6246 9437
6246 8187 9437
9437 6246 8187
4738 8081 8961
8081 4738 8961
8961 4738 8081
6956 265 6084
6084 265 6956
265 6084 6956
4163 5113 12150
5113 4163 12150
12150 4163 5113
6695 497 10743
497 6695 10743
10743 497 6695
3018 5310 9494
9494 3018 5310
5310 3018 9494
3111 7697 11927
11927 3111 7697
7697 3111 11927
8048 222 7750
7750 222 8048
222 7750 8048
363 8955 13413
13413 363 8955
8955 363 13413
2574 1107 2095
1107 2095 2574
2095 1107 2574
3011 2938 14994
2938 3011 14994
14994 2938 3011
13092 1096 14423
14423 1096 13092
1096 13092 14423
1180 5317 6264
6264 1180 5317
5317 1180 6264
14799 988 10141
988 10141 14799
10141 988 14799
13816 498 13170
498 13170 13816
13170 498 13816
5015 432 11036
11036 432 5015
432 5015 11036
8197 5268 9188
5268 8197 9188
9188 5268 8197
2472 816 13165
13165 816 2472
816 2472 13165
8065 815 7453
815 7453 8065
7453 815 8065
8553 3977 11224
11224 3977 8553
3977 8553 11224
9968 2233 7359
7359 2233 9968
2233 7359 9968
7668 4811 13434
4811 7668 13434
13434 4811 7668
9539 5554 6750
6750 5554 9539
5554 6750 9539
2456 3609 7234
7234 2456 3609
3609 2456 7234
14627 7523 8880
7523 8880 14627
8880 7523 14627
11484 6923 12301
12301 6923 11484
6923 11484 12301
7093 4646 12018
12018 4646 7093
4646 7093 12018
2558 574 8086
574 2558 8086
8086 574 2558
13827 9198 14809
14809 9198 13827
9198 13827 14809
7219 6594 10850
10850 6594 7219
6594 7219 10850
11924 576 4900
4900 576 11924
576 4900 11924
6906 9375 14872
14872 6906 9375
9375 6906 14872
8898 3953 11767
3953 8898 11767
11767 3953 8898
10452 1024 13719
1024 10452 13719
13719 1024 10452
4486 6737 9750
9750 4486 6737
6737 4486 9750
1245 4601 10213
10213 1245 4601
4601 1245 10213
4119 5429 7322
7322 4119 5429
5429 4119 7322
9698 5172 14156
14156 5172 9698
5172 9698 14156
8980 3591 11195
11195 3591 8980
3591 8980 11195
3932 385 11062
11062 385 3932
385 3932 11062
1497 521 11936
521 1497 11936
11936 521 1497
2450 2919 8559
8559 2450 2919
2919 2450 8559
9770 4711 8278
4711 8278 9770
8278 4711 9770
9987 2014 13463
2014 9987 13463
13463 2014 9987
6955 2074 6822
6822 2074 6955
2074 6822 6955
13735 6239 6765
6239 6765 13735
6765 6239 13735
2511 536 2930
536 2511 2930
2930 536 2511
1963 5588 11439
11439 1963 5588
5588 1963 11439
13113 10333 13183
10333 13113 13183
13183 10333 13113
6428 776 14795
14795 776 6428
776 6428 14795
5146 12694 14800
14800 5146 12694
12694 5146 14800
10008 1989 3799
1989 3799 10008
3799 1989 10008
10956 4663 9169
9169 4663 10956
4663 9169 10956
5306 5117 8169
8169 5117 5306
5117 5306 8169
11736 737 10187
737 10187 11736
10187 737 11736
14475 13240 13718
13718 13240 14475
13240 13718 14475
1102 5506 11741
11741 1102 5506
5506 1102 11741
5297 2177 9794
9794 2177 5297
2177 5297 9794
14647 3302 9627
9627 3302 14647
3302 9627 14647
2289 2663 8013
8013 2289 2663
2663 2289 8013
3170 7152 11913
7152 3170 11913
11913 3170 7152
9564 46 9534
9534 46 9564
46 9534 9564
12058 10236 11571
10236 11571 12058
11571 10236 12058
298 653 11702
11702 298 653
653 298 11702
11323 3510 6282
6282 3510 11323
3510 6282 11323
4675 1347 8465
8465 1347 4675
1347 4675 8465
5344 3801 5120
5120 3801 5344
3801 5120 5344
7762 3225 10967
3225 7762 10967
10967 3225 7762
12273 7292 14743
7292 12273 14743
14743 7292 12273
1877 4718 5140
5140 1877 4718
4718 1877 5140
1060 4102 4183
4183 1060 4102
4102 1060 4183
7088 466 2250
2250 466 7088
466 2250 7088
4908 1101 1862
1101 1862 4908
1862 1101 4908
13882 2702 10772
2702 10772 13882
10772 2702 13882
499 12837 14486
12837 499 14486
14486 499 12837
14157 3310 8612
8612 3310 14157
3310 8612 14157
4957 11286 11813
11813 4957 11286
11286 4957 11813
4266 5561 14214
5561 4266 14214
14214 4266 5561
13179 5612 6091
6091 5612 13179
5612 6091 13179
635 11132 13716
13716 635 11132
11132 635 13716
7375 1574 4439
1574 4439 7375
4439 1574 7375
10006 1013 7717
7717 1013 10006
1013 7717 10006
7531 4847 14194
14194 4847 7531
4847 7531 14194
4234 11890 13327
11890 4234 13327
13327 4234 11890
6990 14430 14502
14502 6990 14430
14430 6990 14502
10442 1825 2942
2942 1825 10442
1825 2942 10442
10088 2625 9101
9101 2625 10088
2625 9101 10088
7579 4723 4886
4723 4886 7579
4886 4723 7579
14637 7018 10997
7018 10997 14637
10997 7018 14637
7196 11830 13957
13957 7196 11830
11830 7196 13957
14344 5508 5731
5731 5508 14344
5508 5731 14344
9411 333 7740
7740 333 9411
333 7740 9411
990 5959 6098
5959 990 6098
6098 990 5959
1997 7535 10903
10903 1997 7535
7535 1997 10903
8236 4484 13010
4484 8236 13010
13010 4484 8236
11488 8804 11786
8804 11488 11786
11786 8804 11488
7399 4678 7402
7402 4678 7399
4678 7399 7402
1364 4635 13196
4635 1364 13196
13196 1364 4635
809 7227 9181
9181 809 7227
7227 809 9181
13149 5715 10849
10849 5715 13149
5715 10849 13149
6353 4617 8281
8281 4617 6353
4617 6353 8281
9393 3174 12439
3174 9393 12439
12439 3174 9393
5819 8234 9678
8234 5819 9678
9678 5819 8234
3935 6325 7411
7411 3935 6325
6325 3935 7411
12624 179 5048
179 5048 12624
5048 179 12624
7687 6701 11516
11516 6701 7687
6701 7687 11516
6394 2056 10393
10393 2056 6394
2056 6394 10393
10737 4465 9376
9376 4465 10737
4465 9376 10737
14607 492 10625
10625 492 14607
492 10625 14607
10260 7258 9758
9758 7258 10260
7258 9758 10260
10569 2298 2772
2772 2298 10569
2298 2772 10569
14068 1188 3903
1188 3903 14068
3903 1188 14068
13826 721 10649
10649 721 13826
721 10649 13826
12740 169 14297
14297 169 12740
169 12740 14297
2387 1342 12345
1342 2387 12345
12345 1342 2387
10254 6354 12821
6354 10254 12821
12821 6354 10254
14714 7140 10162
10162 7140 14714
7140 10162 14714
4989 5691 7741
7741 4989 5691
5691 4989 7741
178 8148 9277
9277 178 8148
8148 178 9277
5720 2281 8921
2281 5720 8921
8921 2281 5720
5274 10480 13791
13791 5274 10480
10480 5274 13791
9665 636 4976
636 4976 9665
4976 636 9665
8159 8540 14169
14169 8159 8540
8540 8159 14169
10634 14070 14083
14083 10634 14070
14070 10634 14083
5289 5574 9900
5574 5289 9900
9900 5289 5574
12602 3006 14936
14936 3006 12602
3006 12602 14936
4862 8943 11851
8943 4862 11851
11851 4862 8943
12191 2871 5177
5177 2871 12191
2871 5177 12191
12616 975 8781
975 8781 12616
8781 975 12616
8510 3698 7944
3698 7944 8510
7944 3698 8510
2134 11657 12618
11657 2134 12618
12618 2134 11657
1278 2977 10327
10327 1278 2977
2977 1278 10327
1673 8477 12783
8477 1673 12783
12783 1673 8477
12958 5856 9553
9553 5856 12958
5856 9553 12958
5538 4580 5316
4580 5316 5538
5316 4580 5538
3122 3741 12197
12197 3122 3741
3741 3122 12197
422 9879 12029
9879 422 12029
12029 422 9879
1667 5023 14664
5023 1667 14664
14664 1667 5023
216 8094 14728
8094 216 14728
14728 216 8094
9581 372 12279
372 9581 12279
12279 372 9581
3020 8163 11802
8163 3020 11802
11802 3020 8163
4704 5555 6498
6498 4704 5555
5555 4704 6498
2780 4716 11140
11140 2780 4716
4716 2780 11140
12480 3001 11733
3001 11733 12480
11733 3001 12480
9736 2 11795
11795 2 9736
2 9736 11795
13909 10428 11499
11499 10428 13909
10428 11499 13909
3661 2218 2935
2935 2218 3661
2218 2935 3661
6756 6961 9831
9831 6756 6961
6961 6756 9831
1878 4965 8332
8332 1878 4965
4965 1878 8332
5088 5986 13121
13121 5088 5986
5986 5088 13121
8816 526 12795
12795 526 8816
526 8816 12795
9512 10736 12219
12219 9512 10736
10736 9512 12219
5805 7614 12027
7614 5805 12027
12027 5805 7614
7974 984 3229
3229 984 7974
984 3229 7974
7421 10388 10487
10388 7421 10487
10487 7421 10388
5254 7575 10123
7575 5254 10123
10123 5254 7575
3616 6236 8216
6236 3616 8216
8216 3616 6236
11139 1330 6392
6392 1330 11139
1330 6392 11139
1611 14138 14561
14138 1611 14561
14561 1611 14138
5717 3181 3322
3322 3181 5717
3181 3322 5717
9876 4779 12456
4779 9876 12456
12456 4779 9876
2979 3456 13843
13843 2979 3456
3456 2979 13843
3076 3488 11839
11839 3076 3488
3488 3076 11839
4355 614 3226
614 3226 4355
3226 614 4355
12881 4011 13467
13467 4011 12881
4011 12881 13467
9997 5130 6491
6491 5130 9997
5130 6491 9997
14574 10149 13499
13499 10149 14574
10149 13499 14574
7907 3371 10570
10570 3371 7907
3371 7907 10570
4588 66 10964
66 4588 10964
10964 66 4588
10890 234 11832
11832 234 10890
234 10890 11832
9531 9602 14921
9602 9531 14921
14921 9531 9602
12446 4550 13619
4550 12446 13619
13619 4550 12446
7167 11378 14650
14650 7167 11378
11378 7167 14650
14141 1046 2531
2531 1046 14141
1046 2531 14141
4326 13535 14010
13535 4326 14010
14010 4326 13535
11579 1873 3162
1873 3162 11579
3162 1873 11579
6301 5038 6710
5038 6301 6710
6710 5038 6301
131 4706 6677
4706 131 6677
6677 131 4706
10716 4538 5724
4538 5724 10716
5724 4538 10716
1335 2943 3805
3805 1335 2943
2943 1335 3805
4244 3822 9355
3822 4244 9355
9355 3822 4244
8122 9582 9924
9582 8122 9924
9924 8122 9582
2661 2654 9428
2654 2661 9428
9428 2654 2661
12756 12476 14982
14982 12476 12756
12476 12756 14982
2183 1406 11737
11737 1406 2183
1406 2183 11737
43 6322 13318
6322 43 13318
13318 43 6322
10990 8585 13029
13029 8585 10990
8585 10990 13029
3099 5663 9481
9481 3099 5663
5663 3099 9481
9438 8887 14028
14028 8887 9438
8887 9438 14028
1063 5496 13178
13178 1063 5496
5496 1063 13178
8229 2401 5877
2401 5877 8229
5877 2401 8229
1784 6625 12012
6625 1784 12012
12012 1784 6625
9903 327 6832
327 6832 9903
6832 327 9903
6281 7475 10878
10878 6281 7475
7475 6281 10878
2953 3494 4729
4729 2953 3494
3494 2953 4729
5515 10848 11075
11075 5515 10848
10848 5515 11075
14620 9243 11980
11980 9243 14620
9243 11980 14620
2808 1591 12832
1591 2808 12832
12832 1591 2808
4203 8434 14143
8434 4203 14143
14143 4203 8434
1069 1560 9485
9485 1069 1560
1560 1069 9485
11163 961 13885
961 11163 13885
13885 961 11163
2227 3091 13722
13722 2227 3091
3091 2227 13722
10536 4054 5838
4054 5838 10536
5838 4054 10536
7441 1329 8903
8903 1329 7441
1329 7441 8903
12482 1357 10320
10320 1357 12482
1357 10320 12482
907 1843 9292
9292 907 1843
1843 907 9292
2909 11411 14657
11411 2909 14657
14657 2909 11411
3227 209 7059
209 3227 7059
7059 209 3227
2737 11708 14078
14078 2737 11708
11708 2737 14078
1189 5066 6381
5066 1189 6381
6381 1189 5066
3043 2964 7290
2964 3043 7290
7290 2964 3043
6007 3734 11400
3734 6007 11400
11400 3734 6007
1386 79 5334
5334 79 1386
79 1386 5334
8340 8712 8853
8712 8340 8853
8853 8340 8712
7864 7562 10486
7562 7864 10486
10486 7562 7864
2479 2222 7496
7496 2222 2479
2222 2479 7496
311 206 7772
7772 206 311
206 311 7772
5051 1845 7347
1845 5051 7347
7347 1845 5051
14409 1417 8362
1417 8362 14409
8362 1417 14409
4521 4151 7948
4151 4521 7948
7948 4151 4521
9469 9651 10387
9651 9469 10387
10387 9469 9651
13811 6001 7957
7957 6001 13811
6001 7957 13811
4022 6694 10931
10931 4022 6694
6694 4022 10931
3367 8384 14845
14845 3367 8384
8384 3367 14845
8397 3096 9975
3096 8397 9975
9975 3096 8397
13480 3623 12964
3623 12964 13480
12964 3623 13480
2902 11137 11271
11137 2902 11271
11271 2902 11137
8800 7099 8180
8180 7099 8800
7099 8180 8800
9701 1707 3231
1707 3231 9701
3231 1707 9701
3278 7126 13608
7126 3278 13608
13608 3278 7126
926 4384 10494
10494 926 4384
4384 926 10494
10841 8631 13011
13011 8631 10841
8631 10841 13011
284 5018 6669
5018 284 6669
6669 284 5018
13609 4602 5493
5493 4602 13609
4602 5493 13609
10705 7139 11044
11044 7139 10705
7139 10705 11044
1558 3370 10063
3370 1558 10063
10063 1558 3370
1194 3165 8995
8995 1194 3165
3165 1194 8995
9474 3106 12390
12390 3106 9474
3106 9474 12390
14952 1204 11043
11043 1204 14952
1204 11043 14952
5584 3594 9020
3594 5584 9020
9020 3594 5584
2399 7022 14210
14210 2399 7022
7022 2399 14210
173 9110 14683
9110 173 14683
14683 173 9110
381 7190 13194
7190 381 13194
13194 381 7190
14535 2463 6375
6375 2463 14535
2463 6375 14535
5209 4276 12232
12232 4276 5209
4276 5209 12232
4714 1866 11065
11065 1866 4714
1866 4714 11065
183 3029 4688
3029 183 4688
4688 183 3029
9713 7872 12736
12736 7872 9713
7872 9713 12736
4193 2239 11629
2239 4193 11629
11629 2239 4193
255 7154 8268
8268 255 7154
7154 255 8268
2262 7311 12472
12472 2262 7311
7311 2262 12472
5108 8920 9021
8920 5108 9021
9021 5108 8920
14238 1149 11274
1149 11274 14238
11274 1149 14238
14084 3127 9269
9269 3127 14084
3127 9269 14084
9186 754 11706
754 9186 11706
11706 754 9186
1111 5504 10322
5504 1111 10322
10322 1111 5504
11203 12309 13602
12309 11203 13602
13602 11203 12309
556 7744 14066
14066 556 7744
7744 556 14066
13425 14785 14927
14785 13425 14927
14927 13425 14785
8350 8907 11111
8907 8350 11111
11111 8350 8907
208 5421 6936
6936 208 5421
5421 208 6936
14878 3585 13231
3585 13231 14878
13231 3585 14878
12938 1654 13048
1654 12938 13048
13048 1654 12938
1884 277 4259
277 1884 4259
4259 277 1884
11485 546 12573
546 11485 12573
12573 546 11485
11176 3757 4478
4478 3757 11176
3757 4478 11176
4084 8942 11468
11468 4084 8942
8942 4084 11468
2656 1414 4796
1414 2656 4796
4796 1414 2656
12174 8970 12755
12755 8970 12174
8970 12174 12755
7832 5619 6564
5619 6564 7832
6564 5619 7832
14706 1822 8946
8946 1822 14706
1822 8946 14706
13043 7192 13281
13281 7192 13043
7192 13043 13281
11040 427 11852
11852 427 11040
427 11040 11852
1760 4062 11185
4062 1760 11185
11185 1760 4062
835 7871 10439
7871 835 10439
10439 835 7871
810 6215 10908
10908 810 6215
6215 810 10908
8538 4100 8730
8730 4100 8538
4100 8538 8730
2432 9934 12007
12007 2432 9934
9934 2432 12007
3931 3471 8641
8641 3471 3931
3471 3931 8641
8698 7021 7975
7021 7975 8698
7975 7021 8698
7412 11888 12677
12677 7412 11888
11888 7412 12677
8273 11620 11948
11948 8273 11620
11620 8273 11948
7659 4352 9782
9782 4352 7659
4352 7659 9782
9384 3781 12032
12032 3781 9384
3781 9384 12032
14408 1058 8674
1058 8674 14408
8674 1058 14408
12430 14290 14527
14290 12430 14527
14527 12430 14290
2743 8318 12450
8318 2743 12450
12450 2743 8318
7645 4223 8919
4223 7645 8919
8919 4223 7645
7303 1991 12396
12396 1991 7303
1991 7303 12396
6479 1965 14052
14052 1965 6479
1965 6479 14052
5948 685 9279
9279 685 5948
685 5948 9279
12200 2650 4065
4065 2650 12200
2650 4065 12200
4401 8726 10219
8726 4401 10219
10219 4401 8726
10873 3363 12644
3363 10873 12644
12644 3363 10873
5548 4938 12103
12103 4938 5548
4938 5548 12103
4489 10826 13410
13410 4489 10826
10826 4489 13410
9072 4273 12244
12244 4273 9072
4273 9072 12244
12681 478 3437
478 3437 12681
3437 478 12681
11086 5145 10226
5145 10226 11086
10226 5145 11086
1354 3283 12889
3283 1354 12889
12889 1354 3283
10076 4041 10280
10280 4041 10076
4041 10076 10280
360 235 10098
10098 235 360
