75185 131635 140874
140874 75185 131635
131635 75185 140874
90298 14481 28274
14481 28274 90298
28274 14481 90298
112733 65232 138570
138570 65232 112733
65232 112733 138570
22483 50620 56983
50620 22483 56983
56983 22483 50620
49223 87035 133439
133439 49223 87035
87035 49223 133439
48796 65381 70888
65381 48796 70888
70888 48796 65381
617 7332 88409
7332 617 88409
88409 617 7332
88554 14120 57690
57690 14120 88554
14120 57690 88554
13127 67595 129444
67595 13127 129444
129444 13127 67595
32555 54600 125133
125133 32555 54600
54600 32555 125133
102578 78718 101201
78718 101201 102578
101201 78718 102578
88993 97047 124492
124492 88993 97047
97047 88993 124492
60380 2715 144842
144842 2715 60380
2715 60380 144842
145040 37947 136042
37947 136042 145040
136042 37947 145040
39293 133248 139614
133248 39293 139614
139614 39293 133248
88640 97697 115483
115483 88640 97697
97697 88640 115483
78848 78545 94878
94878 78545 78848
78545 78848 94878
133809 30138 51456
51456 30138 133809
30138 51456 133809
63119 17257 71053
17257 63119 71053
71053 17257 63119
51165 35324 85441
35324 51165 85441
85441 35324 51165
97039 17497 106012
106012 17497 97039
17497 97039 106012
49328 131754 146577
131754 49328 146577
146577 49328 131754
67664 130778 133079
130778 67664 133079
133079 67664 130778
84673 90360 119327
119327 84673 90360
90360 84673 119327
75079 47549 116977
116977 47549 75079
47549 75079 116977
138162 74955 120664
74955 120664 138162
120664 74955 138162
123716 33559 69772
33559 69772 123716
69772 33559 123716
86261 20586 72582
72582 20586 86261
20586 72582 86261
46816 59234 141293
59234 46816 141293
141293 46816 59234
92973 40773 139336
139336 40773 92973
40773 92973 139336
100151 55551 74661
55551 74661 100151
74661 55551 100151
59088 7327 131802
7327 59088 131802
131802 7327 59088
110669 19665 101202
19665 101202 110669
101202 19665 110669
14606 60409 78282
78282 14606 60409
60409 14606 78282
64230 16414 95999
16414 64230 95999
95999 16414 64230
55263 34138 100070
34138 55263 100070
100070 34138 55263
63671 64038 75334
75334 63671 64038
64038 63671 75334
57506 13100 52334
52334 13100 57506
13100 52334 57506
106286 75257 106691
75257 106286 106691
106691 75257 106286
113654 1416 25029
1416 25029 113654
25029 1416 113654
75984 32931 131941
32931 75984 131941
131941 32931 75984
739 47065 120565
47065 739 120565
120565 739 47065
110541 37770 71943
37770 71943 110541
71943 37770 110541
59294 36990 75611
36990 59294 75611
75611 36990 59294
139854 7112 38750
7112 38750 139854
38750 7112 139854
6057 31592 55097
55097 6057 31592
31592 6057 55097
54761 14280 120676
14280 54761 120676
120676 14280 54761
74980 17 47186
47186 17 74980
17 47186 74980
52922 3576 66685
3576 52922 66685
66685 3576 52922
60677 51173 142348
142348 51173 60677
51173 60677 142348
26003 30452 77266
77266 26003 30452
30452 26003 77266
119045 77566 124038
124038 77566 119045
77566 119045 124038
132703 31469 120563
120563 31469 132703
31469 120563 132703
100653 27359 76960
76960 27359 100653
27359 76960 100653
61344 80087 103496
103496 61344 80087
80087 61344 103496
107950 13977 90273
13977 90273 107950
90273 13977 107950
29328 36000 139340
139340 29328 36000
36000 29328 139340
126869 68263 95806
95806 68263 126869
68263 95806 126869
3755 107721 110625
110625 3755 107721
107721 3755 110625
74906 10036 98818
10036 74906 98818
98818 10036 74906
42512 43410 140695
140695 42512 43410
43410 42512 140695
143315 139810 140903
140903 139810 143315
139810 140903 143315
27509 58800 104561
104561 27509 58800
58800 27509 104561
139963 34643 135169
135169 34643 139963
34643 135169 139963
103915 80602 134530
80602 103915 134530
134530 80602 103915
117707 135538 141940
141940 117707 135538
135538 117707 141940
125221 77202 140843
77202 125221 140843
140843 77202 125221
149608 87463 95280
87463 95280 149608
95280 87463 149608
53706 37383 37480
37480 37383 53706
37383 37480 53706
38151 81614 124505
81614 38151 124505
124505 38151 81614
97048 42257 77968
77968 42257 97048
42257 77968 97048
56966 29400 56170
56170 29400 56966
29400 56170 56966
21350 29606 144742
144742 21350 29606
29606 21350 144742
3495 49653 113856
113856 3495 49653
49653 3495 113856
146873 88267 96076
88267 96076 146873
96076 88267 146873
106545 51800 81868
51800 81868 106545
81868 51800 106545
100643 5195 54606
5195 54606 100643
54606 5195 100643
5517 64705 87235
64705 5517 87235
87235 5517 64705
489 66649 90509
90509 489 66649
66649 489 90509
27253 118426 131507
118426 27253 131507
131507 27253 118426
119565 43466 92914
92914 43466 119565
43466 92914 119565
73519 1843 23243
1843 23243 73519
23243 1843 73519
26050 14485 110421
14485 26050 110421
110421 14485 26050
137637 68774 129366
129366 68774 137637
68774 129366 137637
37215 75245 137075
75245 37215 137075
137075 37215 75245
30615 82428 109771
109771 30615 82428
82428 30615 109771
12500 168 145766
145766 168 12500
168 12500 145766
92154 19277 125114
19277 92154 125114
125114 19277 92154
5342 25737 138159
25737 5342 138159
138159 5342 25737
117816 25011 129165
129165 25011 117816
25011 117816 129165
55489 103226 111786
111786 55489 103226
103226 55489 111786
87560 64900 78518
78518 64900 87560
64900 78518 87560
123699 56 38022
56 38022 123699
38022 56 123699
95429 20786 129215
20786 95429 129215
129215 20786 95429
49340 2581 61093
2581 49340 61093
61093 2581 49340
54807 76399 110289
76399 54807 110289
110289 54807 76399
52075 119787 120181
120181 52075 119787
119787 52075 120181
98641 78601 101712
78601 98641 101712
101712 78601 98641
117403 7325 35168
35168 7325 117403
7325 35168 117403
107445 46334 114456
46334 107445 114456
114456 46334 107445
74730 26764 121338
121338 26764 74730
26764 74730 121338
118813 96373 139403
96373 118813 139403
139403 96373 118813
36702 1577 37840
37840 1577 36702
1577 36702 37840
149484 97179 109336
109336 97179 149484
97179 109336 149484
113505 1801 21572
1801 21572 113505
21572 1801 113505
114188 47496 79573
47496 79573 114188
79573 47496 114188
138466 45001 63415
63415 45001 138466
45001 63415 138466
57454 61493 93078
61493 57454 93078
93078 57454 61493
58423 36374 135400
135400 36374 58423
36374 58423 135400
149573 55073 126268
55073 126268 149573
126268 55073 149573
114121 62345 94677
94677 62345 114121
62345 94677 114121
126410 34993 115407
115407 34993 126410
34993 115407 126410
4935 62443 123876
62443 4935 123876
123876 4935 62443
50046 62754 125661
62754 50046 125661
125661 50046 62754
39023 26182 101181
101181 26182 39023
26182 39023 101181
48679 87022 117888
117888 48679 87022
87022 48679 117888
102062 40799 76695
40799 76695 102062
76695 40799 102062
103111 4933 69379
69379 4933 103111
4933 69379 103111
122219 32150 74829
32150 74829 122219
74829 32150 122219
90992 53870 78906
53870 78906 90992
78906 53870 90992
118746 66721 106625
66721 106625 118746
106625 66721 118746
41354 43539 96473
43539 41354 96473
96473 41354 43539
47174 54789 75276
75276 47174 54789
54789 47174 75276
128808 16632 116678
116678 16632 128808
16632 116678 128808
40631 44456 124518
44456 40631 124518
124518 40631 44456
144794 40918 49266
40918 49266 144794
49266 40918 144794
141193 48130 58562
58562 48130 141193
48130 58562 141193
43583 3259 62953
62953 3259 43583
3259 43583 62953
18658 46834 129797
129797 18658 46834
46834 18658 129797
24381 5876 48879
5876 24381 48879
48879 5876 24381
67966 18294 82053
82053 18294 67966
18294 67966 82053
136452 63970 64073
63970 64073 136452
64073 63970 136452
70980 13873 119234
119234 13873 70980
13873 70980 119234
91566 51661 71129
51661 71129 91566
71129 51661 91566
51803 94752 143812
143812 51803 94752
94752 51803 143812
76451 52187 98674
98674 52187 76451
52187 76451 98674
74613 94 23022
94 23022 74613
23022 94 74613
138711 21598 114552
21598 114552 138711
114552 21598 138711
53817 71772 124642
124642 53817 71772
71772 53817 124642
81107 2696 17170
17170 2696 81107
2696 17170 81107
15015 12015 100400
12015 15015 100400
100400 12015 15015
52748 38236 63291
38236 52748 63291
63291 38236 52748
45093 75005 119645
75005 45093 119645
119645 45093 75005
31455 74327 124588
74327 31455 124588
124588 31455 74327
25155 13761 136719
13761 25155 136719
136719 13761 25155
86557 61063 145459
61063 86557 145459
145459 61063 86557
69289 67481 96160
96160 67481 69289
67481 69289 96160
140528 53969 106182
106182 53969 140528
53969 106182 140528
62964 79741 139310
79741 62964 139310
139310 62964 79741
23087 71228 75793
75793 23087 71228
71228 23087 75793
24464 4525 109794
4525 24464 109794
109794 4525 24464
9143 52363 105360
52363 9143 105360
105360 9143 52363
82095 19118 127505
19118 82095 127505
127505 19118 82095
7286 87568 140353
87568 7286 140353
140353 7286 87568
770 91044 133909
133909 770 91044
91044 770 133909
38200 36824 124811
124811 36824 38200
36824 38200 124811
71759 77079 100221
77079 71759 100221
100221 71759 77079
38409 33258 47939
47939 33258 38409
33258 38409 47939
75789 47797 134858
134858 47797 75789
47797 75789 134858
80655 79880 116813
79880 80655 116813
116813 79880 80655
82460 11866 125296
11866 82460 125296
125296 11866 82460
25785 52931 55192
52931 25785 55192
55192 25785 52931
128609 27937 66295
27937 66295 128609
66295 27937 128609
70163 13120 33790
33790 13120 70163
13120 33790 70163
62248 69113 142655
69113 62248 142655
142655 62248 69113
81097 112750 123375
112750 81097 123375
123375 81097 112750
92190 66870 130215
130215 66870 92190
66870 92190 130215
72835 24697 56917
56917 24697 72835
24697 56917 72835
54235 72706 85978
85978 54235 72706
72706 54235 85978
17539 21550 24161
24161 17539 21550
21550 17539 24161
29373 35909 45610
45610 29373 35909
35909 29373 45610
26189 6701 127834
6701 26189 127834
127834 6701 26189
30819 25988 46110
25988 30819 46110
46110 25988 30819
133343 50988 130492
130492 50988 133343
50988 130492 133343
30687 16618 25353
16618 25353 30687
25353 16618 30687
35642 42760 113769
113769 35642 42760
42760 35642 113769
68047 2029 61372
2029 61372 68047
61372 2029 68047
70741 63873 101220
101220 63873 70741
63873 70741 101220
100741 28168 72126
72126 28168 100741
28168 72126 100741
131590 24342 38389
24342 38389 131590
38389 24342 131590
47449 46087 64974
46087 47449 64974
64974 46087 47449
115249 21676 63473
21676 63473 115249
63473 21676 115249
81509 26443 136976
136976 26443 81509
26443 81509 136976
71938 62021 101478
101478 62021 71938
62021 71938 101478
77951 113012 132578
113012 77951 132578
132578 77951 113012
73927 71795 115719
71795 73927 115719
115719 71795 73927
99628 72750 147289
72750 99628 147289
147289 72750 99628
119949 71102 80788
80788 71102 119949
71102 80788 119949
109675 14665 37115
37115 14665 109675
14665 37115 109675
117661 61854 136321
136321 61854 117661
61854 117661 136321
59382 1292 83911
83911 1292 59382
1292 59382 83911
57822 6821 105153
6821 57822 105153
105153 6821 57822
51466 63026 126370
126370 51466 63026
63026 51466 126370
103765 79321 89848
79321 89848 103765
89848 79321 103765
22127 50541 144921
50541 22127 144921
144921 22127 50541
131427 42987 144836
144836 42987 131427
42987 131427 144836
148607 26346 29173
29173 26346 148607
26346 29173 148607
110788 27858 64091
27858 64091 110788
64091 27858 110788
100161 80650 135139
80650 100161 135139
135139 80650 100161
114325 45438 134126
134126 45438 114325
45438 114325 134126
71553 12313 108954
12313 71553 108954
108954 12313 71553
74652 55654 105684
105684 55654 74652
55654 74652 105684
127645 41941 106415
106415 41941 127645
41941 106415 127645
45201 18572 58663
58663 18572 45201
18572 45201 58663
74573 110221 139620
139620 74573 110221
110221 74573 139620
132795 46660 107971
46660 107971 132795
107971 46660 132795
15768 43730 130573
130573 15768 43730
43730 15768 130573
4326 58743 94168
58743 4326 94168
94168 4326 58743
1630 45326 84479
84479 1630 45326
45326 1630 84479
45541 86347 88305
88305 45541 86347
86347 45541 88305
82538 96715 129742
129742 82538 96715
96715 82538 129742
122575 89634 92170
89634 92170 122575
92170 89634 122575
128156 123875 145332
145332 123875 128156
123875 128156 145332
87715 95592 128582
95592 87715 128582
128582 87715 95592
109054 97269 136749
97269 109054 136749
136749 97269 109054
18720 58119 107252
58119 18720 107252
107252 18720 58119
20641 12238 137245
137245 12238 20641
12238 20641 137245
35473 88841 108423
108423 35473 88841
88841 35473 108423
50132 36910 62352
36910 50132 62352
62352 36910 50132
114342 127473 129841
127473 114342 129841
129841 114342 127473
137707 71091 81530
71091 81530 137707
81530 71091 137707
17949 115107 137851
137851 17949 115107
115107 17949 137851
36825 6498 62951
62951 6498 36825
6498 36825 62951
75029 33472 55264
33472 55264 75029
55264 33472 75029
128550 8877 28564
8877 28564 128550
28564 8877 128550
104304 17001 33305
33305 17001 104304
17001 33305 104304
58656 12449 30057
30057 12449 58656
12449 30057 58656
60625 68216 92779
68216 60625 92779
92779 60625 68216
100984 107535 131441
131441 100984 107535
107535 100984 131441
42442 85772 115478
85772 42442 115478
115478 42442 85772
82245 99787 132284
132284 82245 99787
99787 82245 132284
86386 9209 91101
91101 9209 86386
9209 86386 91101
8819 1380 149887
1380 8819 149887
149887 1380 8819
39670 7986 115675
7986 39670 115675
115675 7986 39670
14780 13446 93654
13446 14780 93654
93654 13446 14780
20807 45803 92825
45803 20807 92825
92825 20807 45803
42110 33892 64368
33892 42110 64368
64368 33892 42110
48056 5808 100983
5808 48056 100983
100983 5808 48056
85216 100168 122657
100168 85216 122657
122657 85216 100168
103165 39207 42693
39207 42693 103165
42693 39207 103165
13419 79322 131816
79322 13419 131816
131816 13419 79322
53274 9877 128062
128062 9877 53274
9877 53274 128062
92891 15269 54879
15269 54879 92891
54879 15269 92891
53735 57112 139508
139508 53735 57112
57112 53735 139508
65685 43911 124007
124007 43911 65685
43911 65685 124007
84469 48542 57989
48542 57989 84469
57989 48542 84469
133824 38853 94502
38853 94502 133824
94502 38853 133824
46020 41779 99908
99908 41779 46020
41779 46020 99908
65982 12862 49411
49411 12862 65982
12862 49411 65982
81574 33269 59237
59237 33269 81574
33269 59237 81574
23666 119310 140066
140066 23666 119310
119310 23666 140066
27060 12630 41907
41907 12630 27060
12630 27060 41907
17925 57668 126545
57668 17925 126545
126545 17925 57668
102428 56301 77400
77400 56301 102428
56301 77400 102428
67767 61165 109922
61165 67767 109922
109922 61165 67767
59230 16062 73411
16062 59230 73411
73411 16062 59230
67840 78997 93006
93006 67840 78997
78997 67840 93006
95856 126163 132344
132344 95856 126163
126163 95856 132344
43379 6403 80065
6403 43379 80065
80065 6403 43379
146694 68541 141905
141905 68541 146694
68541 141905 146694
56682 118623 134288
134288 56682 118623
118623 56682 134288
100495 4112 41316
4112 41316 100495
41316 4112 100495
39986 93022 149302
93022 39986 149302
149302 39986 93022
72788 102356 144852
102356 72788 144852
144852 72788 102356
11495 136711 138624
136711 11495 138624
138624 11495 136711
102707 2109 10347
2109 10347 102707
10347 2109 102707
55483 102103 129437
129437 55483 102103
102103 55483 129437
27651 107058 111581
111581 27651 107058
107058 27651 111581
49849 39517 59648
59648 39517 49849
39517 49849 59648
13149 80125 106246
80125 13149 106246
106246 13149 80125
1604 55120 90647
90647 1604 55120
55120 1604 90647
33424 11761 97204
11761 33424 97204
97204 11761 33424
122206 19154 31285
31285 19154 122206
19154 31285 122206
127538 100258 145663
100258 127538 145663
145663 100258 127538
148272 40511 68004
68004 40511 148272
40511 68004 148272
64252 51244 72987
72987 51244 64252
51244 64252 72987
25771 27413 29293
27413 25771 29293
29293 25771 27413
31488 6289 147582
147582 6289 31488
6289 31488 147582
92657 81686 106653
81686 92657 106653
106653 81686 92657
91441 17616 51268
51268 17616 91441
17616 51268 91441
40601 60856 89982
60856 40601 89982
89982 40601 60856
142810 19736 53307
19736 53307 142810
53307 19736 142810
126091 59163 66621
66621 59163 126091
59163 66621 126091
125327 38940 145111
145111 38940 125327
38940 125327 145111
142913 22504 88668
88668 22504 142913
22504 88668 142913
4238 29737 68592
29737 4238 68592
68592 4238 29737
148899 22886 115713
22886 115713 148899
115713 22886 148899
41816 341 37001
37001 341 41816
341 37001 41816
92188 13990 121498
13990 92188 121498
121498 13990 92188
3224 95940 137489
95940 3224 137489
137489 3224 95940
83504 40158 71032
71032 40158 83504
40158 71032 83504
38505 76149 126891
76149 38505 126891
126891 38505 76149
135390 37106 96741
37106 96741 135390
96741 37106 135390
16472 4146 125548
125548 4146 16472
4146 16472 125548
57410 53799 56906
53799 56906 57410
56906 53799 57410
129369 8240 147988
147988 8240 129369
8240 129369 147988
86090 2470 96797
2470 86090 96797
96797 2470 86090
149176 12291 59193
59193 12291 149176
12291 59193 149176
139951 42746 111140
42746 111140 139951
111140 42746 139951
95025 18010 115072
115072 18010 95025
18010 95025 115072
106664 73066 89794
89794 73066 106664
73066 89794 106664
99397 23985 93140
23985 93140 99397
93140 23985 99397
145610 6963 128528
6963 128528 145610
128528 6963 145610
101265 128890 136395
128890 101265 136395
136395 101265 128890
136587 40831 118631
118631 40831 136587
40831 118631 136587
14608 47864 133729
133729 14608 47864
47864 14608 133729
57205 30148 148431
148431 30148 57205
30148 57205 148431
131637 59574 131983
59574 131637 131983
131983 59574 131637
111477 46676 60336
60336 46676 111477
46676 60336 111477
77530 6433 51440
6433 51440 77530
51440 6433 77530
58960 6427 142299
142299 6427 58960
6427 58960 142299
1727 55602 92012
55602 1727 92012
92012 1727 55602
40131 9687 64398
9687 40131 64398
64398 9687 40131
71430 26761 127424
127424 26761 71430
26761 71430 127424
71837 14324 146108
14324 71837 146108
146108 14324 71837
108613 83399 134403
83399 108613 134403
134403 83399 108613
47460 103975 131555
103975 47460 131555
131555 47460 103975
125536 7727 20012
7727 20012 125536
20012 7727 125536
65211 79133 116596
79133 65211 116596
116596 65211 79133
139698 15211 39094
39094 15211 139698
15211 39094 139698
16875 42381 123066
42381 16875 123066
123066 16875 42381
2409 104157 134008
104157 2409 134008
134008 2409 104157
85494 18281 133145
133145 18281 85494
18281 85494 133145
94198 47265 134081
134081 47265 94198
47265 94198 134081
143691 87669 142068
87669 142068 143691
142068 87669 143691
730 31220 145155
145155 730 31220
31220 730 145155
148714 11835 26283
26283 11835 148714
11835 26283 148714
98612 108086 147816
108086 98612 147816
147816 98612 108086
21805 34073 117171
34073 21805 117171
117171 21805 34073
74608 72830 98003
72830 74608 98003
98003 72830 74608
32847 70714 129317
70714 32847 129317
129317 32847 70714
19181 57323 140273
140273 19181 57323
57323 19181 140273
85463 14769 90942
14769 85463 90942
90942 14769 85463
41044 7021 59575
59575 7021 41044
7021 41044 59575
4065 368 94369
94369 368 4065
368 4065 94369
50800 1167 108308
108308 1167 50800
1167 50800 108308
39655 87496 94997
94997 39655 87496
87496 39655 94997
118878 85095 146519
146519 85095 118878
85095 118878 146519
52593 61743 106991
61743 52593 106991
106991 52593 61743
9142 28783 132242
28783 9142 132242
132242 9142 28783
32551 50923 109831
109831 32551 50923
50923 32551 109831
62063 25713 83935
25713 62063 83935
83935 25713 62063
86084 99453 131429
131429 86084 99453
99453 86084 131429
21632 21325 39664
21325 21632 39664
39664 21325 21632
34905 61321 102940
102940 34905 61321
61321 34905 102940
80708 29805 67269
29805 67269 80708
67269 29805 80708
118748 21978 62292
21978 62292 118748
62292 21978 118748
38899 41328 56224
41328 38899 56224
56224 38899 41328
74313 137939 145972
145972 74313 137939
137939 74313 145972
74592 222 41777
222 41777 74592
41777 222 74592
65227 55042 57807
57807 55042 65227
55042 57807 65227
56509 115914 126101
115914 56509 126101
126101 56509 115914
41782 98594 130943
98594 41782 130943
130943 41782 98594
92234 4855 76646
76646 4855 92234
4855 76646 92234
131525 70854 109504
70854 109504 131525
109504 70854 131525
130298 26531 53198
26531 53198 130298
53198 26531 130298
133853 111900 141190
141190 111900 133853
111900 133853 141190
81103 24175 123627
123627 24175 81103
24175 81103 123627
8147 34395 99508
99508 8147 34395
34395 8147 99508
144086 99590 123249
99590 123249 144086
123249 99590 144086
85246 50702 57308
50702 57308 85246
57308 50702 85246
125169 21115 41046
41046 21115 125169
21115 41046 125169
1851 28411 125801
125801 1851 28411
28411 1851 125801
94852 50295 110682
110682 50295 94852
50295 94852 110682
48582 12447 141299
141299 12447 48582
12447 48582 141299
72966 10092 117406
117406 10092 72966
10092 72966 117406
42740 29646 116767
29646 42740 116767
116767 29646 42740
109870 75758 102344
102344 75758 109870
75758 102344 109870
6672 78943 133972
133972 6672 78943
78943 6672 133972
83372 71721 130618
130618 71721 83372
71721 83372 130618
1370 6702 129987
129987 1370 6702
6702 1370 129987
146622 65170 103140
65170 103140 146622
103140 65170 146622
50198 78050 139557
139557 50198 78050
78050 50198 139557
10801 6272 71780
71780 6272 10801
6272 10801 71780
55515 136773 140589
136773 55515 140589
140589 55515 136773
22262 33852 65372
33852 22262 65372
65372 22262 33852
62774 58138 117143
117143 58138 62774
58138 62774 117143
33536 81159 114042
81159 33536 114042
114042 33536 81159
42296 14872 110179
14872 42296 110179
110179 14872 42296
2121 68696 137096
137096 2121 68696
68696 2121 137096
96660 2893 9433
2893 9433 96660
9433 2893 96660
42275 98355 112969
98355 42275 112969
112969 42275 98355
80339 38701 66338
66338 38701 80339
38701 66338 80339
117055 29455 49229
49229 29455 117055
29455 49229 117055
120856 5112 17491
5112 17491 120856
17491 5112 120856
39580 41702 60668
60668 39580 41702
41702 39580 60668
1226 143888 147151
147151 1226 143888
143888 1226 147151
123172 68195 119208
68195 119208 123172
119208 68195 123172
107327 54115 91637
54115 91637 107327
91637 54115 107327
72343 10448 89604
89604 10448 72343
10448 72343 89604
5207 101670 123613
101670 5207 123613
123613 5207 101670
23775 18732 121440
18732 23775 121440
121440 18732 23775
95189 43454 58071
43454 58071 95189
58071 43454 95189
21747 21211 42846
42846 21211 21747
21211 21747 42846
17463 84718 93239
84718 17463 93239
93239 17463 84718
69201 18665 111980
111980 18665 69201
18665 69201 111980
103290 29045 135497
135497 29045 103290
29045 103290 135497
69916 95796 101377
95796 69916 101377
101377 69916 95796
109501 9718 58028
58028 9718 109501
9718 58028 109501
14678 31482 131796
31482 14678 131796
131796 14678 31482
35374 8401 112895
8401 35374 112895
112895 8401 35374
135419 94505 111578
94505 111578 135419
111578 94505 135419
122852 65118 135389
135389 65118 122852
65118 122852 135389
34111 67491 149923
67491 34111 149923
149923 34111 67491
88149 103250 131142
103250 88149 131142
131142 88149 103250
60770 29636 101978
101978 29636 60770
29636 60770 101978
92630 87102 121431
87102 92630 121431
121431 87102 92630
106519 21039 89481
89481 21039 106519
21039 89481 106519
58462 78555 126952
126952 58462 78555
78555 58462 126952
77684 134995 138109
138109 77684 134995
134995 77684 138109
58214 40554 69788
69788 40554 58214
40554 58214 69788
108640 75612 104871
104871 75612 108640
75612 104871 108640
44767 37175 103514
37175 44767 103514
103514 37175 44767
84588 12515 127540
12515 84588 127540
127540 12515 84588
93812 56732 107228
107228 56732 93812
56732 93812 107228
67744 112184 135832
112184 67744 135832
135832 67744 112184
46579 86889 127520
86889 46579 127520
127520 46579 86889
70209 41130 68467
68467 41130 70209
41130 68467 70209
97243 36469 86724
86724 36469 97243
36469 86724 97243
6540 27357 142976
142976 6540 27357
27357 6540 142976
59078 10791 42556
42556 10791 59078
10791 42556 59078
67546 79274 126329
79274 67546 126329
126329 67546 79274
108185 65282 127814
65282 108185 127814
127814 65282 108185
27783 66298 143645
143645 27783 66298
66298 27783 143645
84081 643 22156
643 22156 84081
22156 643 84081
11030 118554 144075
144075 11030 118554
118554 11030 144075
56270 129636 132542
129636 56270 132542
132542 56270 129636
19191 86253 142109
86253 19191 142109
142109 19191 86253
56875 104175 106539
106539 56875 104175
104175 56875 106539
141511 506 63737
506 63737 141511
63737 506 141511
95000 23786 132188
132188 23786 95000
23786 95000 132188
50664 4045 48612
48612 4045 50664
4045 48612 50664
67574 28869 55453
55453 28869 67574
28869 55453 67574
32400 52016 61370
61370 32400 52016
52016 32400 61370
129293 36080 143083
36080 129293 143083
143083 36080 129293
44157 70448 133287
70448 44157 133287
133287 44157 70448
115721 113118 148921
113118 115721 148921
148921 113118 115721
85169 3529 143419
3529 85169 143419
143419 3529 85169
138407 9152 142943
142943 9152 138407
9152 138407 142943
61267 36458 87822
36458 61267 87822
87822 36458 61267
104759 122494 131378
131378 104759 122494
122494 104759 131378
10793 577 125429
577 10793 125429
125429 577 10793
37025 24476 142729
142729 24476 37025
24476 37025 142729
19133 55746 144070
55746 19133 144070
144070 19133 55746
110543 24036 29363
29363 24036 110543
24036 29363 110543
135887 128228 145654
128228 135887 145654
145654 128228 135887
66077 30287 81047
30287 66077 81047
81047 30287 66077
85110 56410 77998
56410 77998 85110
77998 56410 85110
120481 65127 104225
104225 65127 120481
65127 104225 120481
130824 36662 67225
36662 67225 130824
67225 36662 130824
63755 127224 131645
131645 63755 127224
127224 63755 131645
93280 63543 128588
128588 63543 93280
63543 93280 128588
55197 14761 70671
70671 14761 55197
14761 55197 70671
139713 135155 135628
135155 135628 139713
135628 135155 139713
63640 24081 54030
54030 24081 63640
24081 54030 63640
96979 79941 135601
135601 79941 96979
79941 96979 135601
134813 117359 145282
145282 117359 134813
117359 134813 145282
105566 37724 72326
72326 37724 105566
37724 72326 105566
34879 110896 111032
110896 34879 111032
111032 34879 110896
141340 62540 113496
62540 113496 141340
113496 62540 141340
83727 3094 60366
3094 60366 83727
60366 3094 83727
10075 67143 132829
67143 10075 132829
132829 10075 67143
52664 67881 134213
134213 52664 67881
67881 52664 134213
114195 74707 138600
138600 74707 114195
74707 114195 138600
84279 84095 131583
131583 84095 84279
84095 84279 131583
36703 41305 125706
41305 36703 125706
125706 36703 41305
86018 13875 137874
137874 13875 86018
13875 86018 137874
106641 61953 118365
61953 106641 118365
118365 61953 106641
126969 56156 64294
56156 64294 126969
64294 56156 126969
109394 66359 78792
66359 78792 109394
78792 66359 109394
69145 81272 140950
81272 69145 140950
140950 69145 81272
48480 23299 104059
23299 48480 104059
104059 23299 48480
146911 28382 108521
108521 28382 146911
28382 108521 146911
141553 8882 24972
24972 8882 141553
8882 24972 141553
17364 15518 36028
15518 17364 36028
36028 15518 17364
56417 90768 144173
144173 56417 90768
90768 56417 144173
83242 72225 99078
72225 83242 99078
99078 72225 83242
122631 91246 144648
144648 91246 122631
91246 122631 144648
6124 12329 45551
12329 6124 45551
45551 6124 12329
20231 118303 141146
118303 20231 141146
141146 20231 118303
43498 63436 64928
63436 43498 64928
64928 43498 63436
27708 62409 149147
149147 27708 62409
62409 27708 149147
28598 56435 132345
132345 28598 56435
56435 28598 132345
64455 4067 38807
38807 4067 64455
4067 38807 64455
120920 43078 52085
43078 52085 120920
52085 43078 120920
125120 132482 143014
132482 125120 143014
143014 125120 132482
146014 75045 120597
120597 75045 146014
75045 120597 146014
132411 132473 139396
139396 132411 132473
132473 132411 139396
74727 81834 86144
81834 74727 86144
86144 74727 81834
134438 8868 48568
48568 8868 134438
8868 48568 134438
28781 74177 149985
74177 28781 149985
149985 28781 74177
113308 6241 77123
6241 77123 113308
77123 6241 113308
20439 38459 134428
134428 20439 38459
38459 20439 134428
107638 82071 90828
82071 90828 107638
90828 82071 107638
78796 29136 121156
121156 29136 78796
29136 78796 121156
117210 65206 87404
87404 65206 117210
65206 87404 117210
31120 5444 100236
5444 31120 100236
100236 5444 31120
84271 19958 65241
65241 19958 84271
19958 65241 84271
66215 106884 148337
106884 66215 148337
148337 66215 106884
49754 13058 102459
102459 13058 49754
13058 49754 102459
67015 27252 96174
27252 67015 96174
96174 27252 67015
92204 78645 104773
78645 92204 104773
104773 78645 92204
131141 125218 148966
148966 125218 131141
125218 131141 148966
114764 79675 131434
131434 79675 114764
79675 114764 131434
59111 85087 86529
85087 59111 86529
86529 59111 85087
80299 4854 25731
25731 4854 80299
4854 25731 80299
108023 71 87171
87171 71 108023
71 87171 108023
39453 112916 131653
131653 39453 112916
112916 39453 131653
47342 43512 53812
53812 43512 47342
43512 47342 53812
13937 67689 77276
67689 13937 77276
77276 13937 67689
1691 55031 87243
87243 1691 55031
55031 1691 87243
86830 46132 109814
46132 86830 109814
109814 46132 86830
3409 62922 132605
62922 3409 132605
132605 3409 62922
63774 2528 59547
59547 2528 63774
2528 59547 63774
144844 34177 95311
95311 34177 144844
34177 95311 144844
104134 32046 101761
101761 32046 104134
32046 101761 104134
137386 27000 95518
27000 95518 137386
95518 27000 137386
126759 22423 74749
22423 74749 126759
74749 22423 126759
66603 53637 124239
124239 53637 66603
53637 66603 124239
122706 109518 124083
124083 109518 122706
109518 122706 124083
124018 82403 105516
105516 82403 124018
82403 105516 124018
27258 119451 142386
119451 27258 142386
142386 27258 119451
69619 610 84903
610 69619 84903
84903 610 69619
147325 29909 44384
29909 44384 147325
44384 29909 147325
139739 1832 126687
126687 1832 139739
1832 126687 139739
51040 111985 134096
111985 51040 134096
134096 51040 111985
60082 29167 55768
55768 29167 60082
29167 55768 60082
108430 14943 47548
14943 47548 108430
47548 14943 108430
138394 66182 136557
66182 136557 138394
136557 66182 138394
59491 116651 143152
143152 59491 116651
116651 59491 143152
21160 74872 124063
74872 21160 124063
124063 21160 74872
69143 73850 86353
86353 69143 73850
73850 69143 86353
135604 58819 143353
58819 135604 143353
143353 58819 135604
42064 43130 49147
43130 42064 49147
49147 42064 43130
57093 18028 62623
62623 18028 57093
18028 57093 62623
91581 93923 133816
133816 91581 93923
93923 91581 133816
131920 131373 137316
137316 131373 131920
131373 131920 137316
40917 35684 90140
90140 35684 40917
35684 40917 90140
51271 7950 129429
129429 7950 51271
7950 51271 129429
133953 50706 54470
54470 50706 133953
50706 54470 133953
28814 1252 14762
1252 14762 28814
14762 1252 28814
30933 97185 140631
140631 30933 97185
97185 30933 140631
130153 951 56503
56503 951 130153
951 56503 130153
68062 1844 132283
132283 1844 68062
1844 68062 132283
69551 68268 147840
147840 68268 69551
68268 69551 147840
48575 54105 138388
54105 48575 138388
138388 48575 54105
116207 75691 104927
104927 75691 116207
75691 104927 116207
86782 31493 111451
111451 31493 86782
31493 86782 111451
75293 17453 74824
17453 74824 75293
74824 17453 75293
144152 74357 127464
127464 74357 144152
74357 127464 144152
59150 13733 20122
13733 20122 59150
20122 13733 59150
5083 8238 63382
8238 5083 63382
63382 5083 8238
84942 8891 91259
8891 84942 91259
91259 8891 84942
90703 45848 134639
45848 90703 134639
134639 45848 90703
100030 12980 25105
12980 25105 100030
25105 12980 100030
104353 61588 65434
65434 61588 104353
61588 65434 104353
146652 123518 130769
130769 123518 146652
123518 130769 146652
126656 11999 62983
62983 11999 126656
11999 62983 126656
89573 83117 125409
125409 83117 89573
83117 89573 125409
149819 37269 62779
37269 62779 149819
62779 37269 149819
53426 93531 137448
93531 53426 137448
137448 53426 93531
72191 62431 65987
65987 62431 72191
62431 65987 72191
75549 48813 106013
106013 48813 75549
48813 75549 106013
147457 70873 140683
70873 140683 147457
140683 70873 147457
85897 104692 143654
143654 85897 104692
104692 85897 143654
9447 825 34029
825 9447 34029
34029 825 9447
39235 115229 140696
115229 39235 140696
140696 39235 115229
9572 54630 108644
108644 9572 54630
54630 9572 108644
75991 30835 64377
30835 64377 75991
64377 30835 75991
95719 1743 7114
7114 1743 95719
1743 7114 95719
112644 58749 116349
116349 58749 112644
58749 112644 116349
113860 79521 139645
139645 79521 113860
79521 113860 139645
124934 1809 40901
40901 1809 124934
1809 40901 124934
30099 1485 85952
1485 30099 85952
85952 1485 30099
103333 11122 85380
11122 85380 103333
85380 11122 103333
71948 3310 21078
3310 21078 71948
21078 3310 71948
98715 88231 93044
93044 88231 98715
88231 93044 98715
41744 65985 79323
79323 41744 65985
65985 41744 79323
103238 101860 148537
148537 101860 103238
101860 103238 148537
126498 26783 77216
77216 26783 126498
26783 77216 126498
8661 48507 105697
48507 8661 105697
105697 8661 48507
121646 8627 10654
10654 8627 121646
8627 10654 121646
81263 29226 76641
76641 29226 81263
29226 76641 81263
88877 48312 60911
48312 60911 88877
60911 48312 88877
94547 29513 68174
68174 29513 94547
29513 68174 94547
66543 38497 49146
49146 38497 66543
38497 49146 66543
33094 64463 71699
64463 33094 71699
71699 33094 64463
73999 52650 89977
52650 73999 89977
89977 52650 73999
126508 21931 118457
118457 21931 126508
21931 118457 126508
46074 14661 133630
133630 14661 46074
14661 46074 133630
62640 2511 73264
2511 62640 73264
73264 2511 62640
51059 39484 109918
39484 51059 109918
109918 39484 51059
23426 46150 95478
46150 23426 95478
95478 23426 46150
28671 68477 123513
123513 28671 68477
68477 28671 123513
145920 73889 137551
137551 73889 145920
73889 137551 145920
31865 47905 107938
47905 31865 107938
107938 31865 47905
131881 47048 55681
47048 55681 131881
55681 47048 131881
88047 64564 109225
109225 64564 88047
64564 88047 109225
52249 2108 68026
68026 2108 52249
2108 52249 68026
56052 21791 84100
21791 56052 84100
84100 21791 56052
18585 3863 143683
143683 3863 18585
3863 18585 143683
77471 23014 131674
131674 23014 77471
23014 77471 131674
113500 93372 147279
147279 93372 113500
93372 113500 147279
92042 66973 129185
66973 92042 129185
129185 66973 92042
16290 9752 13831
13831 9752 16290
9752 13831 16290
23839 20031 143583
20031 23839 143583
143583 20031 23839
37362 42406 64332
64332 37362 42406
42406 37362 64332
118025 94300 112873
112873 94300 118025
94300 112873 118025
66478 27105 88771
27105 66478 88771
88771 27105 66478
113981 2775 20313
20313 2775 113981
2775 20313 113981
53028 75655 93330
75655 53028 93330
93330 53028 75655
21435 24368 95720
24368 21435 95720
95720 21435 24368
5546 14404 102185
14404 5546 102185
102185 5546 14404
47822 102644 145260
102644 47822 145260
145260 47822 102644
18532 12841 87546
12841 18532 87546
87546 12841 18532
62750 90094 119471
119471 62750 90094
90094 62750 119471
7772 111403 129305
129305 7772 111403
111403 7772 129305
121714 122448 146109
122448 121714 146109
146109 121714 122448
13914 15931 68528
68528 13914 15931
15931 13914 68528
32662 75556 79793
79793 32662 75556
75556 32662 79793
10081 58225 88281
88281 10081 58225
58225 10081 88281
97448 43630 131541
43630 97448 131541
131541 43630 97448
80236 34808 127711
127711 34808 80236
34808 80236 127711
124982 118250 136462
136462 118250 124982
118250 124982 136462
37738 5068 17513
5068 17513 37738
17513 5068 37738
84224 43892 139573
43892 84224 139573
139573 43892 84224
144960 78303 115641
78303 115641 144960
115641 78303 144960
131588 18175 30657
18175 30657 131588
30657 18175 131588
139262 29946 106132
106132 29946 139262
29946 106132 139262
8731 72769 133772
72769 8731 133772
133772 8731 72769
86555 75267 145548
145548 75267 86555
75267 86555 145548
16242 53818 133012
53818 16242 133012
133012 16242 53818
88945 65414 146710
146710 65414 88945
65414 88945 146710
24405 17896 52638
17896 24405 52638
52638 17896 24405
39126 83086 125678
83086 39126 125678
125678 39126 83086
142772 95636 106073
106073 95636 142772
95636 106073 142772
32222 67117 92886
67117 32222 92886
92886 32222 67117
23656 115690 145307
145307 23656 115690
115690 23656 145307
84795 10597 20541
20541 10597 84795
10597 20541 84795
139774 1479 119158
1479 119158 139774
119158 1479 139774
114234 37033 87042
37033 87042 114234
87042 37033 114234
124718 16013 31370
16013 31370 124718
31370 16013 124718
62588 551 44764
44764 551 62588
551 44764 62588
119769 40507 77651
77651 40507 119769
40507 77651 119769
100683 105092 107423
107423 100683 105092
105092 100683 107423
146164 41954 127847
41954 127847 146164
127847 41954 146164
93755 91724 111121
91724 93755 111121
111121 91724 93755
33372 28436 77101
77101 28436 33372
28436 33372 77101
96286 1093 31494
31494 1093 96286
1093 31494 96286
111385 85776 142514
85776 111385 142514
142514 85776 111385
6353 17982 113244
17982 6353 113244
113244 6353 17982
53739 330 138837
330 53739 138837
138837 330 53739
36411 35042 124201
124201 35042 36411
35042 36411 124201
81738 56330 89589
89589 56330 81738
56330 81738 89589
30201 6379 127691
6379 30201 127691
127691 6379 30201
93275 121698 134549
121698 93275 134549
134549 93275 121698
130143 25246 133742
133742 25246 130143
25246 130143 133742
7179 64722 87333
87333 7179 64722
64722 7179 87333
131746 63043 98705
63043 98705 131746
98705 63043 131746
126721 112846 114885
112846 114885 126721
114885 112846 126721
1786 129681 134807
134807 1786 129681
129681 1786 134807
139611 24674 121162
24674 121162 139611
121162 24674 139611
72167 2646 66247
2646 66247 72167
66247 2646 72167
68952 51968 137500
137500 51968 68952
51968 68952 137500
3806 84783 95422
95422 3806 84783
84783 3806 95422
36883 34875 67305
67305 34875 36883
34875 36883 67305
32320 97592 131990
131990 32320 97592
97592 32320 131990
57010 17903 21852
17903 21852 57010
21852 17903 57010
46224 9928 54943
54943 9928 46224
9928 46224 54943
53681 32446 73615
32446 53681 73615
73615 32446 53681
112268 76686 77150
77150 76686 112268
76686 77150 112268
142225 37808 76270
76270 37808 142225
37808 76270 142225
124777 674 54709
674 54709 124777
54709 674 124777
94899 2766 31572
31572 2766 94899
2766 31572 94899
120003 15913 95947
15913 95947 120003
95947 15913 120003
135623 89948 107714
89948 107714 135623
107714 89948 135623
52632 67530 139032
67530 52632 139032
139032 52632 67530
24945 2231 8065
2231 8065 24945
8065 2231 24945
109840 21686 106379
106379 21686 109840
21686 106379 109840
9673 3958 139013
3958 9673 139013
139013 3958 9673
79075 47430 60755
60755 47430 79075
47430 60755 79075
77905 55622 71218
55622 71218 77905
71218 55622 77905
80081 12703 53015
53015 12703 80081
12703 53015 80081
28217 10778 132588
10778 28217 132588
132588 10778 28217
33588 112297 144914
144914 33588 112297
112297 33588 144914
41603 82287 114963
82287 41603 114963
114963 41603 82287
107671 23620 99445
99445 23620 107671
23620 99445 107671
81708 30216 144808
30216 81708 144808
144808 30216 81708
11555 53942 137224
53942 11555 137224
137224 11555 53942
112669 31738 64206
31738 64206 112669
64206 31738 112669
128653 1735 63196
1735 63196 128653
63196 1735 128653
59751 4447 11202
11202 4447 59751
4447 11202 59751
43161 80722 124042
124042 43161 80722
80722 43161 124042
30176 11707 117444
11707 30176 117444
117444 11707 30176
16269 28369 120814
28369 16269 120814
120814 16269 28369
71692 112571 130733
130733 71692 112571
112571 71692 130733
26910 50044 61042
50044 26910 61042
61042 26910 50044
31011 16441 129257
16441 31011 129257
129257 16441 31011
108015 59492 117353
117353 59492 108015
59492 108015 117353
36303 97391 113629
97391 36303 113629
113629 36303 97391
9658 26822 45775
26822 9658 45775
45775 9658 26822
73833 16425 64040
64040 16425 73833
16425 64040 73833
125185 134231 139811
134231 125185 139811
139811 125185 134231
50014 69540 106883
69540 50014 106883
106883 50014 69540
119627 108343 144963
144963 108343 119627
108343 119627 144963
57827 51751 143969
143969 51751 57827
51751 57827 143969
98768 69498 77102
77102 69498 98768
69498 77102 98768
66589 36760 63794
63794 36760 66589
36760 63794 66589
90798 26439 104224
104224 26439 90798
26439 90798 104224
142418 132064 138771
132064 138771 142418
138771 132064 142418
101776 23926 110023
23926 101776 110023
110023 23926 101776
59836 12868 39780
39780 12868 59836
12868 39780 59836
