874 560 1120
1120 560 874
560 874 1120
422 365 1409
1409 365 422
365 422 1409
937 663 1391
663 937 1391
1391 663 937
472 812 1371
1371 472 812
812 472 1371
39 790 938
790 39 938
938 39 790
1097 981 1468
981 1097 1468
1468 981 1097
1449 251 1497
1497 251 1449
251 1449 1497
645 679 1411
679 645 1411
1411 645 679
22 696 823
823 22 696
696 22 823
753 647 1340
1340 647 753
647 753 1340
612 673 1246
1246 612 673
673 612 1246
1071 163 248
248 163 1071
163 248 1071
830 765 1482
765 830 1482
1482 765 830
93 188 970
188 93 970
970 93 188
1121 380 475
475 380 1121
380 475 1121
1429 369 506
369 506 1429
506 369 1429
206 1032 1326
1326 206 1032
1032 206 1326
41 1105 1382
1382 41 1105
1105 41 1382
32 375 1312
375 32 1312
1312 32 375
745 359 408
359 408 745
408 359 745
240 1056 1111
1111 240 1056
1056 240 1111
711 827 1106
827 711 1106
1106 711 827
1065 166 238
166 238 1065
238 166 1065
936 695 856
856 695 936
695 856 936
1217 117 872
117 872 1217
872 117 1217
1070 250 997
250 997 1070
997 250 1070
783 850 1040
850 783 1040
1040 783 850
546 47 60
47 60 546
60 47 546
1373 594 1087
1087 594 1373
594 1087 1373
1275 498 792
498 792 1275
792 498 1275
342 452 1274
452 342 1274
1274 342 452
241 50 149
149 50 241
50 149 241
447 1109 1490
1490 447 1109
1109 447 1490
363 902 1101
1101 363 902
902 363 1101
1338 619 896
896 619 1338
619 896 1338
742 377 789
789 377 742
377 742 789
344 185 703
185 344 703
703 185 344
13 522 1191
1191 13 522
522 13 1191
1122 76 1451
76 1122 1451
1451 76 1122
1355 124 1495
1495 124 1355
124 1355 1495
114 567 581
581 114 567
567 114 581
1270 28 991
991 28 1270
28 991 1270
1400 178 1479
178 1400 1479
1479 178 1400
1026 42 669
669 42 1026
42 669 1026
1153 919 1206
919 1153 1206
1206 919 1153
1314 760 972
972 760 1314
760 972 1314
952 758 1236
1236 758 952
758 952 1236
650 113 236
236 113 650
113 236 650
128 1043 1302
1302 128 1043
1043 128 1302
893 283 1485
1485 283 893
283 893 1485
774 45 1290
1290 45 774
45 774 1290
1377 886 1487
1487 886 1377
886 1377 1487
79 1210 1211
1210 79 1211
1211 79 1210
302 59 1144
1144 59 302
59 302 1144
746 55 1094
55 746 1094
1094 55 746
1138 528 1484
528 1138 1484
1484 528 1138
847 138 505
138 505 847
505 138 847
1469 381 1442
381 1442 1469
1442 381 1469
19 244 1114
1114 19 244
244 19 1114
870 1242 1498
1498 870 1242
1242 870 1498
103 53 1283
1283 53 103
53 103 1283
273 1216 1255
1216 273 1255
1255 273 1216
123 987 1159
987 123 1159
1159 123 987
978 637 878
878 637 978
637 878 978
102 393 910
910 102 393
393 102 910
1309 24 90
24 90 1309
90 24 1309
1038 698 1369
1369 698 1038
698 1038 1369
946 174 1448
1448 174 946
174 946 1448
1460 926 1304
1304 926 1460
926 1304 1460
744 521 1408
1408 521 744
521 744 1408
1020 74 350
350 74 1020
74 350 1020
324 249 1292
249 324 1292
1292 249 324
1149 146 951
951 146 1149
146 951 1149
459 499 859
499 459 859
859 459 499
1126 1051 1187
1187 1051 1126
1051 1126 1187
1387 605 1363
1363 605 1387
605 1363 1387
544 700 1073
1073 544 700
700 544 1073
777 214 1227
1227 214 777
214 777 1227
841 599 646
646 599 841
599 646 841
434 481 909
481 434 909
909 434 481
175 204 538
538 175 204
204 175 538
69 1266 1332
1332 69 1266
1266 69 1332
844 425 776
776 425 844
425 776 844
217 976 1221
1221 217 976
976 217 1221
1357 326 1381
1381 326 1357
326 1357 1381
597 569 1177
1177 569 597
569 597 1177
1245 454 1405
1405 454 1245
454 1245 1405
971 898 1269
1269 898 971
898 971 1269
737 252 494
252 494 737
494 252 737
320 108 495
108 320 495
495 108 320
347 466 1243
1243 347 466
466 347 1243
427 274 915
274 427 915
915 274 427
980 398 983
398 980 983
983 398 980
1166 497 618
497 618 1166
618 497 1166
959 4 977
4 959 977
977 4 959
725 157 866
866 157 725
157 725 866
1436 226 855
855 226 1436
226 855 1436
224 232 524
524 224 232
232 224 524
339 508 935
935 339 508
508 339 935
1178 445 903
903 445 1178
445 903 1178
821 311 1287
311 821 1287
1287 311 821
720 455 965
965 455 720
455 720 965
750 255 667
667 255 750
255 667 750
979 1017 1372
1372 979 1017
1017 979 1372
279 142 1294
142 279 1294
1294 142 279
1067 1134 1299
1299 1067 1134
1134 1067 1299
277 805 815
815 277 805
805 277 815
839 73 534
534 73 839
73 534 839
1443 831 1464
831 1443 1464
1464 831 1443
228 94 1379
1379 94 228
94 228 1379
1428 565 766
766 565 1428
565 766 1428
1321 323 1168
1168 323 1321
323 1168 1321
925 542 1383
1383 542 925
542 925 1383
918 601 1265
601 918 1265
1265 601 918
614 604 999
999 604 614
604 614 999
409 225 1037
225 409 1037
1037 225 409
554 846 1131
846 554 1131
1131 554 846
752 835 1014
1014 752 835
835 752 1014
296 247 417
417 247 296
247 296 417
378 360 756
756 360 378
360 378 756
682 457 1272
1272 457 682
457 682 1272
287 66 1239
66 287 1239
1239 66 287
732 1164 1284
1164 732 1284
1284 732 1164
639 584 825
584 639 825
825 584 639
1066 383 617
617 383 1066
383 617 1066
264 610 1390
610 264 1390
1390 264 610
231 245 269
269 231 245
245 231 269
609 956 990
956 609 990
990 609 956
1199 298 1058
1058 298 1199
298 1058 1199
1115 209 791
209 791 1115
791 209 1115
173 735 907
735 173 907
907 173 735
143 362 523
362 143 523
523 143 362
660 169 211
211 169 660
169 211 660
1054 566 1278
1278 566 1054
566 1054 1278
1240 270 564
564 270 1240
270 564 1240
1279 479 550
550 479 1279
479 550 1279
654 803 905
803 654 905
905 654 803
1500 91 530
530 91 1500
91 530 1500
1432 338 436
436 338 1432
338 436 1432
655 676 677
677 655 676
676 655 677
1489 135 213
135 213 1489
213 135 1489
1401 743 1277
743 1277 1401
1277 743 1401
602 458 642
642 458 602
458 602 642
1341 107 416
107 416 1341
416 107 1341
1068 415 1455
415 1068 1455
1455 415 1068
237 322 1102
1102 237 322
322 237 1102
354 272 674
674 272 354
272 354 674
1465 779 1386
779 1386 1465
1386 779 1465
1289 46 705
46 705 1289
705 46 1289
418 1205 1267
1205 418 1267
1267 418 1205
908 84 1142
1142 84 908
84 908 1142
1456 37 587
587 37 1456
37 587 1456
1273 571 692
692 571 1273
571 692 1273
496 894 1182
894 496 1182
1182 496 894
1050 133 216
216 133 1050
133 216 1050
64 139 1415
1415 64 139
139 64 1415
1150 996 1229
996 1150 1229
1229 996 1150
810 727 1016
727 810 1016
1016 727 810
1352 56 519
519 56 1352
56 519 1352
864 493 773
773 493 864
493 773 864
721 1276 1478
1478 721 1276
1276 721 1478
327 333 464
333 327 464
464 327 333
880 403 775
403 775 880
775 403 880
1233 912 1042
1042 912 1233
912 1042 1233
387 552 659
552 387 659
659 387 552
933 141 781
781 141 933
141 781 933
491 156 1125
156 491 1125
1125 156 491
1473 280 1431
280 1431 1473
1431 280 1473
306 356 563
563 306 356
356 306 563
634 595 1201
595 634 1201
1201 595 634
30 65 504
504 30 65
65 30 504
490 704 1418
704 490 1418
1418 490 704
27 132 275
132 27 275
275 27 132
1271 678 1008
678 1008 1271
1008 678 1271
243 121 1091
121 243 1091
1091 121 243
456 307 733
307 456 733
733 307 456
1264 1190 1334
1190 1264 1334
1334 1190 1264
317 89 1402
89 317 1402
1402 89 317
1145 155 588
155 588 1145
588 155 1145
2 202 489
489 2 202
202 2 489
631 130 574
130 574 631
574 130 631
687 955 1208
955 687 1208
1208 687 955
1130 293 1079
1079 293 1130
293 1079 1130
305 186 488
186 305 488
488 186 305
717 88 1104
1104 88 717
88 717 1104
1281 223 286
286 223 1281
223 286 1281
657 562 1262
1262 562 657
562 657 1262
95 741 1119
741 95 1119
1119 95 741
1029 71 467
71 467 1029
467 71 1029
352 1176 1425
1176 352 1425
1425 352 1176
710 1000 1384
1000 710 1384
1384 710 1000
1433 1 196
1 196 1433
196 1 1433
193 649 1395
649 193 1395
1395 193 649
373 33 643
33 373 643
643 33 373
1195 218 525
525 218 1195
218 525 1195
289 1194 1207
1207 289 1194
1194 289 1207
899 25 1136
1136 25 899
25 899 1136
901 259 1184
259 901 1184
1184 259 901
757 453 1100
453 757 1100
1100 453 757
364 500 1141
500 364 1141
1141 364 500
1232 382 713
713 382 1232
382 713 1232
849 932 1064
932 849 1064
1064 849 932
1298 664 1215
1215 664 1298
664 1215 1298
14 51 797
797 14 51
51 14 797
391 953 1213
953 391 1213
1213 391 953
1019 100 353
353 100 1019
100 353 1019
1263 397 1414
397 1263 1414
1414 397 1263
1061 658 1220
658 1061 1220
1220 658 1061
708 681 799
799 681 708
681 708 799
1036 82 738
738 82 1036
82 738 1036
570 1124 1171
1171 570 1124
1124 570 1171
852 974 1483
1483 852 974
974 852 1483
1132 573 1003
573 1003 1132
1003 573 1132
928 11 29
11 29 928
29 11 928
1305 164 1472
1472 164 1305
164 1305 1472
134 438 993
993 134 438
438 134 993
31 70 1496
70 31 1496
1496 31 70
262 621 1010
1010 262 621
621 262 1010
390 439 1471
1471 390 439
439 390 1471
739 960 1297
960 739 1297
1297 739 960
860 426 939
939 426 860
426 860 939
969 395 863
395 863 969
863 395 969
988 1252 1407
1407 988 1252
1252 988 1407
254 661 1165
661 254 1165
1165 254 661
484 555 973
973 484 555
555 484 973
1280 1175 1291
1175 1280 1291
1291 1175 1280
819 443 1257
1257 443 819
443 819 1257
626 423 539
539 423 626
423 539 626
1295 702 1385
1385 702 1295
702 1295 1385
1470 256 473
256 473 1470
473 256 1470
343 144 191
144 191 343
191 144 343
1417 1380 1445
1445 1380 1417
1380 1417 1445
772 116 290
116 290 772
290 116 772
1075 78 755
755 78 1075
78 755 1075
1162 545 1015
545 1015 1162
1015 545 1162
1225 699 1004
1004 699 1225
699 1004 1225
1112 271 1230
271 1112 1230
1230 271 1112
1012 533 1323
1323 533 1012
533 1012 1323
430 366 786
366 430 786
786 366 430
246 81 442
442 81 246
81 246 442
411 606 1306
1306 411 606
606 411 1306
923 23 916
916 23 923
23 916 923
715 122 730
122 715 730
730 122 715
1161 153 420
420 153 1161
153 420 1161
691 914 1219
914 691 1219
1219 691 914
620 802 948
802 620 948
948 620 802
10 345 895
895 10 345
345 10 895
1330 662 1319
662 1319 1330
1319 662 1330
68 1404 1477
1477 68 1404
1404 68 1477
1180 385 675
675 385 1180
385 675 1180
1488 220 547
220 547 1488
547 220 1488
265 285 431
285 265 431
431 265 285
291 162 414
414 162 291
162 291 414
281 589 1237
1237 281 589
589 281 1237
853 838 891
838 853 891
891 838 853
808 837 1160
1160 808 837
837 808 1160
1310 294 1403
1403 294 1310
294 1310 1403
942 444 1296
1296 444 942
444 942 1296
1174 474 1458
474 1174 1458
1458 474 1174
463 851 875
875 463 851
851 463 875
242 482 1492
482 242 1492
1492 242 482
854 724 1389
1389 724 854
724 854 1389
229 670 1151
670 229 1151
1151 229 670
1427 1167 1466
1466 1167 1427
1167 1427 1466
468 1113 1346
1346 468 1113
1113 468 1346
316 235 1085
1085 235 316
235 316 1085
558 258 304
304 258 558
258 304 558
1450 401 1325
1325 401 1450
401 1325 1450
1013 99 768
768 99 1013
99 768 1013
1076 407 1361
407 1076 1361
1361 407 1076
1218 18 1420
1420 18 1218
18 1218 1420
372 814 834
814 372 834
834 372 814
348 207 958
958 207 348
207 348 958
62 195 1027
1027 62 195
195 62 1027
885 636 861
636 861 885
861 636 885
512 723 1345
1345 512 723
723 512 1345
129 629 1452
1452 129 629
629 129 1452
572 120 167
167 120 572
120 167 572
35 429 608
608 35 429
429 35 608
1212 826 1459
1459 826 1212
826 1212 1459
171 127 1331
127 171 1331
1331 127 171
924 446 1053
446 924 1053
1053 446 924
1172 303 865
303 865 1172
865 303 1172
476 592 1007
1007 476 592
592 476 1007
1462 421 829
421 829 1462
829 421 1462
1416 63 920
63 920 1416
920 63 1416
1039 934 1044
1044 934 1039
934 1039 1044
1209 222 583
222 583 1209
583 222 1209
784 561 630
630 561 784
561 630 784
941 462 1077
462 941 1077
1077 462 941
15 331 1018
1018 15 331
331 15 1018
818 312 842
842 312 818
312 818 842
5 203 949
203 5 949
949 5 203
432 200 998
200 432 998
998 200 432
922 374 1202
374 922 1202
1202 374 922
419 104 1282
104 419 1282
1282 104 419
21 543 549
549 21 543
543 21 549
1394 389 1127
389 1127 1394
1127 389 1394
80 788 954
788 80 954
954 80 788
858 189 644
644 189 858
189 644 858
749 357 623
357 623 749
623 357 749
541 957 1378
957 541 1378
1378 541 957
1083 288 1185
288 1083 1185
1185 288 1083
1118 43 787
43 787 1118
787 43 1118
625 370 1410
1410 370 625
370 625 1410
873 638 1324
1324 638 873
638 873 1324
1360 596 800
800 596 1360
596 800 1360
944 820 1300
820 944 1300
1300 820 944
6 685 1251
1251 6 685
685 6 1251
1250 690 1461
690 1250 1461
1461 690 1250
177 1173 1476
1476 177 1173
1173 177 1476
719 310 358
310 358 719
358 310 719
300 615 1148
615 300 1148
1148 300 615
1197 1031 1320
1320 1031 1197
1031 1197 1320
986 811 1474
1474 811 986
811 986 1474
1440 780 1179
780 1179 1440
1179 780 1440
897 161 1308
161 897 1308
1308 161 897
1293 580 1238
1238 580 1293
580 1238 1293
1493 192 1419
1419 192 1493
192 1419 1493
1444 187 341
341 187 1444
187 341 1444
1063 1152 1181
1152 1063 1181
1181 1063 1152
260 840 877
840 260 877
877 260 840
1231 147 668
668 147 1231
147 668 1231
399 1035 1413
1035 399 1413
1413 399 1035
125 706 754
754 125 706
706 125 754
1424 336 736
336 736 1424
736 336 1424
351 150 593
150 351 593
593 150 351
413 1318 1329
1329 413 1318
1318 413 1329
1491 794 868
794 868 1491
868 794 1491
1156 38 165
38 165 1156
165 38 1156
170 1096 1188
1096 170 1188
1188 170 1096
1350 611 882
882 611 1350
611 882 1350
437 159 1261
159 437 1261
1261 159 437
1052 318 688
318 688 1052
688 318 1052
17 284 1353
1353 17 284
284 17 1353
652 879 1423
879 652 1423
1423 652 879
734 871 1047
871 734 1047
1047 734 871
1253 424 1060
424 1060 1253
1060 424 1253
557 210 529
210 529 557
529 210 557
201 321 1137
321 201 1137
1137 201 321
1002 770 931
931 770 1002
770 931 1002
714 40 435
435 40 714
40 435 714
261 183 278
183 261 278
278 183 261
1434 582 641
582 641 1434
641 582 1434
257 379 917
917 257 379
379 257 917
136 181 1311
181 136 1311
1311 136 181
96 126 709
709 96 126
126 96 709
428 276 1249
276 428 1249
1249 276 428
635 598 1398
1398 598 635
598 635 1398
927 340 1343
340 927 1343
1343 340 927
1093 1021 1198
1021 1093 1198
1198 1021 1093
1258 34 771
771 34 1258
34 771 1258
1074 268 531
268 531 1074
531 268 1074
1092 728 881
881 728 1092
728 881 1092
1143 890 1110
890 1110 1143
1110 890 1143
575 49 1481
49 575 1481
1481 49 575
804 1351 1354
1354 804 1351
1351 804 1354
517 299 1024
299 517 1024
1024 299 517
613 315 767
315 613 767
767 315 613
1421 441 470
470 441 1421
441 470 1421
1072 111 233
111 233 1072
233 111 1072
514 478 889
478 514 889
889 478 514
1475 412 1412
1412 412 1475
412 1412 1475
1055 433 887
433 887 1055
887 433 1055
295 603 1364
1364 295 603
603 295 1364
1499 148 1256
148 1256 1499
1256 148 1499
160 48 509
509 48 160
48 160 509
985 158 1200
158 985 1200
1200 158 985
764 26 751
751 26 764
26 751 764
205 77 1193
77 205 1193
1193 77 205
112 553 1494
1494 112 553
553 112 1494
785 911 1157
911 785 1157
1157 785 911
349 1030 1095
1095 349 1030
1030 349 1095
1133 576 1135
576 1133 1135
1135 576 1133
1088 1241 1370
1370 1088 1241
1241 1088 1370
410 995 1359
1359 410 995
995 410 1359
58 109 510
109 58 510
510 58 109
1163 402 406
402 406 1163
406 402 1163
110 828 1006
828 110 1006
1006 110 828
833 152 239
239 152 833
152 239 833
578 1463 1480
1463 578 1480
1480 578 1463
762 798 1358
1358 762 798
798 762 1358
12 1247 1259
1259 12 1247
1247 12 1259
1446 556 982
556 982 1446
982 556 1446
1453 1183 1374
1374 1183 1453
1183 1374 1453
1034 511 1046
1046 511 1034
511 1034 1046
975 263 836
263 836 975
836 263 975
807 131 1140
1140 131 807
131 807 1140
221 61 1342
1342 61 221
61 221 1342
1486 551 672
551 672 1486
672 551 1486
526 548 591
548 526 591
591 526 548
961 477 486
477 486 961
486 477 961
1337 740 748
748 740 1337
740 748 1337
487 527 1103
527 487 1103
1103 487 527
137 376 824
824 137 376
376 137 824
559 518 1349
518 559 1349
1349 518 559
151 106 994
106 151 994
994 106 151
86 1347 1365
1347 86 1365
1365 86 1347
1033 451 460
460 451 1033
451 460 1033
848 119 492
119 492 848
492 119 848
701 386 947
947 386 701
386 701 947
54 579 816
579 54 816
816 54 579
513 92 684
684 92 513
92 513 684
309 892 1086
892 309 1086
1086 309 892
1426 904 1128
1128 904 1426
904 1128 1426
515 355 1435
355 515 1435
1435 355 515
782 759 1186
1186 759 782
759 782 1186
1333 633 817
633 817 1333
817 633 1333
1123 726 1235
1235 726 1123
726 1123 1235
843 1078 1315
1078 843 1315
1315 843 1078
461 616 1084
1084 461 616
616 461 1084
503 845 940
845 503 940
940 503 845
1392 763 1441
763 1392 1441
1441 763 1392
627 906 1069
1069 627 906
906 627 1069
1467 568 651
651 568 1467
568 651 1467
876 857 1090
857 876 1090
1090 857 876
1336 1248 1457
1248 1336 1457
1457 1248 1336
577 485 622
485 577 622
622 485 577
1023 234 1430
234 1023 1430
1430 234 1023
600 314 1367
1367 314 600
314 600 1367
404 929 1080
929 404 1080
1080 404 929
1260 87 992
87 992 1260
992 87 1260
1005 388 793
793 388 1005
388 793 1005
405 535 809
809 405 535
535 405 809
884 1139 1214
1214 884 1139
1139 884 1214
1048 190 586
190 586 1048
586 190 1048
471 1041 1082
1082 471 1041
1041 471 1082
230 832 1011
832 230 1011
1011 230 832
1376 319 665
319 665 1376
665 319 1376
653 632 1146
1146 632 653
632 653 1146
671 648 822
648 671 822
822 648 671
921 867 1057
867 921 1057
1057 867 921
945 384 1028
1028 384 945
384 945 1028
1303 154 1439
154 1303 1439
1439 154 1303
1244 282 1222
1222 282 1244
282 1222 1244
1203 20 1204
1204 20 1203
20 1203 1204
1286 483 1155
483 1155 1286
1155 483 1286
198 75 747
747 75 198
75 198 747
1062 140 1045
1045 140 1062
140 1045 1062
313 97 1339
1339 97 313
97 313 1339
325 267 392
392 267 325
267 325 392
1099 297 640
640 297 1099
297 640 1099
697 105 1362
105 697 1362
1362 105 697
722 507 1169
1169 507 722
507 722 1169
1317 769 1158
769 1158 1317
1158 769 1317
208 227 801
801 208 227
227 208 801
400 718 1228
718 400 1228
1228 400 718
115 516 520
516 115 520
520 115 516
796 394 1129
394 796 1129
1129 394 796
930 540 1344
540 930 1344
1344 540 930
537 967 1170
1170 537 967
967 537 1170
813 806 1059
806 813 1059
1059 806 813
3 197 585
197 3 585
585 3 197
329 1285 1399
1399 329 1285
1285 329 1399
1335 194 900
194 900 1335
900 194 1335
396 1223 1268
1223 396 1268
1268 396 1223
1154 440 966
966 440 1154
440 966 1154
707 367 778
367 707 778
778 367 707
7 1226 1348
1226 7 1348
1348 7 1226
968 330 1147
330 968 1147
1147 330 968
964 716 1234
716 964 1234
1234 716 964
913 536 1049
536 913 1049
1049 536 913
694 328 943
328 694 943
943 328 694
1422 1025 1388
1388 1025 1422
1025 1388 1422
883 1327 1368
1368 883 1327
1327 883 1368
172 368 1254
368 172 1254
1254 172 368
253 795 1288
795 253 1288
1288 253 795
182 1009 1397
1397 182 1009
1009 182 1397
85 1322 1437
1322 85 1437
1437 85 1322
683 118 1328
118 683 1328
1328 118 683
869 989 1081
1081 869 989
989 869 1081
469 332 950
950 332 469
332 469 950
371 346 1022
346 371 1022
1022 346 371
450 686 1116
686 450 1116
1116 450 686
502 199 465
199 465 502
465 199 502
52 16 680
16 52 680
680 16 52
219 361 693
693 219 361
361 219 693
731 335 1396
1396 335 731
335 731 1396
689 168 624
624 168 689
168 624 689
9 448 1117
448 9 1117
1117 9 448
862 1316 1356
1316 862 1356
1356 862 1316
301 180 532
532 180 301
180 301 532
334 36 666
36 334 666
666 36 334
449 590 1366
590 449 1366
1366 449 590
1447 266 712
266 712 1447
712 266 1447
962 176 1393
1393 176 962
176 962 1393
1375 44 501
501 44 1375
44 501 1375
1438 212 656
656 212 1438
212 656 1438
963 729 1224
1224 729 963
729 963 1224
1107 1108 1196
1108 1107 1196
1196 1107 1108
1313 607 1301
607 1301 1313
1301 607 1313
179 67 984
67 179 984
984 67 179
628 1089 1189
1189 628 1089
1089 628 1189
215 184 308
308 184 215
184 215 308
888 72 145
145 72 888
72 145 888
83 57 480
480 57 83
57 83 480
292 8 1001
1001 8 292
8 292 1001
1454 761 1098
761 1098 1454
1098 761 1454
101 98 1406
98 101 1406
1406 98 101
337 1192 1307
1192 337 1307
1307 337 1192
