12447 63320 117319
63320 12447 117319
117319 12447 63320
24242 31314 103472
31314 24242 103472
103472 24242 31314
100405 46626 144248
144248 46626 100405
46626 100405 144248
87655 77503 77912
77503 77912 87655
77912 77503 87655
45847 71561 134628
134628 45847 71561
71561 45847 134628
133961 60487 101076
60487 101076 133961
101076 60487 133961
72098 61386 108154
61386 72098 108154
108154 61386 72098
147032 29453 130858
130858 29453 147032
29453 130858 147032
53107 116747 126008
126008 53107 116747
116747 53107 126008
142926 44393 69641
69641 44393 142926
44393 69641 142926
76357 12404 105147
12404 76357 105147
105147 12404 76357
58976 44520 113117
113117 44520 58976
44520 58976 113117
70708 6820 60441
60441 6820 70708
6820 60441 70708
90483 13721 46971
13721 46971 90483
46971 13721 90483
35251 95558 127426
127426 35251 95558
95558 35251 127426
129045 60375 122158
60375 122158 129045
122158 60375 129045
104955 69427 84123
84123 69427 104955
69427 84123 104955
57764 68876 145219
145219 57764 68876
68876 57764 145219
69416 41882 105907
41882 69416 105907
105907 41882 69416
73568 22750 64216
22750 64216 73568
64216 22750 73568
45165 33220 142383
142383 33220 45165
33220 45165 142383
140443 41213 143552
41213 140443 143552
143552 41213 140443
54023 22650 74604
74604 22650 54023
22650 54023 74604
10813 52503 88825
88825 10813 52503
52503 10813 88825
26606 43777 130289
43777 26606 130289
130289 26606 43777
10114 46433 56620
56620 10114 46433
46433 10114 56620
128844 65782 69765
69765 65782 128844
65782 69765 128844
92841 122105 146813
122105 92841 146813
146813 92841 122105
4364 24609 55250
24609 4364 55250
55250 4364 24609
28970 2325 85821
2325 28970 85821
85821 2325 28970
123205 74564 84455
84455 74564 123205
74564 84455 123205
46917 77093 139372
77093 46917 139372
139372 46917 77093
11962 51458 60631
60631 11962 51458
51458 11962 60631
106065 34949 107052
34949 106065 107052
107052 34949 106065
14051 91351 104706
104706 14051 91351
91351 14051 104706
128269 31537 32883
31537 32883 128269
32883 31537 128269
91423 123575 148716
123575 91423 148716
148716 91423 123575
119115 44727 74143
74143 44727 119115
44727 74143 119115
30945 20129 66021
66021 20129 30945
20129 30945 66021
63497 81820 135752
81820 63497 135752
135752 63497 81820
2679 19409 124548
19409 2679 124548
124548 2679 19409
26111 37954 111557
111557 26111 37954
37954 26111 111557
94151 32325 133807
32325 94151 133807
133807 32325 94151
121335 76010 136279
76010 121335 136279
136279 76010 121335
2710 285 103991
285 2710 103991
103991 285 2710
129316 49284 135056
135056 49284 129316
49284 129316 135056
140536 3278 18254
18254 3278 140536
3278 18254 140536
49335 43812 57793
57793 43812 49335
43812 49335 57793
16350 11412 69374
11412 16350 69374
69374 11412 16350
23199 49028 117401
117401 23199 49028
49028 23199 117401
53652 12744 72476
72476 12744 53652
12744 53652 72476
34098 2138 81841
2138 34098 81841
81841 2138 34098
1787 21616 44483
44483 1787 21616
21616 1787 44483
135554 2753 109944
109944 2753 135554
2753 109944 135554
74083 72132 121482
121482 72132 74083
72132 74083 121482
1826 30102 67924
30102 1826 67924
67924 1826 30102
3161 97346 130298
97346 3161 130298
130298 3161 97346
69780 52349 94769
94769 52349 69780
52349 69780 94769
60594 34395 119407
119407 34395 60594
34395 60594 119407
16396 4925 48009
4925 16396 48009
48009 4925 16396
140422 31909 110814
31909 110814 140422
110814 31909 140422
133323 82155 87438
87438 82155 133323
82155 87438 133323
49630 43018 145067
145067 43018 49630
43018 49630 145067
110345 29597 56361
29597 56361 110345
56361 29597 110345
101119 110160 138192
138192 101119 110160
110160 101119 138192
2234 66419 95605
95605 2234 66419
66419 2234 95605
83368 43424 49186
49186 43424 83368
43424 49186 83368
18404 78272 93667
93667 18404 78272
78272 18404 93667
9791 9775 97875
97875 9775 9791
9775 9791 97875
20543 46174 67611
46174 20543 67611
67611 20543 46174
110431 64105 84079
64105 84079 110431
84079 64105 110431
59824 50364 133510
133510 50364 59824
50364 59824 133510
3796 61958 109997
61958 3796 109997
109997 3796 61958
144705 29050 102619
29050 102619 144705
102619 29050 144705
62401 81644 88983
81644 62401 88983
88983 62401 81644
144083 28785 140172
28785 140172 144083
140172 28785 144083
34217 50431 75343
50431 34217 75343
75343 34217 50431
126553 7185 57245
57245 7185 126553
7185 57245 126553
56987 24611 49021
24611 49021 56987
49021 24611 56987
119714 39862 102215
102215 39862 119714
39862 102215 119714
133195 46800 85921
46800 85921 133195
85921 46800 133195
43166 8682 49847
8682 43166 49847
49847 8682 43166
34362 56661 105251
105251 34362 56661
56661 34362 105251
39681 60163 115513
115513 39681 60163
60163 39681 115513
98510 32511 125434
125434 32511 98510
32511 98510 125434
1248 31477 32853
32853 1248 31477
31477 1248 32853
238 87006 93747
87006 238 93747
93747 238 87006
104199 48296 106954
48296 104199 106954
106954 48296 104199
149354 42774 113288
42774 113288 149354
113288 42774 149354
21586 87074 111322
111322 21586 87074
87074 21586 111322
24783 423 139290
423 24783 139290
139290 423 24783
73728 82320 98914
82320 73728 98914
98914 73728 82320
102306 92754 118882
118882 92754 102306
92754 102306 118882
108967 31673 115219
115219 31673 108967
31673 108967 115219
107205 8160 138188
8160 107205 138188
138188 8160 107205
65212 23228 83458
83458 23228 65212
23228 65212 83458
87008 30071 149677
30071 87008 149677
149677 30071 87008
65319 44892 145765
145765 44892 65319
44892 65319 145765
135040 23498 127681
23498 127681 135040
127681 23498 135040
37149 34091 45487
34091 37149 45487
45487 34091 37149
84282 83880 105463
105463 83880 84282
83880 84282 105463
110187 3320 83714
83714 3320 110187
3320 83714 110187
94089 83638 116952
83638 94089 116952
116952 83638 94089
69292 79297 88736
88736 69292 79297
79297 69292 88736
49688 85852 115887
115887 49688 85852
85852 49688 115887
138256 29516 116536
29516 116536 138256
116536 29516 138256
45068 53805 73854
73854 45068 53805
53805 45068 73854
149149 25455 111625
111625 25455 149149
25455 111625 149149
38691 55779 91384
55779 38691 91384
91384 38691 55779
27747 36559 149565
36559 27747 149565
149565 27747 36559
131010 72583 102748
72583 102748 131010
102748 72583 131010
96359 1922 28375
28375 1922 96359
1922 28375 96359
13324 34399 77680
34399 13324 77680
77680 13324 34399
71378 58125 71438
58125 71378 71438
71438 58125 71378
44474 15470 34768
34768 15470 44474
15470 34768 44474
7263 28260 120132
28260 7263 120132
120132 7263 28260
82808 7281 47091
47091 7281 82808
7281 47091 82808
109336 52952 93515
93515 52952 109336
52952 93515 109336
113095 14895 122618
14895 113095 122618
122618 14895 113095
41860 325 100535
100535 325 41860
325 41860 100535
129875 58062 74454
74454 58062 129875
58062 74454 129875
72367 28111 105947
105947 28111 72367
28111 72367 105947
128331 3575 52098
3575 52098 128331
52098 3575 128331
4575 9387 56664
9387 4575 56664
56664 4575 9387
110827 83705 128529
83705 110827 128529
128529 83705 110827
111810 27567 140697
140697 27567 111810
27567 111810 140697
5330 9787 22658
22658 5330 9787
9787 5330 22658
149338 64354 98498
98498 64354 149338
64354 98498 149338
121141 24089 98307
24089 98307 121141
98307 24089 121141
19871 25197 108562
108562 19871 25197
25197 19871 108562
133876 39167 134158
134158 39167 133876
39167 133876 134158
56972 10797 57037
57037 10797 56972
10797 56972 57037
114135 20729 88653
20729 88653 114135
88653 20729 114135
8389 4238 21437
21437 4238 8389
4238 8389 21437
25307 72105 73953
72105 25307 73953
73953 25307 72105
133339 67512 69209
69209 67512 133339
67512 69209 133339
29459 94017 137050
94017 29459 137050
137050 29459 94017
49597 17711 124332
17711 49597 124332
124332 17711 49597
121892 110845 118794
110845 118794 121892
118794 110845 121892
115180 32246 115594
115594 32246 115180
32246 115180 115594
93686 36649 91920
36649 91920 93686
91920 36649 93686
42033 70429 85708
85708 42033 70429
70429 42033 85708
120049 96118 140405
140405 96118 120049
96118 120049 140405
24338 32614 127182
32614 24338 127182
127182 24338 32614
53468 85669 148181
85669 53468 148181
148181 53468 85669
101333 80569 138351
80569 101333 138351
138351 80569 101333
21737 10399 16134
16134 10399 21737
10399 16134 21737
138713 67444 114131
114131 67444 138713
67444 114131 138713
123174 15911 32943
32943 15911 123174
15911 32943 123174
32144 59297 112505
112505 32144 59297
59297 32144 112505
12016 120016 121835
121835 12016 120016
120016 12016 121835
3679 47163 75593
47163 3679 75593
75593 3679 47163
93364 94291 118979
118979 93364 94291
94291 93364 118979
31215 18373 49128
18373 31215 49128
49128 18373 31215
137487 55500 125729
125729 55500 137487
55500 125729 137487
38766 80268 127485
80268 38766 127485
127485 38766 80268
24998 30391 111986
111986 24998 30391
30391 24998 111986
96754 30062 52295
30062 52295 96754
52295 30062 96754
48504 68829 134307
68829 48504 134307
134307 48504 68829
138667 48123 118921
118921 48123 138667
48123 118921 138667
7392 8892 52609
8892 7392 52609
52609 7392 8892
33092 26377 132538
26377 33092 132538
132538 26377 33092
114413 81888 126160
126160 81888 114413
81888 114413 126160
41174 34167 45819
45819 34167 41174
34167 41174 45819
59382 19020 111354
111354 19020 59382
19020 59382 111354
59636 69938 101382
69938 59636 101382
101382 59636 69938
68544 65679 109142
109142 65679 68544
65679 68544 109142
14055 511 130082
511 14055 130082
130082 511 14055
75764 5895 146041
146041 5895 75764
5895 75764 146041
145062 116011 119151
116011 119151 145062
119151 116011 145062
91993 54062 132687
132687 54062 91993
54062 91993 132687
68031 67997 94299
94299 67997 68031
67997 68031 94299
86684 14855 116874
116874 14855 86684
14855 86684 116874
88628 135030 148751
135030 88628 148751
148751 88628 135030
126430 119457 125128
119457 125128 126430
125128 119457 126430
100632 14404 103248
14404 100632 103248
103248 14404 100632
149365 35006 118877
35006 118877 149365
118877 35006 149365
7980 52450 149622
149622 7980 52450
52450 7980 149622
50209 26639 49798
26639 49798 50209
49798 26639 50209
133242 40336 122458
40336 122458 133242
122458 40336 133242
102862 74771 103703
74771 102862 103703
103703 74771 102862
144838 24436 48101
24436 48101 144838
48101 24436 144838
108756 96789 119278
96789 108756 119278
119278 96789 108756
73980 54601 86753
54601 73980 86753
86753 54601 73980
135603 19454 31353
19454 31353 135603
31353 19454 135603
129114 75181 86636
86636 75181 129114
75181 86636 129114
10507 16999 31144
31144 10507 16999
16999 10507 31144
10413 78959 114385
78959 10413 114385
114385 10413 78959
78811 38058 42707
38058 42707 78811
42707 38058 78811
86685 67786 102387
102387 67786 86685
67786 86685 102387
40776 60897 76160
60897 40776 76160
76160 40776 60897
105518 3089 120044
3089 105518 120044
120044 3089 105518
83572 64232 116213
116213 64232 83572
64232 83572 116213
51463 42982 77648
42982 51463 77648
77648 42982 51463
145551 32256 68439
32256 68439 145551
68439 32256 145551
13070 6905 48936
48936 6905 13070
6905 13070 48936
49668 34661 148048
34661 49668 148048
148048 34661 49668
52012 18659 65584
18659 52012 65584
65584 18659 52012
8275 43254 139940
139940 8275 43254
43254 8275 139940
77097 90038 129497
90038 77097 129497
129497 77097 90038
101371 49474 148831
49474 101371 148831
148831 49474 101371
59021 57995 134285
57995 59021 134285
134285 57995 59021
142581 2510 22846
22846 2510 142581
2510 22846 142581
148173 26855 83346
26855 83346 148173
83346 26855 148173
7311 97256 98148
98148 7311 97256
97256 7311 98148
41609 11651 49585
49585 11651 41609
11651 41609 49585
143485 39307 79446
39307 79446 143485
79446 39307 143485
81065 41728 105531
105531 41728 81065
41728 81065 105531
96099 69913 105357
69913 96099 105357
105357 69913 96099
26907 66615 138089
138089 26907 66615
66615 26907 138089
11403 30293 73861
30293 11403 73861
73861 11403 30293
143607 95839 143939
143939 95839 143607
95839 143607 143939
108857 10385 22871
22871 10385 108857
10385 22871 108857
63000 29690 69367
69367 29690 63000
29690 63000 69367
104293 56032 120261
56032 104293 120261
120261 56032 104293
59438 16803 84489
84489 16803 59438
16803 59438 84489
1420 137225 137518
137518 1420 137225
137225 1420 137518
122767 112382 121176
121176 112382 122767
112382 121176 122767
94264 3574 26960
26960 3574 94264
3574 26960 94264
147002 35970 72088
72088 35970 147002
35970 72088 147002
29344 52843 62936
62936 29344 52843
52843 29344 62936
72752 56492 91582
91582 56492 72752
56492 72752 91582
10479 466 135147
135147 466 10479
466 10479 135147
11210 100115 120836
100115 11210 120836
120836 11210 100115
111595 86494 111394
111394 86494 111595
86494 111394 111595
63552 48014 138205
48014 63552 138205
138205 48014 63552
12305 6524 40134
6524 12305 40134
40134 6524 12305
79641 58145 124111
58145 79641 124111
124111 58145 79641
138044 9486 61550
61550 9486 138044
9486 61550 138044
99276 50909 109876
109876 50909 99276
50909 99276 109876
54680 3758 132460
132460 3758 54680
3758 54680 132460
129975 81110 126259
81110 126259 129975
126259 81110 129975
123010 101050 126953
126953 101050 123010
101050 123010 126953
44928 30323 142854
142854 30323 44928
30323 44928 142854
39258 59826 120335
59826 39258 120335
120335 39258 59826
47896 103712 117007
117007 47896 103712
103712 47896 117007
89311 84537 85422
84537 85422 89311
85422 84537 89311
63861 7788 121715
121715 7788 63861
7788 63861 121715
90597 86173 140979
86173 90597 140979
140979 86173 90597
2289 17800 44241
44241 2289 17800
17800 2289 44241
82504 38021 146325
146325 38021 82504
38021 82504 146325
43556 44345 46557
44345 43556 46557
46557 43556 44345
7755 147163 147904
147163 7755 147904
147904 7755 147163
61831 65146 121392
65146 61831 121392
121392 61831 65146
18245 38529 104245
104245 18245 38529
38529 18245 104245
8459 38020 127029
38020 8459 127029
127029 8459 38020
41936 30668 86532
30668 41936 86532
86532 30668 41936
127004 12669 128852
128852 12669 127004
12669 127004 128852
16706 6405 56238
6405 16706 56238
56238 6405 16706
83636 82593 104816
104816 82593 83636
82593 83636 104816
84961 121156 136033
121156 84961 136033
136033 84961 121156
145135 14743 96072
96072 14743 145135
14743 96072 145135
63976 25811 105254
105254 25811 63976
25811 63976 105254
145933 124977 136541
124977 136541 145933
136541 124977 145933
29939 22815 48743
48743 22815 29939
22815 29939 48743
32065 52935 65023
65023 32065 52935
52935 32065 65023
64408 13592 43225
13592 43225 64408
43225 13592 64408
19709 44029 93427
93427 19709 44029
44029 19709 93427
8837 20064 66164
66164 8837 20064
20064 8837 66164
98035 20156 29713
20156 29713 98035
29713 20156 98035
111307 12231 129965
12231 111307 129965
129965 12231 111307
34152 22491 136557
22491 34152 136557
136557 22491 34152
24070 38145 141983
38145 24070 141983
141983 24070 38145
51250 136668 141269
136668 51250 141269
141269 51250 136668
100644 35566 40899
35566 40899 100644
40899 35566 100644
143336 9820 18363
9820 18363 143336
18363 9820 143336
54755 29722 104051
104051 29722 54755
29722 54755 104051
117299 44825 49587
49587 44825 117299
44825 49587 117299
73268 42320 145092
42320 73268 145092
145092 42320 73268
139134 141068 148477
148477 139134 141068
141068 139134 148477
53906 65069 92135
92135 53906 65069
65069 53906 92135
133703 46334 122080
46334 122080 133703
122080 46334 133703
24811 135501 141392
141392 24811 135501
135501 24811 141392
16124 42086 121343
121343 16124 42086
42086 16124 121343
97163 8783 103117
8783 97163 103117
103117 8783 97163
32103 51087 116081
116081 32103 51087
51087 32103 116081
11100 56908 93924
56908 11100 93924
93924 11100 56908
9567 32909 44580
44580 9567 32909
32909 9567 44580
106390 50072 123241
50072 106390 123241
123241 50072 106390
101623 23600 144151
144151 23600 101623
23600 101623 144151
99815 47461 136619
47461 99815 136619
136619 47461 99815
119197 86542 115786
115786 86542 119197
86542 115786 119197
115541 23201 100388
23201 100388 115541
100388 23201 115541
73664 36325 58621
58621 36325 73664
36325 58621 73664
103811 23646 60245
60245 23646 103811
23646 60245 103811
107992 82986 133746
82986 107992 133746
133746 82986 107992
35260 35184 142678
142678 35184 35260
35184 35260 142678
9696 113088 141683
113088 9696 141683
141683 9696 113088
110833 10118 39667
10118 39667 110833
39667 10118 110833
91014 93983 121218
121218 91014 93983
93983 91014 121218
70903 34611 45497
45497 34611 70903
34611 45497 70903
134417 31286 108558
31286 108558 134417
108558 31286 134417
88800 86833 87038
87038 86833 88800
86833 87038 88800
67656 100286 104922
100286 67656 104922
104922 67656 100286
48537 40719 94543
40719 48537 94543
94543 40719 48537
49117 15939 95511
95511 15939 49117
15939 49117 95511
100870 79682 144886
79682 100870 144886
144886 79682 100870
20225 25086 63364
25086 20225 63364
63364 20225 25086
70237 138365 144245
144245 70237 138365
138365 70237 144245
86603 15016 109364
15016 86603 109364
109364 15016 86603
89033 24004 40796
40796 24004 89033
24004 40796 89033
5001 6104 111067
6104 5001 111067
111067 5001 6104
107305 91411 118358
91411 107305 118358
118358 91411 107305
87224 87458 142790
142790 87224 87458
87458 87224 142790
51984 80262 140038
80262 51984 140038
140038 51984 80262
140698 57139 133556
133556 57139 140698
57139 133556 140698
69905 21863 47500
47500 21863 69905
21863 47500 69905
32713 730 126992
126992 730 32713
730 32713 126992
4641 50718 134487
50718 4641 134487
134487 4641 50718
10234 205 64435
64435 205 10234
205 10234 64435
136377 14611 116036
116036 14611 136377
14611 116036 136377
63317 40175 137097
137097 40175 63317
40175 63317 137097
117635 86371 123686
123686 86371 117635
86371 117635 123686
130827 90014 111896
90014 111896 130827
111896 90014 130827
13479 43326 140401
43326 13479 140401
140401 13479 43326
72022 80068 111314
80068 72022 111314
111314 72022 80068
87396 54597 134589
54597 87396 134589
134589 54597 87396
107014 66935 146934
66935 107014 146934
146934 66935 107014
142970 8125 72999
8125 72999 142970
72999 8125 142970
92426 41337 145637
41337 92426 145637
145637 41337 92426
143361 14543 134867
134867 14543 143361
14543 134867 143361
40094 68288 71792
71792 40094 68288
68288 40094 71792
112109 23306 141354
23306 112109 141354
141354 23306 112109
84819 122783 147638
122783 84819 147638
147638 84819 122783
7874 103641 140672
103641 7874 140672
140672 7874 103641
83627 52752 58275
58275 52752 83627
52752 58275 83627
24031 12813 77776
77776 12813 24031
12813 24031 77776
4857 54645 68623
54645 4857 68623
68623 4857 54645
89416 111279 115325
111279 89416 115325
115325 89416 111279
147077 62571 111338
62571 111338 147077
111338 62571 147077
45211 76977 125333
76977 45211 125333
125333 45211 76977
149500 67020 142888
142888 67020 149500
67020 142888 149500
45354 31802 38148
38148 31802 45354
31802 38148 45354
36980 4259 113980
113980 4259 36980
4259 36980 113980
40208 51558 77737
77737 40208 51558
51558 40208 77737
124832 35979 79636
35979 79636 124832
79636 35979 124832
80873 39469 115533
39469 80873 115533
115533 39469 80873
1605 745 15334
15334 745 1605
745 1605 15334
135372 7106 96403
7106 96403 135372
96403 7106 135372
8249 53571 120158
53571 8249 120158
120158 8249 53571
103668 46386 133710
46386 103668 133710
133710 46386 103668
5341 18037 107355
107355 5341 18037
18037 5341 107355
26850 41263 118641
118641 26850 41263
41263 26850 118641
133126 20047 46126
20047 46126 133126
46126 20047 133126
18435 137442 148249
137442 18435 148249
148249 18435 137442
129724 33 132289
33 129724 132289
132289 33 129724
43139 57401 66565
57401 43139 66565
66565 43139 57401
95823 66776 93629
66776 93629 95823
93629 66776 95823
87998 21560 135276
21560 87998 135276
135276 21560 87998
79876 67842 108058
108058 67842 79876
67842 79876 108058
53934 11503 15578
11503 15578 53934
15578 11503 53934
42729 5309 50577
50577 5309 42729
5309 42729 50577
56614 35600 126374
35600 56614 126374
126374 35600 56614
145761 65316 106452
65316 106452 145761
106452 65316 145761
129334 20262 134844
20262 129334 134844
134844 20262 129334
44577 5088 110572
110572 5088 44577
5088 44577 110572
78612 89963 97959
89963 78612 97959
97959 78612 89963
9245 97219 101529
101529 9245 97219
97219 9245 101529
105742 25128 109840
25128 105742 109840
109840 25128 105742
66644 39020 60890
60890 39020 66644
39020 60890 66644
126156 12116 127718
127718 12116 126156
12116 126156 127718
62797 1764 94915
1764 62797 94915
94915 1764 62797
64304 81037 146933
81037 64304 146933
146933 64304 81037
116768 85379 89889
89889 85379 116768
85379 89889 116768
51569 984 6008
984 6008 51569
6008 984 51569
127693 17280 130444
17280 127693 130444
130444 17280 127693
138132 64346 142590
64346 138132 142590
142590 64346 138132
36431 100824 140352
100824 36431 140352
140352 36431 100824
79173 106374 124092
106374 79173 124092
124092 79173 106374
121370 32843 68688
68688 32843 121370
32843 68688 121370
101672 80155 133803
80155 101672 133803
133803 80155 101672
122014 117199 133350
133350 117199 122014
117199 122014 133350
128850 35212 90237
90237 35212 128850
35212 90237 128850
85482 101785 132704
101785 85482 132704
132704 85482 101785
83788 6772 94996
6772 83788 94996
94996 6772 83788
118106 7803 104737
104737 7803 118106
7803 104737 118106
79653 955 56914
56914 955 79653
955 56914 79653
114201 14494 92839
92839 14494 114201
14494 92839 114201
24677 47380 83898
83898 24677 47380
47380 24677 83898
44679 128925 140795
128925 44679 140795
140795 44679 128925
121805 25808 35321
35321 25808 121805
25808 35321 121805
44019 74363 134183
134183 44019 74363
74363 44019 134183
43213 92895 148331
148331 43213 92895
92895 43213 148331
4214 6709 32433
32433 4214 6709
6709 4214 32433
2153 86849 119690
86849 2153 119690
119690 2153 86849
147633 11118 115045
11118 115045 147633
115045 11118 147633
44045 51055 146346
51055 44045 146346
146346 44045 51055
28918 125412 143624
125412 28918 143624
143624 28918 125412
50753 75919 138873
138873 50753 75919
75919 50753 138873
27801 58612 124363
58612 27801 124363
124363 27801 58612
127544 53894 94419
53894 94419 127544
94419 53894 127544
47369 34491 89886
34491 47369 89886
89886 34491 47369
109764 2413 61298
2413 61298 109764
61298 2413 109764
124534 68126 135551
135551 68126 124534
68126 124534 135551
68961 38 46159
46159 38 68961
38 46159 68961
48466 30480 85961
30480 48466 85961
85961 30480 48466
55614 99582 148200
148200 55614 99582
99582 55614 148200
20888 7709 15675
7709 15675 20888
15675 7709 20888
77582 65051 70829
65051 70829 77582
70829 65051 77582
101722 115600 146455
146455 101722 115600
115600 101722 146455
92129 48024 82794
82794 48024 92129
48024 82794 92129
28446 87589 124471
87589 28446 124471
124471 28446 87589
16814 55027 55507
55027 16814 55507
55507 16814 55027
134480 49328 58231
49328 58231 134480
58231 49328 134480
115474 57976 145179
145179 57976 115474
57976 115474 145179
134670 36968 44291
36968 44291 134670
44291 36968 134670
137945 57590 103035
103035 57590 137945
57590 103035 137945
97059 65306 102654
102654 65306 97059
65306 97059 102654
88268 56014 59880
56014 59880 88268
59880 56014 88268
40163 26548 141273
26548 40163 141273
141273 26548 40163
62431 75414 126152
75414 62431 126152
126152 62431 75414
53572 3652 109345
109345 3652 53572
3652 53572 109345
84083 81477 107124
81477 84083 107124
107124 81477 84083
143456 27620 96456
27620 96456 143456
96456 27620 143456
62376 104749 146047
146047 62376 104749
104749 62376 146047
58824 12964 140894
140894 12964 58824
12964 58824 140894
36349 131630 149392
131630 36349 149392
149392 36349 131630
97129 14236 17447
17447 14236 97129
14236 17447 97129
40182 28895 144458
144458 28895 40182
28895 40182 144458
56384 72836 146715
146715 56384 72836
72836 56384 146715
77926 111716 120589
120589 77926 111716
111716 77926 120589
63131 107375 107862
107862 63131 107375
107375 63131 107862
77609 23718 94171
94171 23718 77609
23718 77609 94171
84876 22218 125164
125164 22218 84876
22218 84876 125164
88102 25269 89418
89418 25269 88102
25269 88102 89418
98427 56839 57639
57639 56839 98427
56839 57639 98427
37268 5725 83827
5725 37268 83827
83827 5725 37268
112137 53900 57354
53900 57354 112137
57354 53900 112137
57722 6125 43611
43611 6125 57722
6125 43611 57722
91945 32319 32656
32656 32319 91945
32319 32656 91945
125248 8450 63455
63455 8450 125248
8450 63455 125248
134397 55423 60618
60618 55423 134397
55423 60618 134397
55192 10373 54741
54741 10373 55192
10373 54741 55192
52472 23043 138839
23043 52472 138839
138839 23043 52472
27852 30929 31580
30929 27852 31580
31580 27852 30929
6982 64030 138523
138523 6982 64030
64030 6982 138523
138290 113878 143823
143823 113878 138290
113878 138290 143823
108598 25656 70589
25656 70589 108598
70589 25656 108598
110668 48801 116791
48801 110668 116791
116791 48801 110668
12180 16399 33417
33417 12180 16399
16399 12180 33417
143719 8024 134031
134031 8024 143719
8024 134031 143719
97072 25043 73305
73305 25043 97072
25043 73305 97072
27934 125875 146496
125875 27934 146496
146496 27934 125875
76900 42537 70167
42537 70167 76900
70167 42537 76900
1536 50247 122830
50247 1536 122830
122830 1536 50247
141195 46916 140539
140539 46916 141195
46916 140539 141195
45378 45395 107543
107543 45378 45395
45395 45378 107543
112211 40075 49298
40075 49298 112211
49298 40075 112211
34762 15462 57468
57468 15462 34762
15462 34762 57468
79309 36855 99239
99239 36855 79309
36855 79309 99239
71661 66010 127410
127410 66010 71661
66010 71661 127410
101098 76722 147784
76722 101098 147784
147784 76722 101098
74394 59595 145278
145278 59595 74394
59595 74394 145278
96317 4894 104553
104553 4894 96317
4894 96317 104553
16826 61885 68722
68722 16826 61885
61885 16826 68722
119011 38724 68117
38724 68117 119011
68117 38724 119011
14664 16417 112669
16417 14664 112669
112669 14664 16417
61962 87095 110419
87095 61962 110419
110419 61962 87095
34844 22343 105381
105381 22343 34844
22343 34844 105381
123096 82306 94474
94474 82306 123096
82306 94474 123096
55422 75223 76871
75223 55422 76871
76871 55422 75223
116639 100652 120989
100652 116639 120989
120989 100652 116639
21747 24625 63425
63425 21747 24625
24625 21747 63425
61162 66174 66315
66315 61162 66174
66174 61162 66315
26347 57230 148482
148482 26347 57230
57230 26347 148482
37015 109090 146687
146687 37015 109090
109090 37015 146687
30582 51040 53417
53417 30582 51040
51040 30582 53417
134990 51737 117161
51737 117161 134990
117161 51737 134990
65969 43961 144611
43961 65969 144611
144611 43961 65969
14874 106896 133237
133237 14874 106896
106896 14874 133237
139683 16229 30790
16229 30790 139683
30790 16229 139683
84680 49788 79200
79200 49788 84680
49788 79200 84680
21714 16620 38174
38174 16620 21714
16620 21714 38174
143404 72291 109377
72291 109377 143404
109377 72291 143404
119707 1926 6716
6716 1926 119707
1926 6716 119707
134195 75280 148340
75280 134195 148340
148340 75280 134195
97287 74612 80171
74612 80171 97287
80171 74612 97287
99344 2261 109203
2261 99344 109203
109203 2261 99344
146852 8993 44552
44552 8993 146852
8993 44552 146852
115931 6265 42972
6265 42972 115931
42972 6265 115931
14442 61690 106147
106147 14442 61690
61690 14442 106147
41301 25247 111006
111006 25247 41301
25247 41301 111006
121161 21786 22506
22506 21786 121161
21786 22506 121161
126894 71714 71847
71714 71847 126894
71847 71714 126894
25893 41520 113345
41520 25893 113345
113345 25893 41520
108882 73922 137564
73922 108882 137564
137564 73922 108882
135990 44760 104213
104213 44760 135990
44760 104213 135990
62940 4481 126243
4481 62940 126243
126243 4481 62940
122697 62358 103605
103605 62358 122697
62358 103605 122697
109801 15514 58158
15514 58158 109801
58158 15514 109801
42688 106668 122687
122687 42688 106668
106668 42688 122687
86960 75511 99746
99746 75511 86960
75511 86960 99746
2316 71223 121830
121830 2316 71223
71223 2316 121830
50351 44196 117471
44196 50351 117471
117471 44196 50351
118769 11452 137133
11452 118769 137133
137133 11452 118769
52693 20507 113835
113835 20507 52693
20507 52693 113835
66878 76267 106041
76267 66878 106041
106041 66878 76267
19271 63739 85311
85311 19271 63739
63739 19271 85311
98141 67063 127084
127084 67063 98141
67063 98141 127084
36111 117358 128514
117358 36111 128514
128514 36111 117358
19378 32189 51662
51662 19378 32189
32189 19378 51662
142064 69796 97026
97026 69796 142064
69796 97026 142064
147166 125985 139562
125985 139562 147166
139562 125985 147166
126416 9399 42952
42952 9399 126416
9399 42952 126416
148990 66767 104947
66767 104947 148990
104947 66767 148990
79886 104134 114346
104134 79886 114346
114346 79886 104134
75735 75350 118488
75350 75735 118488
118488 75350 75735
96378 24533 56961
56961 24533 96378
24533 56961 96378
106459 41854 91932
91932 41854 106459
41854 91932 106459
44613 82565 105582
82565 44613 105582
105582 44613 82565
50149 128613 129718
128613 50149 129718
129718 50149 128613
145334 69363 96392
69363 96392 145334
96392 69363 145334
30000 21549 74354
21549 30000 74354
74354 21549 30000
89503 73126 114028
73126 89503 114028
114028 73126 89503
92543 6200 95174
6200 92543 95174
95174 6200 92543
52002 141567 149212
149212 52002 141567
141567 52002 149212
84382 34338 47396
34338 47396 84382
47396 34338 84382
4090 35031 64581
35031 4090 64581
64581 4090 35031
115944 7733 90565
90565 7733 115944
7733 90565 115944
24195 25950 36450
36450 24195 25950
25950 24195 36450
128077 2841 149057
149057 2841 128077
2841 128077 149057
89474 8688 23997
8688 23997 89474
23997 8688 89474
50778 6932 13621
6932 13621 50778
13621 6932 50778
22355 79080 83841
79080 22355 83841
83841 22355 79080
97444 85561 131115
85561 97444 131115
131115 85561 97444
21189 92589 95911
95911 21189 92589
92589 21189 95911
45609 583 28652
28652 583 45609
583 28652 45609
70818 40284 68242
40284 68242 70818
68242 40284 70818
56646 70013 73258
73258 56646 70013
70013 56646 73258
41257 89735 141512
141512 41257 89735
89735 41257 141512
83582 103565 108574
103565 83582 108574
108574 83582 103565
111497 43757 86771
86771 43757 111497
43757 86771 111497
131582 32512 35526
32512 35526 131582
35526 32512 131582
67785 19539 137894
137894 19539 67785
19539 67785 137894
111278 132545 138073
132545 111278 138073
138073 111278 132545
37458 64709 102407
102407 37458 64709
64709 37458 102407
14419 49399 125904
125904 14419 49399
49399 14419 125904
124939 10089 75112
10089 75112 124939
75112 10089 124939
136515 90057 128687
90057 128687 136515
128687 90057 136515
10446 72950 83099
83099 10446 72950
72950 10446 83099
27366 22250 112568
22250 27366 112568
112568 22250 27366
116905 94531 98985
94531 98985 116905
98985 94531 116905
86595 19411 110259
19411 86595 110259
110259 19411 86595
114881 60751 141102
60751 114881 141102
141102 60751 114881
65471 7181 24170
7181 24170 65471
24170 7181 65471
75310 2315 109308
2315 75310 109308
109308 2315 75310
15859 18643 86782
18643 15859 86782
86782 15859 18643
95268 22874 53193
22874 53193 95268
53193 22874 95268
45489 25089 130859
25089 45489 130859
130859 25089 45489
120403 1989 130896
130896 1989 120403
1989 120403 130896
103916 88155 137970
137970 88155 103916
88155 103916 137970
74789 41749 79555
79555 41749 74789
41749 74789 79555
41770 65692 75415
75415 41770 65692
65692 41770 75415
112241 81191 98888
98888 81191 112241
81191 98888 112241
31912 20421 70202
70202 20421 31912
20421 31912 70202
21794 21811 136184
136184 21794 21811
21811 21794 136184
53997 66427 127178
66427 53997 127178
127178 53997 66427
10760 54890 136865
136865 10760 54890
54890 10760 136865
67630 3225 119502
3225 67630 119502
119502 3225 67630
29252 74139 132881
132881 29252 74139
74139 29252 132881
73855 24776 69203
24776 69203 73855
69203 24776 73855
35049 60863 82531
82531 35049 60863
60863 35049 82531
84371 135577 142243
135577 84371 142243
142243 84371 135577
125899 105078 127318
127318 105078 125899
105078 125899 127318
59192 35246 35417
35417 35246 59192
35246 35417 59192
101319 75552 86913
86913 75552 101319
75552 86913 101319
94476 54001 62558
54001 62558 94476
62558 54001 94476
95303 34536 79509
79509 34536 95303
34536 79509 95303
68833 54760 94116
94116 54760 68833
54760 68833 94116
40562 112026 124175
124175 40562 112026
112026 40562 124175
44424 22385 92028
22385 44424 92028
92028 22385 44424
114158 64994 86224
64994 86224 114158
86224 64994 114158
56303 6455 69836
69836 6455 56303
6455 56303 69836
41800 93708 99117
99117 41800 93708
93708 41800 99117
88431 11545 87725
11545 87725 88431
87725 11545 88431
91126 95958 118485
118485 91126 95958
95958 91126 118485
106745 66677 69578
69578 66677 106745
66677 69578 106745
105035 66501 129581
66501 105035 129581
129581 66501 105035
143864 13628 25986
25986 13628 143864
13628 25986 143864
98365 77519 135011
77519 98365 135011
135011 77519 98365
36702 12342 56060
56060 12342 36702
12342 36702 56060
50687 50069 56940
50069 50687 56940
56940 50069 50687
69390 51612 108259
51612 69390 108259
108259 51612 69390
2858 55595 149848
149848 2858 55595
55595 2858 149848
41479 14625 128865
128865 14625 41479
14625 41479 128865
14619 94711 146227
146227 14619 94711
94711 14619 146227
17755 102911 128257
128257 17755 102911
102911 17755 128257
134542 74173 85536
74173 85536 134542
85536 74173 134542
94945 26489 40643
26489 40643 94945
40643 26489 94945
102953 20884 82673
82673 20884 102953
20884 82673 102953
12335 133697 146234
146234 12335 133697
133697 12335 146234
101541 25871 124638
25871 101541 124638
124638 25871 101541
85030 61329 98757
61329 85030 98757
98757 61329 85030
72551 90209 147282
147282 72551 90209
90209 72551 147282
89185 34011 89062
34011 89062 89185
89062 34011 89185
95927 53346 132686
53346 95927 132686
132686 53346 95927
51931 79794 111197
111197 51931 79794
79794 51931 111197
146247 143637 149110
143637 146247 149110
149110 143637 146247
22400 78633 107761
78633 22400 107761
107761 22400 78633
88449 131223 147329
147329 88449 131223
131223 88449 147329
108895 67680 91216
91216 67680 108895
67680 91216 108895
87515 29405 145740
145740 29405 87515
29405 87515 145740
49486 84660 99793
84660 49486 99793
99793 49486 84660
21643 48982 85763
48982 21643 85763
85763 21643 48982
62410 50639 130486
50639 62410 130486
130486 50639 62410
98630 97818 118903
97818 98630 118903
118903 97818 98630
56659 106408 148274
148274 56659 106408
106408 56659 148274
4251 6336 22636
6336 4251 22636
22636 4251 6336
109823 128012 128853
128012 109823 128853
128853 109823 128012
19309 95523 145587
95523 19309 145587
145587 19309 95523
97635 31000 78611
78611 31000 97635
31000 78611 97635
54838 141608 145910
141608 54838 145910
145910 54838 141608
100512 73008 118648
118648 73008 100512
73008 100512 118648
141883 44570 144672
144672 44570 141883
44570 141883 144672
88680 119511 144624
119511 88680 144624
144624 88680 119511
143551 36871 128422
36871 128422 143551
128422 36871 143551
91807 18241 105833
18241 91807 105833
105833 18241 91807
16246 15015 32377
15015 16246 32377
32377 15015 16246
129141 13035 78776
13035 78776 129141
78776 13035 129141
146316 12701 53251
53251 12701 146316
12701 53251 146316
42142 9023 137290
137290 9023 42142
9023 42142 137290
123091 474 49375
49375 474 123091
474 49375 123091
54520 14939 107410
14939 54520 107410
107410 14939 54520
117660 15836 112308
15836 112308 117660
112308 15836 117660
140297 31803 51626
51626 31803 140297
31803 51626 140297
98242 17989 119431
17989 98242 119431
119431 17989 98242
111302 116038 130557
116038 111302 130557
130557 111302 116038
69603 54025 82798
54025 69603 82798
82798 54025 69603
47653 85510 143558
143558 47653 85510
85510 47653 143558
29361 65833 83599
83599 29361 65833
65833 29361 83599
67229 4597 46342
46342 4597 67229
4597 46342 67229
36636 101849 134666
134666 36636 101849
101849 36636 134666
6304 10858 24303
24303 6304 10858
10858 6304 24303
46818 20693 59844
59844 20693 46818
20693 46818 59844
107698 2068 105293
2068 105293 107698
105293 2068 107698
109141 5804 91666
5804 91666 109141
91666 5804 109141
99519 57171 67463
67463 57171 99519
57171 67463 99519
1782 1205 67006
1205 1782 67006
67006 1205 1782
33943 32687 98110
98110 32687 33943
32687 33943 98110
86232 28014 104306
28014 86232 104306
104306 28014 86232
58564 42395 60322
42395 58564 60322
60322 42395 58564
30771 1297 105085
105085 1297 30771
1297 30771 105085
44101 8912 131766
131766 8912 44101
8912 44101 131766
73097 19877 88650
88650 19877 73097
19877 73097 88650
13287 68953 102618
68953 13287 102618
102618 13287 68953
77517 4078 45379
45379 4078 77517
4078 45379 77517
16875 78315 117619
117619 16875 78315
78315 16875 117619
96363 58276 142965
58276 96363 142965
142965 58276 96363
105036 34810 38300
38300 34810 105036
34810 38300 105036
92298 20863 77147
77147 20863 92298
20863 77147 92298
12253 143 116115
143 12253 116115
116115 143 12253
22968 43646 67294
67294 22968 43646
43646 22968 67294
18725 5298 55906
5298 18725 55906
55906 5298 18725
129755 4144 11507
11507 4144 129755
4144 11507 129755
1416 4939 75417
75417 1416 4939
4939 1416 75417
74269 57012 81702
81702 57012 74269
57012 74269 81702
36229 39192 134661
39192 36229 134661
134661 36229 39192
100227 41830 68679
41830 68679 100227
68679 41830 100227
59987 35158 119881
119881 35158 59987
35158 59987 119881
27519 66186 127574
66186 27519 127574
127574 27519 66186
17048 11635 66415
66415 11635 17048
11635 17048 66415
52928 86483 139067
139067 52928 86483
86483 52928 139067
254 28881 85044
85044 254 28881
28881 254 85044
116634 125259 134847
125259 116634 134847
134847 116634 125259
20077 78869 81337
81337 20077 78869
78869 20077 81337
64954 24434 115827
24434 64954 115827
115827 24434 64954
6661 122510 145375
122510 6661 145375
145375 6661 122510
8836 49273 84547
84547 8836 49273
49273 8836 84547
144513 8486 137049
8486 137049 144513
137049 8486 144513
119861 63594 106677
63594 106677 119861
106677 63594 119861
19575 11905 53404
11905 19575 53404
53404 11905 19575
112901 67990 138914
138914 67990 112901
67990 112901 138914
81501 80277 101185
80277 81501 101185
101185 80277 81501
126672 59043 112911
112911 59043 126672
59043 112911 126672
37848 134368 145155
134368 37848 145155
145155 37848 134368
60225 115510 147805
147805 60225 115510
115510 60225 147805
64150 26802 148622
148622 26802 64150
26802 64150 148622
45669 97368 135530
135530 45669 97368
97368 45669 135530
124749 37415 71097
37415 71097 124749
71097 37415 124749
87941 18603 20845
20845 18603 87941
18603 20845 87941
15341 91660 107091
91660 15341 107091
107091 15341 91660
102875 6448 79263
6448 79263 102875
79263 6448 102875
111101 6842 60363
60363 6842 111101
6842 60363 111101
12271 61251 110407
110407 12271 61251
61251 12271 110407
133728 86249 126714
86249 126714 133728
126714 86249 133728
74264 4663 104770
4663 74264 104770
104770 4663 74264
79316 115617 119250
115617 79316 119250
119250 79316 115617
10384 13992 121047
121047 10384 13992
13992 10384 121047
8030 80250 103437
103437 8030 80250
80250 8030 103437
67652 59264 76420
76420 59264 67652
59264 67652 76420
120400 95516 145591
145591 95516 120400
95516 120400 145591
46268 31626 79379
31626 46268 79379
79379 31626 46268
147184 2386 20243
20243 2386 147184
2386 20243 147184
120719 28155 137422
137422 28155 120719
28155 120719 137422
92968 69983 91162
91162 69983 92968
69983 91162 92968
116440 20704 98752
98752 20704 116440
20704 98752 116440
42704 20509 94973
94973 20509 42704
20509 42704 94973
81985 90776 149631
90776 81985 149631
149631 81985 90776
98701 76856 124942
76856 98701 124942
124942 76856 98701
83024 56904 69251
69251 56904 83024
56904 69251 83024
54721 6243 75815
6243 54721 75815
75815 6243 54721
39416 21040 67208
67208 21040 39416
21040 39416 67208
64133 63287 118749
118749 63287 64133
63287 64133 118749
100248 7287 140919
7287 100248 140919
140919 7287 100248
145632 65966 95534
95534 65966 145632
65966 95534 145632
100935 85813 122577
85813 100935 122577
122577 85813 100935
45319 40434 133878
133878 40434 45319
40434 45319 133878
88762 73256 137071
137071 73256 88762
73256 88762 137071
83777 11129 56958
11129 56958 83777
56958 11129 83777
67729 108705 130059
108705 67729 130059
130059 67729 108705
110788 9013 26034
26034 9013 110788
9013 26034 110788
48549 5555 116930
