147207 20191 32618
20191 32618 147207
32618 20191 147207
101094 4212 92626
92626 4212 101094
4212 92626 101094
146840 98872 148406
148406 98872 146840
98872 146840 148406
61237 40950 139769
139769 40950 61237
40950 61237 139769
52061 52373 120635
52373 52061 120635
120635 52061 52373
97779 83304 94006
94006 83304 97779
83304 94006 97779
37984 6350 103172
6350 37984 103172
103172 6350 37984
54313 56916 108806
56916 54313 108806
108806 54313 56916
140142 73647 83895
83895 73647 140142
73647 83895 140142
105570 47036 134623
47036 105570 134623
134623 47036 105570
5071 35025 148503
148503 5071 35025
35025 5071 148503
121668 106627 142222
142222 106627 121668
106627 121668 142222
123933 42872 114268
42872 114268 123933
114268 42872 123933
21570 34066 118771
34066 21570 118771
118771 21570 34066
90250 28005 133744
133744 28005 90250
28005 90250 133744
136898 76786 129246
129246 76786 136898
76786 129246 136898
88925 97308 122812
97308 88925 122812
122812 88925 97308
126850 43367 90115
90115 43367 126850
43367 90115 126850
81905 50493 79863
50493 79863 81905
79863 50493 81905
148891 68437 115333
68437 115333 148891
115333 68437 148891
15513 8756 24286
8756 15513 24286
24286 8756 15513
121459 47678 102328
47678 102328 121459
102328 47678 121459
48314 102695 138935
138935 48314 102695
102695 48314 138935
111793 57299 134199
57299 111793 134199
134199 57299 111793
130224 59887 74679
74679 59887 130224
59887 74679 130224
138415 99046 117524
117524 99046 138415
99046 117524 138415
21586 103575 114684
103575 21586 114684
114684 21586 103575
3510 8652 123885
8652 3510 123885
123885 3510 8652
1077 5699 26391
5699 1077 26391
26391 1077 5699
72424 81870 88274
81870 72424 88274
88274 72424 81870
68896 113890 128474
113890 68896 128474
128474 68896 113890
140859 35138 36653
35138 36653 140859
36653 35138 140859
42905 39762 126817
39762 42905 126817
126817 39762 42905
135758 64095 135701
64095 135701 135758
135701 64095 135758
129224 22429 82106
22429 82106 129224
82106 22429 129224
37212 1029 36708
36708 1029 37212
1029 36708 37212
33935 63094 148963
63094 33935 148963
148963 33935 63094
80541 52262 83547
83547 52262 80541
52262 80541 83547
34946 95088 131020
131020 34946 95088
95088 34946 131020
135752 25250 125650
25250 125650 135752
125650 25250 135752
16895 70993 128222
128222 16895 70993
70993 16895 128222
18303 37776 76389
76389 18303 37776
37776 18303 76389
20313 10435 119549
10435 20313 119549
119549 10435 20313
47940 93314 119442
119442 47940 93314
93314 47940 119442
96180 29918 30124
29918 30124 96180
30124 29918 96180
37629 118102 128280
128280 37629 118102
118102 37629 128280
16015 32033 100860
100860 16015 32033
32033 16015 100860
3020 41928 43549
43549 3020 41928
41928 3020 43549
8752 83227 110509
83227 8752 110509
110509 8752 83227
114497 70325 71246
70325 71246 114497
71246 70325 114497
111399 134390 144335
134390 111399 144335
144335 111399 134390
128166 28596 103685
103685 28596 128166
28596 103685 128166
129351 17935 120238
17935 120238 129351
120238 17935 129351
85320 49495 105745
105745 49495 85320
49495 85320 105745
35073 5100 113902
5100 35073 113902
113902 5100 35073
129608 41032 55048
41032 55048 129608
55048 41032 129608
116243 16004 132648
132648 16004 116243
16004 116243 132648
31795 54850 134543
134543 31795 54850
54850 31795 134543
16354 105430 116304
116304 16354 105430
105430 16354 116304
137061 13393 32382
13393 32382 137061
32382 13393 137061
90519 36011 47346
47346 36011 90519
36011 47346 90519
4383 97930 141943
141943 4383 97930
97930 4383 141943
83790 12249 18636
18636 12249 83790
12249 18636 83790
47356 48841 124469
48841 47356 124469
124469 47356 48841
111591 11305 58899
11305 58899 111591
58899 11305 111591
142519 39147 137452
39147 137452 142519
137452 39147 142519
102455 31413 39271
31413 39271 102455
39271 31413 102455
75450 36496 86761
36496 75450 86761
86761 36496 75450
1335 3249 59826
3249 1335 59826
59826 1335 3249
126321 25298 92097
25298 92097 126321
92097 25298 126321
105992 97347 142150
97347 105992 142150
142150 97347 105992
91494 17518 58961
17518 58961 91494
58961 17518 91494
81188 133197 145529
145529 81188 133197
133197 81188 145529
98980 743 136122
136122 743 98980
743 98980 136122
124655 89288 143184
89288 124655 143184
143184 89288 124655
10975 10895 115724
10895 10975 115724
115724 10895 10975
132507 80359 105135
80359 105135 132507
105135 80359 132507
42735 28337 114010
28337 42735 114010
114010 28337 42735
12942 36758 145427
145427 12942 36758
36758 12942 145427
141775 37337 106053
106053 37337 141775
37337 106053 141775
31285 85782 103668
85782 31285 103668
103668 31285 85782
128296 49889 69768
49889 69768 128296
69768 49889 128296
82494 28836 102960
28836 82494 102960
102960 28836 82494
45840 60145 100865
100865 45840 60145
60145 45840 100865
107036 6717 121245
121245 6717 107036
6717 107036 121245
88588 55938 101768
101768 55938 88588
55938 88588 101768
55914 113427 133402
113427 55914 133402
133402 55914 113427
19362 6732 85039
85039 6732 19362
6732 19362 85039
133222 51461 60904
51461 60904 133222
60904 51461 133222
8488 19134 108643
108643 8488 19134
19134 8488 108643
34589 20456 126201
20456 34589 126201
126201 20456 34589
12705 3627 56885
56885 3627 12705
3627 12705 56885
136813 746 32718
32718 746 136813
746 32718 136813
62709 36980 58939
58939 36980 62709
36980 58939 62709
52594 44528 86692
44528 52594 86692
86692 44528 52594
147615 36963 131609
131609 36963 147615
36963 131609 147615
122559 44534 144148
144148 44534 122559
44534 122559 144148
111903 51605 83108
83108 51605 111903
51605 83108 111903
106345 7890 112469
112469 7890 106345
7890 106345 112469
52707 81478 107751
107751 52707 81478
81478 52707 107751
91926 29338 61791
29338 61791 91926
61791 29338 91926
392 27087 31219
27087 392 31219
31219 392 27087
17513 40035 129325
40035 17513 129325
129325 17513 40035
66751 59954 67398
59954 66751 67398
67398 59954 66751
4568 47190 82009
82009 4568 47190
47190 4568 82009
107750 103686 120877
103686 107750 120877
120877 103686 107750
46815 78867 90043
78867 46815 90043
90043 46815 78867
18158 28150 111658
28150 18158 111658
111658 18158 28150
76229 41852 125087
41852 76229 125087
125087 41852 76229
137160 7269 111243
111243 7269 137160
7269 111243 137160
138589 33609 133130
133130 33609 138589
33609 133130 138589
59343 86190 130792
86190 59343 130792
130792 59343 86190
134378 5577 53286
5577 53286 134378
53286 5577 134378
69611 9148 12745
12745 9148 69611
9148 12745 69611
44725 38217 131956
131956 38217 44725
38217 44725 131956
3282 61425 90554
61425 3282 90554
90554 3282 61425
28903 18463 121761
18463 28903 121761
121761 18463 28903
76238 45825 47065
45825 47065 76238
47065 45825 76238
20539 84822 121883
84822 20539 121883
121883 20539 84822
18445 32163 72606
72606 18445 32163
32163 18445 72606
102832 52079 87549
87549 52079 102832
52079 87549 102832
68616 5696 83965
83965 5696 68616
5696 68616 83965
113655 24459 89194
24459 89194 113655
89194 24459 113655
62721 39581 83185
83185 39581 62721
39581 62721 83185
55800 103804 121657
103804 55800 121657
121657 55800 103804
4146 30566 101621
101621 4146 30566
30566 4146 101621
7307 54640 146639
146639 7307 54640
54640 7307 146639
85463 15704 111387
15704 85463 111387
111387 15704 85463
49866 116269 121089
121089 49866 116269
116269 49866 121089
51892 11039 39441
11039 39441 51892
39441 11039 51892
40274 1238 55958
1238 40274 55958
55958 1238 40274
94386 68059 71010
68059 71010 94386
71010 68059 94386
97408 75543 123623
123623 75543 97408
75543 97408 123623
139672 33284 105049
105049 33284 139672
33284 105049 139672
144237 3553 55459
3553 55459 144237
55459 3553 144237
108595 20875 147291
20875 108595 147291
147291 20875 108595
39065 8479 50390
50390 8479 39065
8479 39065 50390
82355 31926 137649
137649 31926 82355
31926 82355 137649
51653 84559 109110
109110 51653 84559
84559 51653 109110
37752 55212 57327
57327 37752 55212
55212 37752 57327
18573 76422 95846
95846 18573 76422
76422 18573 95846
118951 26653 78743
78743 26653 118951
26653 78743 118951
128208 8288 16118
16118 8288 128208
8288 16118 128208
33125 81403 123086
123086 33125 81403
81403 33125 123086
82374 30743 117980
30743 82374 117980
117980 30743 82374
108352 77790 141125
141125 77790 108352
77790 108352 141125
132639 16941 130250
130250 16941 132639
16941 130250 132639
16872 63843 141122
141122 16872 63843
63843 16872 141122
16645 77069 118705
77069 16645 118705
118705 16645 77069
118911 76938 100217
100217 76938 118911
76938 100217 118911
110607 104987 108481
108481 104987 110607
104987 108481 110607
36082 69353 124982
69353 36082 124982
124982 36082 69353
39790 52708 112453
52708 39790 112453
112453 39790 52708
109572 63382 146481
146481 63382 109572
63382 109572 146481
84350 55931 128028
128028 55931 84350
55931 84350 128028
74196 80608 92382
92382 74196 80608
80608 74196 92382
119258 47303 79227
47303 79227 119258
79227 47303 119258
32112 18698 58270
18698 32112 58270
58270 18698 32112
98464 5718 88462
88462 5718 98464
5718 88462 98464
135841 23935 116814
23935 116814 135841
116814 23935 135841
53151 102510 144587
102510 53151 144587
144587 53151 102510
9409 54509 56502
56502 9409 54509
54509 9409 56502
57670 36536 59042
36536 57670 59042
59042 36536 57670
71462 64430 145530
64430 71462 145530
145530 64430 71462
43082 19255 82011
82011 19255 43082
19255 43082 82011
110484 56061 110651
56061 110484 110651
110651 56061 110484
6464 7858 99934
99934 6464 7858
7858 6464 99934
102340 70741 81519
70741 81519 102340
81519 70741 102340
101603 30485 100811
100811 30485 101603
30485 100811 101603
112501 22125 47710
47710 22125 112501
22125 47710 112501
1848 20465 130476
20465 1848 130476
130476 1848 20465
22216 62625 106355
106355 22216 62625
62625 22216 106355
134980 95091 133227
133227 95091 134980
95091 133227 134980
76958 20599 91153
91153 20599 76958
20599 76958 91153
29774 53261 103878
103878 29774 53261
53261 29774 103878
135552 54999 143058
143058 54999 135552
54999 135552 143058
119384 89956 105018
89956 105018 119384
105018 89956 119384
52198 2935 126184
126184 2935 52198
2935 52198 126184
63886 13470 146328
13470 63886 146328
146328 13470 63886
62074 134175 138925
138925 62074 134175
134175 62074 138925
43212 103201 117230
117230 43212 103201
103201 43212 117230
142434 106822 115617
106822 115617 142434
115617 106822 142434
112971 24815 149055
149055 24815 112971
24815 112971 149055
118404 10817 135355
10817 118404 135355
135355 10817 118404
7114 49305 57130
57130 7114 49305
49305 7114 57130
136043 10311 41193
41193 10311 136043
10311 41193 136043
75644 32131 100000
32131 75644 100000
100000 32131 75644
66935 30806 147371
30806 66935 147371
147371 30806 66935
115750 58417 80174
80174 58417 115750
58417 80174 115750
136461 76797 149555
76797 136461 149555
149555 76797 136461
43095 117744 144331
117744 43095 144331
144331 43095 117744
12398 12262 32450
12262 12398 32450
32450 12262 12398
79850 41345 99583
99583 41345 79850
41345 79850 99583
108674 94115 96228
94115 96228 108674
96228 94115 108674
128038 30479 125553
125553 30479 128038
30479 125553 128038
31776 68957 110658
110658 31776 68957
68957 31776 110658
107111 35817 98500
98500 35817 107111
35817 98500 107111
39223 43712 134405
43712 39223 134405
134405 39223 43712
98658 61763 100940
61763 98658 100940
100940 61763 98658
146856 5549 133735
5549 133735 146856
133735 5549 146856
27770 35597 89163
89163 27770 35597
35597 27770 89163
120943 79709 87720
79709 87720 120943
87720 79709 120943
30477 36320 121631
121631 30477 36320
36320 30477 121631
105390 13222 59075
59075 13222 105390
13222 59075 105390
56197 53773 77681
77681 53773 56197
53773 56197 77681
127918 9542 85291
85291 9542 127918
9542 85291 127918
89969 43310 95668
43310 89969 95668
95668 43310 89969
78132 28513 37425
28513 37425 78132
37425 28513 78132
52697 91209 93369
91209 52697 93369
93369 52697 91209
128837 36614 145736
145736 36614 128837
36614 128837 145736
13445 59291 100373
100373 13445 59291
59291 13445 100373
74662 370 80849
370 74662 80849
80849 370 74662
93365 35076 60528
35076 60528 93365
60528 35076 93365
131891 139441 147603
147603 131891 139441
139441 131891 147603
65729 13010 57524
57524 13010 65729
13010 57524 65729
61820 42369 123432
42369 61820 123432
123432 42369 61820
14743 32637 140785
140785 14743 32637
32637 14743 140785
104429 8502 125783
125783 8502 104429
8502 104429 125783
144219 17348 17860
17348 17860 144219
17860 17348 144219
106426 87526 93698
93698 87526 106426
87526 93698 106426
118187 105436 115518
105436 115518 118187
115518 105436 118187
20210 9910 48498
48498 9910 20210
9910 20210 48498
120021 34169 87155
87155 34169 120021
34169 87155 120021
2354 55360 123708
55360 2354 123708
123708 2354 55360
142567 255 17396
17396 255 142567
255 17396 142567
5615 37394 117089
117089 5615 37394
37394 5615 117089
115634 18122 50690
18122 50690 115634
50690 18122 115634
116600 22081 53412
53412 22081 116600
22081 53412 116600
82037 66145 82762
82762 66145 82037
66145 82037 82762
23367 66486 74561
66486 23367 74561
74561 23367 66486
146211 17589 120642
120642 17589 146211
17589 120642 146211
31290 76440 129815
76440 31290 129815
129815 31290 76440
11424 99294 136499
99294 11424 136499
136499 11424 99294
84504 84100 111021
84100 84504 111021
111021 84100 84504
149234 104040 148463
104040 148463 149234
148463 104040 149234
145141 10675 81326
81326 10675 145141
10675 81326 145141
29777 67583 117414
67583 29777 117414
117414 29777 67583
65642 80800 136034
80800 65642 136034
136034 65642 80800
53823 80105 123777
123777 53823 80105
80105 53823 123777
137599 55864 61793
55864 61793 137599
61793 55864 137599
20022 17642 64569
17642 20022 64569
64569 17642 20022
37322 68982 147674
68982 37322 147674
147674 37322 68982
146543 31239 73853
31239 73853 146543
73853 31239 146543
50070 39725 93111
39725 50070 93111
93111 39725 50070
29232 138128 149262
138128 29232 149262
149262 29232 138128
146161 47616 102802
102802 47616 146161
47616 102802 146161
42435 4984 34924
4984 34924 42435
34924 4984 42435
121386 69156 116829
69156 116829 121386
116829 69156 121386
127663 105098 107561
107561 105098 127663
105098 107561 127663
37997 77079 99536
77079 37997 99536
99536 37997 77079
35838 36584 76501
76501 35838 36584
36584 35838 76501
134521 21994 38242
21994 38242 134521
38242 21994 134521
61493 46222 105964
105964 46222 61493
46222 61493 105964
49167 83897 122020
83897 49167 122020
122020 49167 83897
86017 7977 68095
68095 7977 86017
7977 68095 86017
94373 30613 118398
30613 94373 118398
118398 30613 94373
44433 25860 137360
137360 25860 44433
25860 44433 137360
129431 72448 80896
80896 72448 129431
72448 80896 129431
84351 58854 66456
66456 58854 84351
58854 66456 84351
1777 12328 144259
12328 1777 144259
144259 1777 12328
106878 75988 95707
75988 95707 106878
95707 75988 106878
114408 48849 80579
80579 48849 114408
48849 80579 114408
72672 44073 117225
44073 72672 117225
117225 44073 72672
39091 24123 96740
96740 24123 39091
24123 39091 96740
103972 98950 123492
123492 98950 103972
98950 103972 123492
117131 88791 115738
88791 115738 117131
115738 88791 117131
76001 53644 141911
53644 76001 141911
141911 53644 76001
19638 13008 53217
53217 13008 19638
13008 19638 53217
10345 79247 130432
79247 10345 130432
130432 10345 79247
81913 35874 100019
100019 35874 81913
35874 81913 100019
73836 115961 134328
134328 73836 115961
115961 73836 134328
98650 65583 66548
66548 65583 98650
65583 66548 98650
44100 32317 77841
32317 44100 77841
77841 32317 44100
56133 87442 126122
87442 56133 126122
126122 56133 87442
108611 72623 74430
72623 74430 108611
74430 72623 108611
1991 20960 29299
20960 1991 29299
29299 1991 20960
6184 1480 3648
3648 1480 6184
1480 3648 6184
122055 23101 32414
23101 32414 122055
32414 23101 122055
31766 11735 110890
11735 31766 110890
110890 11735 31766
47739 33932 125257
125257 33932 47739
33932 47739 125257
5901 50719 61760
61760 5901 50719
50719 5901 61760
39568 102766 110546
102766 39568 110546
110546 39568 102766
87537 51689 98337
98337 51689 87537
51689 87537 98337
145107 116803 142101
116803 142101 145107
142101 116803 145107
111954 31910 97398
97398 31910 111954
31910 97398 111954
121253 39792 125995
125995 39792 121253
39792 121253 125995
42564 65665 134340
134340 42564 65665
65665 42564 134340
20871 110688 140936
110688 20871 140936
140936 20871 110688
126343 69612 107663
69612 107663 126343
107663 69612 126343
103242 45131 69131
45131 69131 103242
69131 45131 103242
43055 48947 134750
134750 43055 48947
48947 43055 134750
93994 41483 123949
41483 93994 123949
123949 41483 93994
7386 16639 104466
16639 7386 104466
104466 7386 16639
74156 83545 149468
149468 74156 83545
83545 74156 149468
37517 105064 142444
142444 37517 105064
105064 37517 142444
20680 31062 71724
31062 20680 71724
71724 20680 31062
46234 37439 79913
79913 37439 46234
37439 46234 79913
97869 61912 133304
133304 61912 97869
61912 97869 133304
108469 6876 91164
6876 91164 108469
91164 6876 108469
77413 22043 89338
89338 22043 77413
22043 77413 89338
120414 100145 117927
100145 117927 120414
117927 100145 120414
149598 50269 88709
50269 88709 149598
88709 50269 149598
12990 73512 107937
73512 12990 107937
107937 12990 73512
124882 75903 102921
75903 102921 124882
102921 75903 124882
33489 88072 124700
124700 33489 88072
88072 33489 124700
123082 27032 61378
61378 27032 123082
27032 61378 123082
116633 46063 115753
46063 115753 116633
115753 46063 116633
26628 2979 87950
2979 26628 87950
87950 2979 26628
37835 40360 148830
148830 37835 40360
40360 37835 148830
77647 78803 127698
127698 77647 78803
78803 77647 127698
6340 130619 141905
130619 6340 141905
141905 6340 130619
113498 12543 77000
12543 77000 113498
77000 12543 113498
57464 30652 48501
30652 48501 57464
48501 30652 57464
31904 50651 82945
82945 31904 50651
50651 31904 82945
78263 31489 101624
31489 78263 101624
101624 31489 78263
67829 98609 129245
129245 67829 98609
98609 67829 129245
112128 32488 146223
146223 32488 112128
32488 112128 146223
12960 69567 118301
118301 12960 69567
69567 12960 118301
111165 47037 105707
47037 105707 111165
105707 47037 111165
79021 43726 107348
43726 79021 107348
107348 43726 79021
5851 91331 142442
91331 5851 142442
142442 5851 91331
89619 72225 124208
72225 89619 124208
124208 72225 89619
53636 79891 120317
120317 53636 79891
79891 53636 120317
7985 47288 86776
86776 7985 47288
47288 7985 86776
137807 56037 111525
111525 56037 137807
56037 111525 137807
136433 79738 145780
79738 136433 145780
145780 79738 136433
119468 35904 103035
103035 35904 119468
35904 103035 119468
13415 101425 112887
112887 13415 101425
101425 13415 112887
9226 18287 76915
18287 9226 76915
76915 9226 18287
59605 9213 95725
95725 9213 59605
9213 59605 95725
90314 68277 131585
131585 68277 90314
68277 90314 131585
70300 128847 138741
128847 70300 138741
138741 70300 128847
137311 34786 75483
34786 75483 137311
75483 34786 137311
20053 7217 28901
7217 20053 28901
28901 7217 20053
145634 4992 91630
91630 4992 145634
4992 91630 145634
114952 54915 118062
54915 114952 118062
118062 54915 114952
8009 32309 100006
100006 8009 32309
32309 8009 100006
58337 98000 127695
127695 58337 98000
98000 58337 127695
147836 6328 87065
87065 6328 147836
6328 87065 147836
54528 60179 66905
66905 54528 60179
60179 54528 66905
75740 76777 148692
76777 75740 148692
148692 75740 76777
52584 55783 91522
91522 52584 55783
55783 52584 91522
80823 98079 142090
142090 80823 98079
98079 80823 142090
44337 6124 77095
77095 6124 44337
6124 44337 77095
29490 85842 109701
85842 29490 109701
109701 29490 85842
4760 102683 130211
102683 4760 130211
130211 4760 102683
7923 9750 136165
136165 7923 9750
9750 7923 136165
44915 99369 141329
99369 44915 141329
141329 44915 99369
92180 58775 88130
58775 88130 92180
88130 58775 92180
145264 126694 135536
126694 135536 145264
135536 126694 145264
26926 109125 127941
109125 26926 127941
127941 26926 109125
81072 65469 98371
98371 65469 81072
65469 81072 98371
148626 58062 145060
58062 145060 148626
145060 58062 148626
44539 24137 65043
65043 24137 44539
24137 44539 65043
94455 52921 129768
129768 52921 94455
52921 94455 129768
1518 27829 73341
27829 1518 73341
73341 1518 27829
65933 42547 90515
90515 42547 65933
42547 65933 90515
129546 74488 90317
74488 90317 129546
90317 74488 129546
73169 65779 93192
65779 73169 93192
93192 65779 73169
149432 2821 20654
2821 20654 149432
20654 2821 149432
93856 11118 120599
120599 11118 93856
11118 93856 120599
2317 69244 125316
69244 2317 125316
125316 2317 69244
117515 35942 82328
35942 82328 117515
82328 35942 117515
138839 54197 82684
82684 54197 138839
54197 82684 138839
23408 2393 86609
86609 2393 23408
2393 23408 86609
35355 64640 136086
64640 35355 136086
136086 35355 64640
24547 114391 135599
135599 24547 114391
114391 24547 135599
20109 16841 79088
79088 16841 20109
16841 20109 79088
26786 69670 98124
69670 26786 98124
98124 26786 69670
83990 40654 52375
52375 40654 83990
40654 52375 83990
21265 88335 135038
135038 21265 88335
88335 21265 135038
87500 125043 127280
125043 87500 127280
127280 87500 125043
4468 40527 92176
40527 4468 92176
92176 4468 40527
76899 41103 60102
41103 60102 76899
60102 41103 76899
21320 70374 85665
70374 21320 85665
85665 21320 70374
56781 37202 102937
102937 37202 56781
37202 56781 102937
110586 31033 100714
100714 31033 110586
31033 100714 110586
148540 21972 82936
82936 21972 148540
21972 82936 148540
83110 146921 148581
146921 83110 148581
148581 83110 146921
75265 101864 133885
101864 75265 133885
133885 75265 101864
30044 19099 32836
32836 19099 30044
19099 30044 32836
84551 38034 73286
73286 38034 84551
38034 73286 84551
86732 67594 109873
109873 67594 86732
67594 86732 109873
60642 73899 99280
99280 60642 73899
73899 60642 99280
56387 26852 149206
149206 26852 56387
26852 56387 149206
90961 69860 124878
69860 90961 124878
124878 69860 90961
115644 15993 34532
15993 34532 115644
34532 15993 115644
112645 7255 121396
121396 7255 112645
7255 112645 121396
134514 69206 126095
126095 69206 134514
69206 126095 134514
99431 20769 82470
82470 20769 99431
20769 82470 99431
100585 35185 115581
35185 100585 115581
115581 35185 100585
51294 20118 39653
39653 20118 51294
20118 39653 51294
13789 40598 149656
149656 13789 40598
40598 13789 149656
14492 51097 87360
51097 14492 87360
87360 14492 51097
149875 79604 124792
124792 79604 149875
79604 124792 149875
81630 112536 127962
112536 81630 127962
127962 81630 112536
10161 82490 102899
102899 10161 82490
82490 10161 102899
97755 10292 57366
10292 57366 97755
57366 10292 97755
10356 58865 144687
144687 10356 58865
58865 10356 144687
23409 24339 44510
24339 23409 44510
44510 23409 24339
73536 62046 115109
115109 62046 73536
62046 73536 115109
143556 97267 101065
97267 101065 143556
101065 97267 143556
85726 113393 115025
113393 85726 115025
115025 85726 113393
60601 41727 93933
93933 41727 60601
41727 60601 93933
91043 2791 111977
111977 2791 91043
2791 91043 111977
3143 42236 131790
42236 3143 131790
131790 3143 42236
74256 25686 29937
29937 25686 74256
25686 29937 74256
61734 11435 104798
104798 11435 61734
11435 61734 104798
95655 18414 62000
18414 62000 95655
62000 18414 95655
128267 83412 124211
124211 83412 128267
83412 124211 128267
108467 44574 103112
103112 44574 108467
44574 103112 108467
101563 80199 103053
80199 101563 103053
103053 80199 101563
144854 1874 145704
145704 1874 144854
1874 144854 145704
40481 41774 53810
53810 40481 41774
41774 40481 53810
57027 70236 139864
70236 57027 139864
139864 57027 70236
96167 96143 128200
128200 96143 96167
96143 96167 128200
14352 25158 45339
25158 14352 45339
45339 14352 25158
91135 50967 78884
78884 50967 91135
50967 78884 91135
121682 25900 129238
129238 25900 121682
25900 121682 129238
32054 1297 3655
1297 3655 32054
3655 1297 32054
2096 46550 59662
59662 2096 46550
46550 2096 59662
61409 27740 34617
34617 27740 61409
27740 34617 61409
132614 19418 44921
19418 44921 132614
44921 19418 132614
24111 91000 148137
148137 24111 91000
91000 24111 148137
38130 306 87163
87163 306 38130
306 38130 87163
75342 97403 119199
97403 75342 119199
119199 75342 97403
147239 94770 126344
94770 126344 147239
126344 94770 147239
27091 86882 90087
90087 27091 86882
86882 27091 90087
115274 30239 129305
30239 115274 129305
129305 30239 115274
69445 77422 102700
77422 69445 102700
102700 69445 77422
12627 9162 33302
33302 9162 12627
9162 12627 33302
31016 32175 127875
127875 31016 32175
32175 31016 127875
76836 2832 70141
70141 2832 76836
2832 70141 76836
23912 130289 136806
130289 23912 136806
136806 23912 130289
67129 23228 106903
106903 23228 67129
23228 67129 106903
29964 8844 138381
138381 8844 29964
8844 29964 138381
21591 538 116298
538 21591 116298
116298 538 21591
31798 35988 125904
35988 31798 125904
125904 31798 35988
95476 88217 104179
104179 88217 95476
88217 95476 104179
103425 35989 135404
135404 35989 103425
35989 103425 135404
105751 27994 94269
27994 94269 105751
94269 27994 105751
58915 111972 116910
116910 58915 111972
111972 58915 116910
72575 39445 53238
53238 39445 72575
39445 53238 72575
105550 89118 128971
89118 105550 128971
128971 89118 105550
96409 111800 118732
111800 96409 118732
118732 96409 111800
133544 107781 127800
127800 107781 133544
107781 127800 133544
48476 35929 80928
80928 35929 48476
35929 48476 80928
82202 53040 75363
75363 53040 82202
53040 75363 82202
68630 14783 82430
14783 68630 82430
82430 14783 68630
34727 45071 103100
103100 34727 45071
45071 34727 103100
129379 105938 107736
107736 105938 129379
105938 107736 129379
37816 27832 103055
27832 37816 103055
103055 27832 37816
69348 59699 139193
139193 59699 69348
59699 69348 139193
80509 6745 80832
6745 80509 80832
80832 6745 80509
148229 399 148730
399 148229 148730
148730 399 148229
79286 22187 117734
117734 22187 79286
22187 79286 117734
41820 76316 144592
144592 41820 76316
76316 41820 144592
5439 74100 134867
74100 5439 134867
134867 5439 74100
77502 53121 55862
55862 53121 77502
53121 55862 77502
50979 40376 123041
40376 50979 123041
123041 40376 50979
109128 19306 98783
98783 19306 109128
19306 98783 109128
113673 22230 134168
22230 113673 134168
134168 22230 113673
103927 93767 141489
141489 93767 103927
93767 103927 141489
102637 124318 140727
124318 102637 140727
140727 102637 124318
78879 68578 119740
119740 68578 78879
68578 78879 119740
127065 31761 108468
31761 108468 127065
108468 31761 127065
121774 66035 81191
81191 66035 121774
66035 81191 121774
101114 13028 118064
13028 101114 118064
118064 13028 101114
34539 47018 124788
124788 34539 47018
47018 34539 124788
11281 107537 143860
143860 11281 107537
107537 11281 143860
102376 11626 107664
11626 102376 107664
107664 11626 102376
47767 2435 59558
2435 47767 59558
59558 2435 47767
129315 26588 148756
148756 26588 129315
26588 129315 148756
56940 27343 144293
27343 56940 144293
144293 27343 56940
76559 128526 131930
128526 76559 131930
131930 76559 128526
103103 28812 89652
28812 89652 103103
89652 28812 103103
82822 69292 98457
69292 82822 98457
98457 69292 82822
137980 106274 112555
112555 106274 137980
106274 112555 137980
76237 66989 95260
66989 76237 95260
95260 66989 76237
104201 40173 40422
40173 40422 104201
40422 40173 104201
49399 8665 17006
17006 8665 49399
8665 17006 49399
24196 44807 143864
143864 24196 44807
44807 24196 143864
136582 9713 148940
9713 136582 148940
148940 9713 136582
68278 143469 148748
143469 68278 148748
148748 68278 143469
34215 18708 55591
55591 18708 34215
18708 34215 55591
77162 57544 105294
105294 57544 77162
57544 77162 105294
34097 25057 126101
126101 25057 34097
25057 34097 126101
53883 61564 131628
131628 53883 61564
61564 53883 131628
76043 5580 65343
5580 65343 76043
65343 5580 76043
37785 18555 138583
138583 18555 37785
18555 37785 138583
125676 37314 149180
37314 125676 149180
149180 37314 125676
130370 28831 143008
28831 130370 143008
143008 28831 130370
147705 1581 110085
110085 1581 147705
1581 110085 147705
108838 6914 63088
63088 6914 108838
6914 63088 108838
45204 24027 52514
52514 24027 45204
24027 45204 52514
38572 8695 40171
40171 8695 38572
8695 38572 40171
102035 102435 120477
102435 102035 120477
120477 102035 102435
27902 33508 98854
98854 27902 33508
33508 27902 98854
63513 33001 133143
133143 33001 63513
33001 63513 133143
146279 52482 55157
55157 52482 146279
52482 55157 146279
126578 19128 107414
107414 19128 126578
19128 107414 126578
88508 88322 140047
88322 88508 140047
140047 88322 88508
109698 123518 142372
142372 109698 123518
123518 109698 142372
91422 60646 143725
143725 60646 91422
60646 91422 143725
30960 40161 114130
114130 30960 40161
40161 30960 114130
81105 39869 53533
53533 39869 81105
39869 53533 81105
147977 13040 145097
13040 145097 147977
145097 13040 147977
121829 86746 121408
86746 121408 121829
121408 86746 121829
40110 84215 149813
149813 40110 84215
84215 40110 149813
130233 19431 146105
19431 130233 146105
146105 19431 130233
87497 2106 111462
2106 87497 111462
111462 2106 87497
127491 1540 49391
1540 49391 127491
49391 1540 127491
2890 26298 86980
26298 2890 86980
86980 2890 26298
54484 55632 119160
119160 54484 55632
55632 54484 119160
69239 63900 68543
68543 63900 69239
63900 68543 69239
131880 74622 141801
74622 131880 141801
141801 74622 131880
86362 10863 54090
54090 10863 86362
10863 54090 86362
49998 1197 90833
1197 49998 90833
90833 1197 49998
84641 70695 91197
70695 84641 91197
91197 70695 84641
131115 39360 63086
39360 63086 131115
63086 39360 131115
67102 18944 124688
124688 18944 67102
18944 67102 124688
61112 67495 107793
67495 61112 107793
107793 61112 67495
105022 83377 88959
88959 83377 105022
83377 88959 105022
63699 25765 106909
106909 25765 63699
25765 63699 106909
53588 63409 87343
87343 53588 63409
63409 53588 87343
38886 88343 88347
88347 38886 88343
88343 38886 88347
143154 116271 125356
125356 116271 143154
116271 125356 143154
51570 19548 142470
19548 51570 142470
142470 19548 51570
130141 9680 35756
35756 9680 130141
9680 35756 130141
116111 8998 145016
145016 8998 116111
8998 116111 145016
33295 13876 76300
13876 33295 76300
76300 13876 33295
69582 92975 112646
92975 69582 112646
112646 69582 92975
107463 123502 123687
123502 107463 123687
123687 107463 123502
85901 108623 112756
112756 85901 108623
108623 85901 112756
75015 56660 149772
149772 56660 75015
56660 75015 149772
27711 132635 132952
132635 27711 132952
132952 27711 132635
142144 49385 85123
49385 85123 142144
85123 49385 142144
38617 12334 100293
12334 38617 100293
100293 12334 38617
110011 85978 118849
85978 110011 118849
118849 85978 110011
93927 41602 82499
41602 82499 93927
82499 41602 93927
26178 89219 102365
89219 26178 102365
102365 26178 89219
26268 34609 59651
34609 26268 59651
59651 26268 34609
136848 52266 65249
52266 65249 136848
65249 52266 136848
44663 92275 148738
148738 44663 92275
92275 44663 148738
138501 80899 139767
139767 80899 138501
80899 138501 139767
57540 39800 70997
39800 57540 70997
70997 39800 57540
111859 96885 139713
139713 96885 111859
96885 111859 139713
112122 31833 97286
31833 97286 112122
97286 31833 112122
39539 61798 138625
61798 39539 138625
138625 39539 61798
50218 29597 86748
86748 29597 50218
29597 50218 86748
135615 43341 94618
43341 94618 135615
94618 43341 135615
79157 5819 82147
5819 79157 82147
82147 5819 79157
31667 10380 115550
10380 31667 115550
115550 10380 31667
56975 19592 66252
66252 19592 56975
19592 56975 66252
69800 93996 146807
93996 69800 146807
146807 69800 93996
9678 108708 142983
108708 9678 142983
142983 9678 108708
74773 32935 66457
66457 32935 74773
32935 66457 74773
119565 22840 67269
22840 67269 119565
67269 22840 119565
36498 41319 141958
141958 36498 41319
41319 36498 141958
43373 49378 54991
49378 43373 54991
54991 43373 49378
51431 59801 133047
133047 51431 59801
59801 51431 133047
77352 123068 125275
123068 77352 125275
125275 77352 123068
106029 27405 80953
27405 80953 106029
80953 27405 106029
100420 109450 137098
137098 100420 109450
109450 100420 137098
64590 32954 80681
80681 32954 64590
32954 64590 80681
62140 108391 116109
116109 62140 108391
108391 62140 116109
73252 52319 99531
52319 73252 99531
99531 52319 73252
42316 11724 54334
11724 42316 54334
54334 11724 42316
149264 107445 145231
107445 145231 149264
145231 107445 149264
6146 96297 136897
96297 6146 136897
136897 6146 96297
50933 85674 122233
122233 50933 85674
85674 50933 122233
140833 33460 106442
106442 33460 140833
33460 106442 140833
48627 104042 145150
145150 48627 104042
104042 48627 145150
67133 61252 86306
86306 61252 67133
61252 67133 86306
72822 3920 7838
3920 7838 72822
7838 3920 72822
113684 61051 79852
61051 79852 113684
79852 61051 113684
49942 54979 140401
140401 49942 54979
54979 49942 140401
9153 19160 66568
19160 9153 66568
66568 9153 19160
80657 7370 76585
7370 76585 80657
76585 7370 80657
50474 15863 37271
15863 37271 50474
37271 15863 50474
19086 8543 137827
8543 19086 137827
137827 8543 19086
12785 30765 35252
35252 12785 30765
30765 12785 35252
22456 79521 109916
79521 22456 109916
109916 22456 79521
25803 45499 92694
92694 25803 45499
45499 25803 92694
17679 24785 149870
149870 17679 24785
24785 17679 149870
133829 39917 59105
59105 39917 133829
39917 59105 133829
2688 31802 83660
83660 2688 31802
31802 2688 83660
55630 19841 33510
19841 33510 55630
33510 19841 55630
15576 24362 51271
24362 15576 51271
51271 15576 24362
34162 6520 76957
6520 34162 76957
76957 6520 34162
10826 39887 98128
98128 10826 39887
39887 10826 98128
53281 52699 56497
52699 53281 56497
56497 52699 53281
26630 29717 138101
138101 26630 29717
29717 26630 138101
62557 36995 146826
36995 62557 146826
146826 36995 62557
57857 50869 55848
50869 55848 57857
55848 50869 57857
2824 10689 102121
102121 2824 10689
10689 2824 102121
15862 24801 50899
24801 15862 50899
50899 15862 24801
117891 48571 104681
48571 104681 117891
104681 48571 117891
75381 79200 124532
79200 75381 124532
124532 75381 79200
4714 28147 70241
70241 4714 28147
28147 4714 70241
125901 47855 122054
47855 122054 125901
122054 47855 125901
93547 38227 57140
57140 38227 93547
38227 57140 93547
69263 71557 94919
94919 69263 71557
71557 69263 94919
130875 46125 148214
46125 130875 148214
148214 46125 130875
55652 66320 131344
66320 55652 131344
131344 55652 66320
34060 110131 119893
119893 34060 110131
110131 34060 119893
100334 75328 100467
75328 100334 100467
100467 75328 100334
7229 6211 102296
102296 6211 7229
6211 7229 102296
89268 22225 74070
74070 22225 89268
22225 74070 89268
48950 124649 142098
142098 48950 124649
124649 48950 142098
49576 49096 117288
49096 49576 117288
117288 49096 49576
26044 3696 110973
110973 3696 26044
3696 26044 110973
131693 25802 113072
113072 25802 131693
25802 113072 131693
140496 60464 74131
74131 60464 140496
60464 74131 140496
9265 20005 119811
20005 9265 119811
119811 9265 20005
135393 70462 103727
103727 70462 135393
70462 103727 135393
139592 118378 132956
118378 132956 139592
132956 118378 139592
39926 82613 123882
123882 39926 82613
82613 39926 123882
19884 90645 109494
90645 19884 109494
109494 19884 90645
23882 61850 136800
61850 23882 136800
136800 23882 61850
94538 34870 129604
129604 34870 94538
34870 94538 129604
29524 6711 24595
6711 24595 29524
24595 6711 29524
137047 57068 88613
88613 57068 137047
57068 88613 137047
2797 52775 99091
52775 2797 99091
99091 2797 52775
135770 11893 17790
11893 17790 135770
17790 11893 135770
26470 28752 59377
28752 26470 59377
59377 26470 28752
50406 42490 98903
42490 50406 98903
98903 42490 50406
108229 1825 13596
13596 1825 108229
1825 13596 108229
98338 103507 130849
103507 98338 130849
130849 98338 103507
99981 30183 113795
30183 99981 113795
113795 30183 99981
145086 20293 79215
79215 20293 145086
20293 79215 145086
33306 93197 125185
125185 33306 93197
93197 33306 125185
121882 87105 99335
87105 99335 121882
99335 87105 121882
120371 471 81392
81392 471 120371
471 81392 120371
62914 26314 115655
115655 26314 62914
26314 62914 115655
36611 8882 25437
8882 25437 36611
25437 8882 36611
48069 121899 124661
124661 48069 121899
121899 48069 124661
70258 88288 120256
120256 70258 88288
88288 70258 120256
75398 49750 62305
49750 62305 75398
62305 49750 75398
59777 67743 114056
114056 59777 67743
67743 59777 114056
126645 23207 135045
135045 23207 126645
23207 126645 135045
1741 9125 119686
9125 1741 119686
119686 1741 9125
109635 52636 59812
52636 59812 109635
59812 52636 109635
130673 5044 92835
92835 5044 130673
5044 92835 130673
75142 36711 106401
106401 36711 75142
36711 75142 106401
145057 106445 149621
149621 106445 145057
106445 145057 149621
40718 7894 64421
64421 7894 40718
7894 40718 64421
32906 108779 140181
140181 32906 108779
108779 32906 140181
60380 24717 65744
24717 60380 65744
65744 24717 60380
37826 47694 106575
47694 37826 106575
106575 37826 47694
11551 15270 56448
56448 11551 15270
15270 11551 56448
38050 91655 98845
91655 38050 98845
98845 38050 91655
99026 7592 146276
7592 99026 146276
146276 7592 99026
12750 59564 77869
59564 12750 77869
77869 12750 59564
27393 123452 149921
123452 27393 149921
149921 27393 123452
39577 7967 31749
31749 7967 39577
7967 31749 39577
6904 55751 109615
55751 6904 109615
109615 6904 55751
101134 100609 103009
100609 101134 103009
103009 100609 101134
4390 125038 131520
131520 4390 125038
125038 4390 131520
22863 34180 145069
145069 22863 34180
34180 22863 145069
68134 88428 99619
88428 68134 99619
99619 68134 88428
4037 46514 121987
46514 4037 121987
121987 4037 46514
42742 77563 102134
77563 42742 102134
102134 42742 77563
102504 43181 45254
45254 43181 102504
43181 45254 102504
105787 26421 106811
26421 105787 106811
106811 26421 105787
5644 30452 38337
38337 5644 30452
30452 5644 38337
44656 58933 86165
58933 44656 86165
86165 44656 58933
142993 32095 75226
75226 32095 142993
32095 75226 142993
135412 64708 104954
104954 64708 135412
64708 104954 135412
66823 12323 16213
12323 16213 66823
16213 12323 66823
128146 1650 102922
102922 1650 128146
1650 102922 128146
144706 18787 124346
18787 124346 144706
124346 18787 144706
86673 3007 103265
3007 86673 103265
103265 3007 86673
118979 96279 130635
96279 118979 130635
130635 96279 118979
120521 5238 63560
5238 63560 120521
63560 5238 120521
14082 108502 110227
110227 14082 108502
108502 14082 110227
43004 24913 87226
24913 43004 87226
87226 24913 43004
103744 13148 73400
13148 73400 103744
73400 13148 103744
63695 5231 20223
5231 20223 63695
20223 5231 63695
27215 34314 119539
34314 27215 119539
119539 27215 34314
82863 86253 148739
86253 82863 148739
148739 82863 86253
59296 67680 103849
103849 59296 67680
67680 59296 103849
103218 6200 133429
133429 6200 103218
6200 103218 133429
119672 84965 121146
121146 84965 119672
84965 119672 121146
149854 89414 114369
89414 114369 149854
114369 89414 149854
75790 45546 98736
45546 75790 98736
98736 45546 75790
130939 6057 26024
6057 26024 130939
26024 6057 130939
117364 60374 147050
60374 117364 147050
147050 60374 117364
130313 93932 116267
93932 116267 130313
116267 93932 130313
99450 74588 88226
88226 74588 99450
74588 88226 99450
19276 79354 130700
79354 19276 130700
130700 19276 79354
67879 49166 94489
94489 49166 67879
49166 67879 94489
69073 24623 140762
140762 24623 69073
24623 69073 140762
149041 55829 111539
55829 111539 149041
111539 55829 149041
126595 28619 81197
81197 28619 126595
28619 81197 126595
83467 29552 122886
29552 83467 122886
122886 29552 83467
90310 87208 120842
120842 87208 90310
87208 90310 120842
78315 33163 38078
33163 38078 78315
38078 33163 78315
127089 15035 134963
15035 127089 134963
134963 15035 127089
9707 26067 142798
26067 9707 142798
142798 9707 26067
81075 49956 111622
49956 81075 111622
111622 49956 81075
17649 71616 141385
141385 17649 71616
71616 17649 141385
63057 55726 119070
119070 55726 63057
55726 63057 119070
36878 2759 107155
2759 36878 107155
107155 2759 36878
40879 19042 69306
19042 40879 69306
69306 19042 40879
52109 53755 132872
53755 52109 132872
132872 52109 53755
104416 19164 139312
19164 104416 139312
139312 19164 104416
16377 37726 93302
93302 16377 37726
37726 16377 93302
62593 6377 149547
149547 6377 62593
6377 62593 149547
