3598 4587 8697
4587 3598 8697
8697 3598 4587
12315 4296 6527
4296 6527 12315
6527 4296 12315
7269 9143 10316
9143 7269 10316
10316 7269 9143
13938 5715 13588
5715 13588 13938
13588 5715 13938
4956 2775 12465
12465 2775 4956
2775 4956 12465
9170 5595 8049
8049 5595 9170
5595 8049 9170
4553 2132 8721
8721 2132 4553
2132 4553 8721
529 5914 7204
5914 529 7204
7204 529 5914
6588 2783 7582
2783 6588 7582
7582 2783 6588
696 1914 13329
13329 696 1914
1914 696 13329
10705 8092 14315
8092 10705 14315
14315 8092 10705
1202 6450 6963
6450 1202 6963
6963 1202 6450
6028 921 10657
921 6028 10657
10657 921 6028
1810 6361 12989
6361 1810 12989
12989 1810 6361
11132 461 14964
14964 461 11132
461 11132 14964
10124 9739 9781
9781 9739 10124
9739 9781 10124
3614 5471 6394
6394 3614 5471
5471 3614 6394
5240 1556 9619
1556 5240 9619
9619 1556 5240
12434 3524 13512
3524 12434 13512
13512 3524 12434
9636 8078 10783
8078 9636 10783
10783 8078 9636
11194 2591 5514
5514 2591 11194
2591 5514 11194
3875 5434 8133
8133 3875 5434
5434 3875 8133
2535 413 6823
6823 413 2535
413 2535 6823
11571 584 695
695 584 11571
584 695 11571
9746 922 14297
14297 922 9746
922 9746 14297
6253 6636 8131
6636 6253 8131
8131 6253 6636
10507 7514 11088
7514 10507 11088
11088 7514 10507
7385 13263 14328
14328 7385 13263
13263 7385 14328
7391 2092 9312
2092 7391 9312
9312 2092 7391
14651 2371 5125
5125 2371 14651
2371 5125 14651
10781 7647 13308
13308 7647 10781
7647 10781 13308
6739 4333 14905
14905 4333 6739
4333 6739 14905
2588 9080 13893
13893 2588 9080
9080 2588 13893
14686 12442 13800
13800 12442 14686
12442 13800 14686
8923 6273 8252
8252 6273 8923
6273 8252 8923
14198 740 7872
740 7872 14198
7872 740 14198
14648 10107 12803
12803 10107 14648
10107 12803 14648
13080 10735 13821
10735 13080 13821
13821 10735 13080
4953 1650 2518
2518 1650 4953
1650 2518 4953
6452 7537 8754
7537 6452 8754
8754 6452 7537
958 8014 9249
8014 958 9249
9249 958 8014
6503 2409 13742
13742 2409 6503
2409 6503 13742
320 1642 3954
3954 320 1642
1642 320 3954
1592 8484 10568
8484 1592 10568
10568 1592 8484
10560 5871 8057
5871 8057 10560
8057 5871 10560
11566 11246 12858
12858 11246 11566
11246 11566 12858
12258 3609 14337
14337 3609 12258
3609 12258 14337
12306 1284 6427
1284 6427 12306
6427 1284 12306
10564 1508 3100
1508 3100 10564
3100 1508 10564
2317 9355 12773
9355 2317 12773
12773 2317 9355
8492 7300 8468
7300 8468 8492
8468 7300 8492
541 3015 10338
3015 541 10338
10338 541 3015
14850 6053 12982
12982 6053 14850
6053 12982 14850
13279 78 869
869 78 13279
78 869 13279
3399 5211 11532
11532 3399 5211
5211 3399 11532
4014 10798 11885
10798 4014 11885
11885 4014 10798
7293 9095 13111
9095 7293 13111
13111 7293 9095
10155 2730 10635
10635 2730 10155
2730 10155 10635
4971 5347 6095
5347 4971 6095
6095 4971 5347
13730 10154 13623
10154 13623 13730
13623 10154 13730
13352 4190 12402
12402 4190 13352
4190 12402 13352
10386 1410 13459
13459 1410 10386
1410 10386 13459
7726 4217 5045
4217 5045 7726
5045 4217 7726
13922 834 8648
8648 834 13922
834 8648 13922
4588 13272 13444
13272 4588 13444
13444 4588 13272
1308 4470 5005
4470 1308 5005
5005 1308 4470
10797 11212 13690
13690 10797 11212
11212 10797 13690
6600 6951 8337
6951 6600 8337
8337 6600 6951
7912 5487 7769
5487 7769 7912
7769 5487 7912
4241 3281 6458
6458 3281 4241
3281 4241 6458
9732 1528 13547
1528 9732 13547
13547 1528 9732
3639 829 6300
6300 829 3639
829 3639 6300
3456 10054 10883
10883 3456 10054
10054 3456 10883
3619 3953 5869
3953 3619 5869
5869 3619 3953
827 3865 5887
5887 827 3865
3865 827 5887
9734 2566 3470
2566 3470 9734
3470 2566 9734
11057 820 13814
13814 820 11057
820 11057 13814
5653 3409 14162
3409 5653 14162
14162 3409 5653
3732 1665 5201
5201 1665 3732
1665 3732 5201
14560 7642 12532
7642 12532 14560
12532 7642 14560
7888 5129 7963
5129 7888 7963
7963 5129 7888
14047 8345 12629
12629 8345 14047
8345 12629 14047
2418 1839 11215
11215 1839 2418
1839 2418 11215
3651 9031 9742
9742 3651 9031
9031 3651 9742
190 521 12990
12990 190 521
521 190 12990
3766 1867 12110
1867 3766 12110
12110 1867 3766
2482 7834 12581
12581 2482 7834
7834 2482 12581
14606 3365 7641
3365 7641 14606
7641 3365 14606
12603 6552 10732
6552 10732 12603
10732 6552 12603
14065 6055 6461
6461 6055 14065
6055 6461 14065
6454 823 5698
823 5698 6454
5698 823 6454
14431 7507 14118
7507 14118 14431
14118 7507 14431
2412 1961 11428
11428 1961 2412
1961 2412 11428
267 1620 1647
1647 267 1620
1620 267 1647
9207 9404 14938
9404 9207 14938
14938 9207 9404
3851 5732 8920
5732 3851 8920
8920 3851 5732
8687 879 3270
879 3270 8687
3270 879 8687
654 3734 4707
4707 654 3734
3734 654 4707
5029 14218 14632
14632 5029 14218
14218 5029 14632
8593 6004 6328
6328 6004 8593
6004 6328 8593
12551 814 9900
814 9900 12551
9900 814 12551
2169 5858 14709
5858 2169 14709
14709 2169 5858
8553 2457 7352
7352 2457 8553
2457 7352 8553
3145 1213 12138
1213 3145 12138
12138 1213 3145
14196 8043 8809
8043 8809 14196
8809 8043 14196
4191 9089 14755
14755 4191 9089
9089 4191 14755
1419 13430 13433
13430 1419 13433
13433 1419 13430
794 7282 12190
7282 794 12190
12190 794 7282
10852 7259 14172
14172 7259 10852
7259 10852 14172
5000 2368 6196
2368 5000 6196
6196 2368 5000
723 398 405
405 398 723
398 405 723
12692 5283 9348
5283 9348 12692
9348 5283 12692
2532 707 13777
707 2532 13777
13777 707 2532
5198 1175 4498
4498 1175 5198
1175 4498 5198
6393 2643 2803
2643 2803 6393
2803 2643 6393
114 2525 8243
2525 114 8243
8243 114 2525
7131 6223 14875
6223 7131 14875
14875 6223 7131
12722 1180 12734
1180 12722 12734
12734 1180 12722
5426 37 13250
13250 37 5426
37 5426 13250
14767 7814 8761
8761 7814 14767
7814 8761 14767
7543 3744 9189
3744 7543 9189
9189 3744 7543
3508 5408 12398
12398 3508 5408
5408 3508 12398
7154 608 3907
3907 608 7154
608 3907 7154
11101 4120 13098
4120 11101 13098
13098 4120 11101
13221 6144 10406
10406 6144 13221
6144 10406 13221
14552 6998 10777
6998 10777 14552
10777 6998 14552
587 7511 13083
13083 587 7511
7511 587 13083
11682 13257 13979
13257 11682 13979
13979 11682 13257
7797 2204 3093
3093 2204 7797
2204 3093 7797
5329 4118 7210
7210 4118 5329
4118 5329 7210
12078 2587 9071
9071 2587 12078
2587 9071 12078
2120 2826 12032
12032 2120 2826
2826 2120 12032
11078 6147 10177
10177 6147 11078
6147 10177 11078
13075 7815 13957
7815 13075 13957
13957 7815 13075
11819 1920 7439
7439 1920 11819
1920 7439 11819
9191 1346 3269
3269 1346 9191
1346 3269 9191
9428 6497 9390
9390 6497 9428
6497 9390 9428
2785 13141 14217
14217 2785 13141
13141 2785 14217
3584 1544 12298
12298 1544 3584
1544 3584 12298
2437 58 1168
58 1168 2437
1168 58 2437
11535 517 6381
517 6381 11535
6381 517 11535
3580 8083 11875
11875 3580 8083
8083 3580 11875
6609 5549 5929
5929 5549 6609
5549 5929 6609
7905 9835 13216
13216 7905 9835
9835 7905 13216
10000 6612 11538
6612 10000 11538
11538 6612 10000
13223 10179 12405
12405 10179 13223
10179 12405 13223
8730 5985 10875
5985 8730 10875
10875 5985 8730
10087 2489 3275
2489 3275 10087
3275 2489 10087
6669 4720 11223
11223 4720 6669
4720 6669 11223
8390 7307 11568
11568 7307 8390
7307 8390 11568
1935 7042 12421
7042 1935 12421
12421 1935 7042
995 4558 8443
8443 995 4558
4558 995 8443
7194 5159 14307
5159 7194 14307
14307 5159 7194
12484 1036 11750
11750 1036 12484
1036 11750 12484
9760 1960 3104
3104 1960 9760
1960 3104 9760
3958 6630 12377
12377 3958 6630
6630 3958 12377
1916 12016 14183
14183 1916 12016
12016 1916 14183
8146 9199 12944
12944 8146 9199
9199 8146 12944
12538 1041 1915
1041 1915 12538
1915 1041 12538
13148 10279 13963
13963 10279 13148
10279 13148 13963
7410 3903 4413
3903 4413 7410
4413 3903 7410
581 2224 12818
2224 581 12818
12818 581 2224
537 913 7685
913 537 7685
7685 537 913
12359 1221 10162
10162 1221 12359
1221 10162 12359
3349 12122 13024
13024 3349 12122
12122 3349 13024
8408 7205 8854
7205 8408 8854
8854 7205 8408
11986 7756 8175
8175 7756 11986
7756 8175 11986
2910 5976 6051
6051 2910 5976
5976 2910 6051
8268 4139 6730
4139 6730 8268
6730 4139 8268
5763 1469 2685
2685 1469 5763
1469 2685 5763
4428 2062 8012
2062 4428 8012
8012 2062 4428
6183 18 8974
8974 18 6183
18 6183 8974
13006 5733 11238
5733 11238 13006
11238 5733 13006
7347 8374 14629
14629 7347 8374
8374 7347 14629
11762 1945 9535
9535 1945 11762
1945 9535 11762
13628 12151 13946
12151 13628 13946
13946 12151 13628
5325 7098 12665
7098 5325 12665
12665 5325 7098
7867 2133 10045
10045 2133 7867
2133 7867 10045
14020 2977 8803
8803 2977 14020
2977 8803 14020
3235 2010 9311
2010 3235 9311
9311 2010 3235
14532 10291 10992
10992 10291 14532
10291 10992 14532
3920 9609 10754
10754 3920 9609
9609 3920 10754
6172 1339 7925
7925 1339 6172
1339 6172 7925
9965 9844 14511
14511 9844 9965
9844 9965 14511
9859 508 5421
508 5421 9859
5421 508 9859
11736 1479 4351
4351 1479 11736
1479 4351 11736
1516 19 4242
4242 19 1516
19 1516 4242
142 6058 8355
8355 142 6058
6058 142 8355
8037 3105 14227
3105 8037 14227
14227 3105 8037
2236 7281 7517
7281 2236 7517
7517 2236 7281
16 4244 11200
11200 16 4244
4244 16 11200
10336 1720 3111
1720 3111 10336
3111 1720 10336
728 5059 11653
11653 728 5059
5059 728 11653
10014 356 14771
356 10014 14771
14771 356 10014
3814 4677 8872
4677 3814 8872
8872 3814 4677
1717 4709 12547
4709 1717 12547
12547 1717 4709
11170 11882 13907
13907 11170 11882
11882 11170 13907
12084 3444 10293
3444 10293 12084
10293 3444 12084
10550 13530 14259
14259 10550 13530
13530 10550 14259
1689 6211 12745
6211 1689 12745
12745 1689 6211
6297 1821 10907
10907 1821 6297
1821 6297 10907
7542 737 1515
1515 737 7542
737 1515 7542
10811 2077 3860
3860 2077 10811
2077 3860 10811
9721 6723 13928
6723 9721 13928
13928 6723 9721
1588 8835 14571
14571 1588 8835
8835 1588 14571
13491 3227 11903
11903 3227 13491
3227 11903 13491
8788 3662 9017
9017 3662 8788
3662 8788 9017
1145 4331 12076
4331 1145 12076
12076 1145 4331
3334 488 4051
4051 488 3334
488 3334 4051
12688 5615 6830
5615 6830 12688
6830 5615 12688
6714 4771 6696
6696 4771 6714
4771 6696 6714
13367 4088 8585
4088 8585 13367
8585 4088 13367
12565 1487 3921
3921 1487 12565
1487 3921 12565
6798 3512 8230
3512 6798 8230
8230 3512 6798
5691 5541 9304
5541 5691 9304
9304 5541 5691
1473 13539 14943
13539 1473 14943
14943 1473 13539
2640 9735 13420
13420 2640 9735
9735 2640 13420
7522 3066 4819
4819 3066 7522
3066 4819 7522
1786 6887 14681
14681 1786 6887
6887 1786 14681
7332 5247 5393
5247 5393 7332
5393 5247 7332
514 5051 12286
12286 514 5051
5051 514 12286
10697 4141 4712
4712 4141 10697
4141 4712 10697
11703 12867 14017
12867 11703 14017
14017 11703 12867
11658 2149 8877
8877 2149 11658
2149 8877 11658
10762 3892 8707
3892 8707 10762
8707 3892 10762
2672 513 9757
513 2672 9757
9757 513 2672
6986 4326 14305
4326 6986 14305
14305 4326 6986
11475 6500 9706
9706 6500 11475
6500 9706 11475
5249 3531 9783
9783 3531 5249
3531 5249 9783
478 1869 3904
3904 478 1869
1869 478 3904
3521 4290 6246
6246 3521 4290
4290 3521 6246
8067 803 2473
2473 803 8067
803 2473 8067
642 7595 10416
7595 642 10416
10416 642 7595
7260 3667 10839
10839 3667 7260
3667 7260 10839
14817 3383 13626
13626 3383 14817
3383 13626 14817
12998 2318 10581
10581 2318 12998
2318 10581 12998
12707 8592 11839
11839 8592 12707
8592 11839 12707
12518 3767 12664
3767 12518 12664
12664 3767 12518
5061 6344 9350
9350 5061 6344
6344 5061 9350
7397 6675 10675
10675 6675 7397
6675 7397 10675
8267 2796 7657
2796 7657 8267
7657 2796 8267
11438 3620 3632
3620 3632 11438
3632 3620 11438
12062 896 1374
1374 896 12062
896 1374 12062
12824 2126 2902
2126 2902 12824
2902 2126 12824
27 2497 14963
2497 27 14963
14963 27 2497
10294 910 12820
910 10294 12820
12820 910 10294
7185 10429 10910
10910 7185 10429
10429 7185 10910
7008 4064 6345
4064 6345 7008
6345 4064 7008
753 1768 11052
11052 753 1768
1768 753 11052
12101 672 12462
672 12101 12462
12462 672 12101
4889 6292 14009
14009 4889 6292
6292 4889 14009
8073 1612 10392
10392 1612 8073
1612 8073 10392
9165 1735 2606
2606 1735 9165
1735 2606 9165
10404 5846 6733
5846 6733 10404
6733 5846 10404
1286 6793 8093
6793 1286 8093
8093 1286 6793
12865 5138 8102
8102 5138 12865
5138 8102 12865
6408 71 1091
1091 71 6408
71 1091 6408
10970 7133 7986
7133 7986 10970
7986 7133 10970
14997 2716 5086
5086 2716 14997
2716 5086 14997
7972 5304 12094
5304 7972 12094
12094 5304 7972
6373 1026 11174
11174 1026 6373
1026 6373 11174
6006 6075 9855
9855 6006 6075
6075 6006 9855
11404 6903 11124
11124 6903 11404
6903 11124 11404
2024 4475 6605
6605 2024 4475
4475 2024 6605
7420 2205 11065
2205 7420 11065
11065 2205 7420
9380 8706 9281
9281 8706 9380
8706 9281 9380
2361 7038 11746
11746 2361 7038
7038 2361 11746
7404 10768 13837
13837 7404 10768
10768 7404 13837
1715 3379 4976
4976 1715 3379
3379 1715 4976
4053 213 500
213 500 4053
500 213 4053
14399 6094 6245
6094 6245 14399
6245 6094 14399
8407 12419 14182
14182 8407 12419
12419 8407 14182
2707 1877 5737
1877 2707 5737
5737 1877 2707
9656 5449 9288
9288 5449 9656
5449 9288 9656
4131 11451 12613
12613 4131 11451
11451 4131 12613
10245 1032 13573
1032 10245 13573
13573 1032 10245
6567 982 1289
1289 982 6567
982 1289 6567
1192 4215 6380
4215 1192 6380
6380 1192 4215
5881 7624 11542
7624 5881 11542
11542 5881 7624
10229 3747 13580
3747 10229 13580
13580 3747 10229
4027 12506 13123
13123 4027 12506
12506 4027 13123
7499 2687 4989
4989 2687 7499
2687 4989 7499
14822 6889 11909
6889 11909 14822
11909 6889 14822
3773 3266 14212
3266 3773 14212
14212 3266 3773
3943 10395 12364
10395 3943 12364
12364 3943 10395
11649 10864 12507
12507 10864 11649
10864 11649 12507
4054 4761 5108
4761 4054 5108
5108 4054 4761
8005 2955 7033
2955 7033 8005
7033 2955 8005
12432 9555 10856
9555 10856 12432
10856 9555 12432
1474 13175 14867
14867 1474 13175
13175 1474 14867
4257 10333 14907
14907 4257 10333
10333 4257 14907
5326 5834 11553
5834 5326 11553
11553 5326 5834
4664 3520 7249
3520 4664 7249
7249 3520 4664
10553 1154 13885
1154 10553 13885
13885 1154 10553
90 997 7943
997 90 7943
7943 90 997
1358 4316 10535
4316 1358 10535
10535 1358 4316
7529 9069 13437
9069 7529 13437
13437 7529 9069
4551 7805 9508
7805 4551 9508
9508 4551 7805
8385 6048 7635
6048 7635 8385
7635 6048 8385
9664 2159 13419
2159 9664 13419
13419 2159 9664
12387 7214 7974
7974 7214 12387
7214 7974 12387
6534 3442 12265
3442 6534 12265
12265 3442 6534
1583 270 7091
270 1583 7091
7091 270 1583
2743 53 5494
53 2743 5494
5494 53 2743
11034 2755 13406
13406 2755 11034
2755 11034 13406
10946 5392 11747
11747 5392 10946
5392 10946 11747
2869 3375 3533
3533 2869 3375
3375 2869 3533
14848 5082 11066
11066 5082 14848
5082 11066 14848
4464 1285 3664
1285 3664 4464
3664 1285 4464
3337 1107 9426
9426 1107 3337
1107 3337 9426
7719 6192 6679
6192 6679 7719
6679 6192 7719
7453 8912 11344
11344 7453 8912
8912 7453 11344
14615 7069 8789
7069 8789 14615
8789 7069 14615
662 13654 13682
13682 662 13654
13654 662 13682
4401 239 12463
239 4401 12463
12463 239 4401
9188 5077 10474
10474 5077 9188
5077 9188 10474
9110 7084 7429
7429 7084 9110
7084 7429 9110
13480 445 12731
445 12731 13480
12731 445 13480
8369 8439 12254
12254 8369 8439
8439 8369 12254
9203 3687 4561
4561 3687 9203
3687 4561 9203
7701 5795 9027
9027 5795 7701
5795 7701 9027
9321 4289 9226
9226 4289 9321
4289 9226 9321
1532 2211 7648
2211 1532 7648
7648 1532 2211
2064 4648 8207
8207 2064 4648
4648 2064 8207
10817 8694 12852
8694 10817 12852
12852 8694 10817
3513 54 3927
54 3513 3927
3927 54 3513
12389 1280 8077
8077 1280 12389
1280 8077 12389
8292 4273 6494
6494 4273 8292
4273 6494 8292
5269 2461 9198
9198 2461 5269
2461 5269 9198
5906 8371 10729
8371 5906 10729
10729 5906 8371
13930 3296 13208
13208 3296 13930
3296 13208 13930
10712 1965 11829
11829 1965 10712
1965 10712 11829
7104 8224 14987
14987 7104 8224
8224 7104 14987
11323 3710 6491
6491 3710 11323
3710 6491 11323
4415 4893 10722
4893 4415 10722
10722 4415 4893
6307 12898 13027
12898 6307 13027
13027 6307 12898
13200 5409 6570
6570 5409 13200
5409 6570 13200
12239 10709 13722
13722 10709 12239
10709 12239 13722
11631 8196 14145
8196 11631 14145
14145 8196 11631
13762 10676 12040
10676 12040 13762
12040 10676 13762
8896 403 10565
403 8896 10565
10565 403 8896
1310 1568 3311
3311 1310 1568
1568 1310 3311
5070 835 3363
835 3363 5070
3363 835 5070
4013 1157 13779
1157 4013 13779
13779 1157 4013
7915 7611 13881
7611 7915 13881
13881 7611 7915
11195 3223 5525
3223 5525 11195
5525 3223 11195
4159 7354 9360
7354 4159 9360
9360 4159 7354
10563 5971 10656
10656 5971 10563
5971 10563 10656
1987 5171 13647
5171 1987 13647
13647 1987 5171
11661 5875 7419
7419 5875 11661
5875 7419 11661
1413 7937 13468
13468 1413 7937
7937 1413 13468
14475 4767 7594
4767 7594 14475
7594 4767 14475
5734 1902 11224
11224 1902 5734
1902 5734 11224
11732 4943 14572
14572 4943 11732
4943 11732 14572
3858 12682 14763
14763 3858 12682
12682 3858 14763
4303 739 11477
739 4303 11477
11477 739 4303
6062 4050 5257
5257 4050 6062
4050 5257 6062
11311 5206 13830
13830 5206 11311
5206 11311 13830
1982 8513 14238
14238 1982 8513
8513 1982 14238
4194 3336 7804
7804 3336 4194
3336 4194 7804
13270 330 14313
330 13270 14313
14313 330 13270
4435 7754 11925
7754 4435 11925
11925 4435 7754
6914 8130 8981
8130 6914 8981
8981 6914 8130
3249 6073 7330
7330 3249 6073
6073 3249 7330
4031 5442 7590
5442 4031 7590
7590 4031 5442
13668 10849 14325
14325 10849 13668
10849 13668 14325
2686 9125 12004
12004 2686 9125
9125 2686 12004
5488 9737 10350
10350 5488 9737
9737 5488 10350
8728 4199 9313
9313 4199 8728
4199 8728 9313
13305 9195 9218
9195 9218 13305
9218 9195 13305
13908 10093 10500
10500 10093 13908
10093 10500 13908
1454 6241 13500
6241 1454 13500
13500 1454 6241
5022 4686 5359
5359 4686 5022
4686 5022 5359
14805 6232 7559
7559 6232 14805
6232 7559 14805
12451 5931 10369
10369 5931 12451
5931 10369 12451
4669 5953 10035
5953 4669 10035
10035 4669 5953
1355 124 7242
124 1355 7242
7242 124 1355
4808 1667 3557
1667 3557 4808
3557 1667 4808
2605 1993 2215
1993 2215 2605
2215 1993 2605
7513 12132 14955
12132 7513 14955
14955 7513 12132
7369 2889 7686
2889 7369 7686
7686 2889 7369
5261 3945 13183
13183 3945 5261
3945 5261 13183
1007 3293 9424
3293 1007 9424
9424 1007 3293
11160 6576 12194
12194 6576 11160
6576 11160 12194
6731 11270 13612
13612 6731 11270
11270 6731 13612
10807 10188 10944
10944 10188 10807
10188 10807 10944
10077 5991 10669
10669 5991 10077
5991 10077 10669
4638 5009 12329
5009 4638 12329
12329 4638 5009
3306 9727 12216
9727 3306 12216
12216 3306 9727
592 132 11488
132 592 11488
11488 132 592
9309 870 5564
870 5564 9309
5564 870 9309
10964 6403 13376
13376 6403 10964
6403 10964 13376
6929 2725 12671
2725 6929 12671
12671 2725 6929
3466 8368 11744
8368 3466 11744
11744 3466 8368
6008 6650 9474
9474 6008 6650
6650 6008 9474
9178 125 11143
125 9178 11143
11143 125 9178
3259 1322 7841
1322 3259 7841
7841 1322 3259
9561 8328 13234
13234 8328 9561
8328 9561 13234
11119 295 2237
2237 295 11119
295 2237 11119
11528 2242 8864
2242 8864 11528
8864 2242 11528
14479 8488 12939
12939 8488 14479
8488 12939 14479
8287 9580 11760
11760 8287 9580
9580 8287 11760
6541 1495 5641
1495 5641 6541
5641 1495 6541
12900 5855 11659
11659 5855 12900
5855 11659 12900
8195 11146 14748
11146 8195 14748
14748 8195 11146
571 4539 12721
12721 571 4539
4539 571 12721
8776 2016 2331
2016 2331 8776
2331 2016 8776
326 6295 9001
6295 326 9001
9001 326 6295
13807 7257 12886
7257 12886 13807
12886 7257 13807
4987 941 5852
941 4987 5852
5852 941 4987
873 4596 8924
4596 873 8924
8924 873 4596
5770 8051 8677
8051 5770 8677
8677 5770 8051
11112 5140 8608
5140 8608 11112
8608 5140 11112
11906 10994 14041
10994 11906 14041
14041 10994 11906
8605 4817 7864
4817 7864 8605
7864 4817 8605
12176 3392 3929
3392 3929 12176
3929 3392 12176
4941 11028 11585
11028 4941 11585
11585 4941 11028
4536 889 6071
6071 889 4536
889 4536 6071
10134 3427 13649
13649 3427 10134
3427 10134 13649
8521 5901 7264
7264 5901 8521
5901 7264 8521
6003 12557 13739
12557 6003 13739
13739 6003 12557
11563 5946 6490
5946 6490 11563
6490 5946 11563
5822 575 10764
575 5822 10764
10764 575 5822
158 3071 7241
3071 158 7241
7241 158 3071
5241 3032 6745
6745 3032 5241
3032 5241 6745
10382 7224 9799
9799 7224 10382
7224 9799 10382
13281 6716 8712
8712 6716 13281
6716 8712 13281
10471 6493 10846
10846 6493 10471
6493 10471 10846
9655 6577 12305
6577 9655 12305
12305 6577 9655
10267 4849 11454
4849 10267 11454
11454 4849 10267
14598 713 11063
713 11063 14598
11063 713 14598
2229 9252 14567
14567 2229 9252
9252 2229 14567
588 5730 13088
13088 588 5730
5730 588 13088
12624 5820 10173
10173 5820 12624
5820 10173 12624
13095 2983 12215
12215 2983 13095
2983 12215 13095
10711 3007 12687
3007 10711 12687
12687 3007 10711
7536 4130 13320
13320 4130 7536
4130 7536 13320
7251 1994 7557
7557 1994 7251
1994 7251 7557
14929 7798 8804
7798 8804 14929
8804 7798 14929
8654 8039 8624
8039 8624 8654
8624 8039 8654
9493 3669 11991
3669 9493 11991
11991 3669 9493
11283 452 7562
452 7562 11283
7562 452 11283
7225 2155 14975
14975 2155 7225
2155 7225 14975
1425 2001 13817
2001 1425 13817
13817 1425 2001
10583 12941 13253
13253 10583 12941
12941 10583 13253
14229 742 4410
4410 742 14229
742 4410 14229
13318 99 7793
7793 99 13318
99 7793 13318
12352 7728 9653
9653 7728 12352
7728 9653 12352
14628 4237 5390
4237 5390 14628
5390 4237 14628
13892 3050 5194
3050 5194 13892
5194 3050 13892
12760 7215 14364
14364 7215 12760
7215 12760 14364
6702 5374 11447
5374 6702 11447
11447 5374 6702
14102 6575 9034
9034 6575 14102
6575 9034 14102
5769 1236 9601
1236 5769 9601
9601 1236 5769
10475 4063 4802
4802 4063 10475
4063 4802 10475
9100 1734 13954
1734 9100 13954
13954 1734 9100
1636 916 11696
11696 916 1636
916 1636 11696
1243 5545 5968
5545 1243 5968
5968 1243 5545
13887 1306 9014
1306 9014 13887
9014 1306 13887
1911 8255 14624
14624 1911 8255
8255 1911 14624
12125 2941 6690
6690 2941 12125
2941 6690 12125
7836 4937 9294
4937 7836 9294
9294 4937 7836
8065 2737 8543
8543 2737 8065
2737 8065 8543
415 2078 10099
10099 415 2078
2078 415 10099
12238 690 5649
5649 690 12238
690 5649 12238
14445 4665 8178
4665 8178 14445
8178 4665 14445
5900 1415 8463
8463 1415 5900
1415 5900 8463
5072 3983 14095
3983 5072 14095
14095 3983 5072
8451 6699 8056
6699 8056 8451
8056 6699 8451
5622 7284 10321
7284 5622 10321
10321 5622 7284
2238 2560 14531
2560 2238 14531
14531 2238 2560
8072 5237 12280
12280 5237 8072
5237 8072 12280
13334 4765 4966
4966 4765 13334
4765 4966 13334
8515 3832 9967
9967 3832 8515
3832 8515 9967
13664 6560 9543
6560 9543 13664
9543 6560 13664
14200 11243 14480
11243 14200 14480
14480 11243 14200
7683 4675 8176
8176 4675 7683
4675 7683 8176
6111 1575 8994
1575 6111 8994
8994 1575 6111
5144 6218 8531
6218 5144 8531
8531 5144 6218
14113 1223 4835
4835 1223 14113
1223 4835 14113
382 5866 10041
10041 382 5866
5866 382 10041
9062 3494 11412
11412 3494 9062
3494 9062 11412
2735 5133 10164
10164 2735 5133
5133 2735 10164
11479 492 11847
492 11479 11847
11847 492 11479
12502 1693 3086
3086 1693 12502
1693 3086 12502
6960 3957 14440
14440 3957 6960
3957 6960 14440
10863 4727 11701
11701 4727 10863
4727 10863 11701
69 11157 12061
12061 69 11157
11157 69 12061
8744 10548 12679
12679 8744 10548
10548 8744 12679
6649 2699 7059
7059 2699 6649
2699 6649 7059
4737 637 8684
8684 637 4737
637 4737 8684
7965 3206 5101
5101 3206 7965
3206 5101 7965
9949 4479 7637
7637 4479 9949
4479 7637 9949
10559 2284 7856
7856 2284 10559
2284 7856 10559
10884 5652 9291
9291 5652 10884
5652 9291 10884
6517 494 8320
8320 494 6517
494 6517 8320
699 1879 7877
1879 699 7877
7877 699 1879
6444 2709 6632
2709 6444 6632
6632 2709 6444
1142 3360 11497
3360 1142 11497
11497 1142 3360
9526 2128 13748
13748 2128 9526
2128 9526 13748
4789 9589 13473
9589 4789 13473
13473 4789 9589
7068 381 4721
4721 381 7068
381 4721 7068
7209 1746 8277
8277 1746 7209
1746 7209 8277
14783 3126 12558
3126 12558 14783
12558 3126 14783
4065 11444 13205
13205 4065 11444
11444 4065 13205
1505 6919 8264
8264 1505 6919
6919 1505 8264
10130 7550 8547
8547 7550 10130
7550 8547 10130
12983 2960 11807
2960 11807 12983
11807 2960 12983
10605 7200 10979
10979 7200 10605
7200 10605 10979
8486 7488 14320
7488 8486 14320
14320 7488 8486
9622 3517 14167
3517 9622 14167
14167 3517 9622
8452 301 9127
301 8452 9127
9127 301 8452
693 2071 2329
2329 693 2071
2071 693 2329
7460 8853 11462
11462 7460 8853
8853 7460 11462
4999 1293 9889
1293 4999 9889
9889 1293 4999
11955 4891 8683
8683 4891 11955
4891 8683 11955
10031 3603 12427
12427 3603 10031
3603 10031 12427
13831 905 10208
10208 905 13831
905 10208 13831
12604 3689 6647
6647 3689 12604
3689 6647 12604
13343 2336 8483
8483 2336 13343
2336 8483 13343
3770 6432 6892
6892 3770 6432
6432 3770 6892
7996 6142 8055
8055 6142 7996
6142 7996 8055
9232 7065 8491
7065 8491 9232
8491 7065 9232
13202 3968 5829
3968 5829 13202
5829 3968 13202
13237 5460 8539
5460 8539 13237
8539 5460 13237
641 4044 13944
4044 641 13944
13944 641 4044
14657 6367 14690
6367 14657 14690
14690 6367 14657
7551 3 8784
3 7551 8784
8784 3 7551
11067 4567 14171
14171 4567 11067
4567 11067 14171
13243 1775 10264
1775 10264 13243
10264 1775 13243
9720 10806 11256
10806 9720 11256
11256 9720 10806
8740 463 1065
1065 463 8740
463 1065 8740
7978 7566 13062
7566 7978 13062
13062 7566 7978
12021 684 8190
684 8190 12021
8190 684 12021
2017 1030 5369
5369 1030 2017
1030 2017 5369
7995 12302 13047
12302 7995 13047
13047 7995 12302
11935 1578 13994
13994 1578 11935
1578 11935 13994
4865 8557 10977
10977 4865 8557
8557 4865 10977
14341 6319 6956
6956 6319 14341
6319 6956 14341
2507 802 12006
802 2507 12006
12006 802 2507
9045 850 11594
850 9045 11594
11594 850 9045
12643 1381 1895
1895 1381 12643
1381 1895 12643
2440 4168 14890
4168 2440 14890
14890 2440 4168
828 10109 14112
10109 828 14112
14112 828 10109
14319 4961 10036
4961 10036 14319
10036 4961 14319
13489 4000 13339
13339 4000 13489
4000 13339 13489
12851 9759 13820
13820 9759 12851
9759 12851 13820
12992 6883 11578
11578 6883 12992
6883 11578 12992
5904 9712 11024
9712 5904 11024
11024 5904 9712
6704 10387 14376
14376 6704 10387
10387 6704 14376
7401 2713 6907
6907 2713 7401
2713 6907 7401
7437 5806 8609
5806 7437 8609
8609 5806 7437
14509 65 7946
65 7946 14509
7946 65 14509
5306 5558 6433
5558 5306 6433
6433 5306 5558
4193 2561 9489
9489 2561 4193
2561 4193 9489
3057 1648 3354
3354 1648 3057
1648 3057 3354
3369 6112 12208
12208 3369 6112
6112 3369 12208
9322 380 3422
380 3422 9322
3422 380 9322
2862 3243 13789
13789 2862 3243
3243 2862 13789
13851 4431 8993
4431 8993 13851
8993 4431 13851
14701 8306 11244
8306 11244 14701
11244 8306 14701
1194 4096 13056
4096 1194 13056
13056 1194 4096
13391 6177 8019
8019 6177 13391
6177 8019 13391
14062 3883 11214
11214 3883 14062
3883 11214 14062
11030 5406 12222
12222 5406 11030
5406 11030 12222
176 1776 7767
1776 176 7767
7767 176 1776
3322 2564 13286
13286 2564 3322
2564 3322 13286
14618 4437 7854
4437 7854 14618
7854 4437 14618
9436 83 6219
6219 83 9436
83 6219 9436
1053 7063 7984
7063 1053 7984
7984 1053 7063
1136 6873 13107
6873 1136 13107
13107 1136 6873
7727 12594 14974
12594 7727 14974
14974 7727 12594
811 3547 6484
3547 811 6484
6484 811 3547
2189 1968 5530
5530 1968 2189
1968 2189 5530
1311 651 2659
2659 651 1311
651 1311 2659
3526 8635 9676
8635 3526 9676
9676 3526 8635
4520 4467 9292
9292 4467 4520
4467 4520 9292
12772 2422 13342
13342 2422 12772
2422 12772 13342
10243 3014 10879
10879 3014 10243
3014 10243 10879
390 6439 9445
9445 390 6439
6439 390 9445
3569 6771 14939
6771 3569 14939
14939 3569 6771
8696 2527 3942
2527 3942 8696
3942 2527 8696
12970 3211 5491
3211 5491 12970
5491 3211 12970
4345 3190 4396
4396 3190 4345
3190 4345 4396
7504 522 5312
522 5312 7504
5312 522 7504
7762 6832 14916
14916 6832 7762
6832 7762 14916
14375 10757 11460
10757 11460 14375
11460 10757 14375
7079 13999 14284
13999 7079 14284
14284 7079 13999
7989 12916 13741
12916 7989 13741
13741 7989 12916
8141 11778 12873
12873 8141 11778
11778 8141 12873
6957 1483 4388
1483 4388 6957
4388 1483 6957
11181 5681 7739
5681 7739 11181
7739 5681 11181
4743 735 7405
7405 735 4743
735 4743 7405
8006 4725 11902
4725 8006 11902
11902 4725 8006
1132 5318 12529
5318 1132 12529
12529 1132 5318
13033 6276 9280
6276 9280 13033
9280 6276 13033
8447 4679 14977
14977 4679 8447
4679 8447 14977
7732 182 3026
182 3026 7732
3026 182 7732
5879 5992 8780
8780 5879 5992
5992 5879 8780
13956 3218 7835
7835 3218 13956
3218 7835 13956
10019 9254 14264
9254 10019 14264
14264 9254 10019
12181 8333 13303
8333 12181 13303
13303 8333 12181
11258 8580 9584
9584 8580 11258
8580 9584 11258
12924 7317 12961
12961 7317 12924
7317 12924 12961
5582 1072 5486
5486 1072 5582
1072 5486 5582
1589 2836 10057
10057 1589 2836
2836 1589 10057
2362 2501 12747
2501 2362 12747
12747 2362 2501
12875 1521 12397
1521 12397 12875
12397 1521 12875
4749 3276 11966
11966 3276 4749
3276 4749 11966
12188 6000 10556
6000 10556 12188
10556 6000 12188
5447 2604 7290
2604 5447 7290
7290 2604 5447
9437 1216 4978
1216 4978 9437
4978 1216 9437
41 8653 9612
9612 41 8653
8653 41 9612
1565 11582 13707
13707 1565 11582
11582 1565 13707
14757 3782 13565
3782 13565 14757
13565 3782 14757
556 2248 2765
2765 556 2248
2248 556 2765
6880 891 2645
2645 891 6880
891 2645 6880
8359 7969 11100
7969 8359 11100
11100 7969 8359
10434 9228 14210
14210 9228 10434
9228 10434 14210
4206 5677 10209
5677 4206 10209
10209 4206 5677
11846 10702 14191
10702 11846 14191
14191 10702 11846
11286 1947 8916
1947 8916 11286
8916 1947 11286
3868 1481 14272
14272 1481 3868
1481 3868 14272
2814 4858 14833
14833 2814 4858
4858 2814 14833
2200 9544 12452
9544 2200 12452
12452 2200 9544
14103 5711 8558
5711 8558 14103
8558 5711 14103
3776 2044 9594
2044 3776 9594
9594 2044 3776
7757 2926 8874
8874 2926 7757
2926 7757 8874
12844 1871 3327
1871 3327 12844
3327 1871 12844
13671 2958 8898
2958 8898 13671
8898 2958 13671
7078 7913 10536
7913 7078 10536
10536 7078 7913
13932 1141 4457
4457 1141 13932
1141 4457 13932
12127 3318 10578
10578 3318 12127
3318 10578 12127
1238 7736 9642
9642 1238 7736
7736 1238 9642
179 3154 14073
3154 179 14073
14073 179 3154
106 2542 5975
2542 106 5975
5975 106 2542
7950 8007 14296
8007 7950 14296
14296 7950 8007
144 1864 9342
9342 144 1864
1864 144 9342
296 11135 14937
11135 296 14937
14937 296 11135
4640 10766 11175
10766 4640 11175
11175 4640 10766
13154 5145 8111
8111 5145 13154
5145 8111 13154
6442 3373 12340
12340 3373 6442
3373 6442 12340
14818 6751 12211
12211 6751 14818
6751 12211 14818
2360 3045 10400
10400 2360 3045
3045 2360 10400
1134 2508 4151
2508 1134 4151
4151 1134 2508
5765 3236 6948
6948 3236 5765
3236 5765 6948
2761 1063 8185
1063 2761 8185
8185 1063 2761
14250 3205 7755
3205 7755 14250
7755 3205 14250
2 656 10637
10637 2 656
656 2 10637
673 6155 6931
6155 673 6931
6931 673 6155
9316 1519 8943
8943 1519 9316
1519 8943 9316
3039 2046 12334
12334 2046 3039
2046 3039 12334
12549 5764 10346
10346 5764 12549
5764 10346 12549
14569 8988 11068
8988 11068 14569
11068 8988 14569
12953 6822 10312
6822 10312 12953
10312 6822 12953
10493 13089 14418
13089 10493 14418
14418 10493 13089
6262 9046 12174
12174 6262 9046
9046 6262 12174
11240 8719 14027
14027 8719 11240
8719 11240 14027
2183 4173 5921
4173 2183 5921
5921 2183 4173
13417 3668 10986
3668 10986 13417
10986 3668 13417
6299 1326 8044
8044 1326 6299
1326 6299 8044
4305 7988 10603
10603 4305 7988
7988 4305 10603
1948 2668 7206
2668 1948 7206
7206 1948 2668
2168 920 13388
920 2168 13388
13388 920 2168
5621 5738 10002
5738 5621 10002
10002 5621 5738
12063 2342 5124
5124 2342 12063
2342 5124 12063
3310 1666 10742
10742 1666 3310
1666 3310 10742
4508 7786 11259
7786 4508 11259
11259 4508 7786
14158 5149 7810
5149 7810 14158
7810 5149 14158
3110 7897 8201
7897 3110 8201
8201 3110 7897
7584 6430 14093
14093 6430 7584
6430 7584 14093
1274 2322 11985
2322 1274 11985
11985 1274 2322
7162 11203 13171
13171 7162 11203
11203 7162 13171
6818 13853 14084
13853 6818 14084
14084 6818 13853
1747 7601 9553
9553 1747 7601
7601 1747 9553
6128 5013 12482
5013 6128 12482
12482 5013 6128
3044 5170 14342
14342 3044 5170
5170 3044 14342
127 963 6927
6927 127 963
963 127 6927
2399 1979 10758
10758 1979 2399
1979 2399 10758
4081 8058 10737
8058 4081 10737
10737 4081 8058
14683 619 4028
4028 619 14683
619 4028 14683
5003 2974 7803
2974 5003 7803
7803 2974 5003
1270 4637 7195
7195 1270 4637
4637 1270 7195
1313 12488 13009
13009 1313 12488
12488 1313 13009
4182 284 2763
2763 284 4182
284 2763 4182
3611 9703 13471
9703 3611 13471
13471 3611 9703
3881 12776 14561
14561 3881 12776
12776 3881 14561
13262 7750 14521
14521 7750 13262
7750 13262 14521
3956 2617 12622
2617 3956 12622
12622 2617 3956
7302 6619 10290
6619 7302 10290
10290 6619 7302
7240 6016 7311
6016 7240 7311
7311 6016 7240
10980 6411 10138
6411 10138 10980
10138 6411 10980
4524 3970 7389
7389 3970 4524
3970 4524 7389
2876 9325 10939
10939 2876 9325
9325 2876 10939
13365 2147 8414
2147 8414 13365
8414 2147 13365
4772 2744 10707
2744 4772 10707
10707 2744 4772
3654 1699 10708
10708 1699 3654
1699 3654 10708
7073 10198 14556
14556 7073 10198
10198 7073 14556
84 10210 12526
12526 84 10210
10210 84 12526
1025 3413 8324
8324 1025 3413
3413 1025 8324
10074 1109 8313
8313 1109 10074
1109 8313 10074
4898 2180 3826
2180 3826 4898
3826 2180 4898
14654 2986 12542
2986 12542 14654
12542 2986 14654
12246 821 1211
1211 821 12246
821 1211 12246
14419 6150 8800
8800 6150 14419
6150 8800 14419
14919 9837 12012
12012 9837 14919
9837 12012 14919
11464 11780 14051
14051 11464 11780
11780 11464 14051
4870 2201 2301
2201 2301 4870
2301 2201 4870
2611 6572 9331
6572 2611 9331
9331 2611 6572
4430 10906 13324
13324 4430 10906
10906 4430 13324
12612 6856 9875
6856 9875 12612
9875 6856 12612
3841 12367 13478
12367 3841 13478
13478 3841 12367
3295 2032 5404
2032 3295 5404
5404 2032 3295
6446 11210 13484
13484 6446 11210
11210 6446 13484
12454 715 1698
1698 715 12454
715 1698 12454
5071 9560 12431
9560 5071 12431
12431 5071 9560
6563 8379 10053
8379 6563 10053
10053 6563 8379
1016 5391 9857
5391 1016 9857
9857 1016 5391
14204 983 5819
983 5819 14204
5819 983 14204
204 8295 13953
13953 204 8295
8295 204 13953
3209 5217 10219
5217 3209 10219
10219 3209 5217
2919 1054 1703
1054 1703 2919
1703 1054 2919
11835 4419 14831
4419 11835 14831
14831 4419 11835
14488 3013 13927
3013 13927 14488
13927 3013 14488
7271 2935 11300
11300 2935 7271
2935 7271 11300
14586 6052 10509
10509 6052 14586
6052 10509 14586
3452 3073 14756
14756 3073 3452
3073 3452 14756
13645 2886 8094
8094 2886 13645
2886 8094 13645
1011 8915 9678
9678 1011 8915
8915 1011 9678
5276 9336 12743
12743 5276 9336
9336 5276 12743
4432 8031 10750
10750 4432 8031
8031 4432 10750
9021 2423 4559
2423 4559 9021
4559 2423 9021
4786 298 7665
7665 298 4786
298 4786 7665
10996 1095 11064
1095 10996 11064
11064 1095 10996
13182 8004 13727
8004 13182 13727
13727 8004 13182
6096 935 3076
935 3076 6096
3076 935 6096
1724 1726 5295
5295 1724 1726
1726 1724 5295
6080 3252 10630
10630 3252 6080
3252 6080 10630
7469 2310 5506
2310 5506 7469
5506 2310 7469
5477 779 14261
779 5477 14261
14261 779 5477
5790 6910 9231
9231 5790 6910
6910 5790 9231
2178 8586 10870
8586 2178 10870
10870 2178 8586
888 6688 11461
11461 888 6688
6688 888 11461
13427 2912 5930
2912 5930 13427
5930 2912 13427
12464 3490 13678
13678 3490 12464
3490 12464 13678
10971 1460 8409
8409 1460 10971
1460 8409 10971
13356 1302 11107
1302 11107 13356
11107 1302 13356
1207 1354 6477
1354 1207 6477
6477 1207 1354
11457 3335 8963
3335 8963 11457
8963 3335 11457
1830 3491 6360
3491 1830 6360
6360 1830 3491
11445 4011 14515
4011 11445 14515
14515 4011 11445
120 2036 12128
2036 120 12128
12128 120 2036
2838 1672 6165
6165 1672 2838
1672 2838 6165
9343 7627 10287
7627 9343 10287
10287 7627 9343
1006 2283 7882
2283 1006 7882
7882 1006 2283
7482 8489 12416
8489 7482 12416
12416 7482 8489
4515 5674 7048
5674 4515 7048
7048 4515 5674
9347 4841 12008
12008 4841 9347
4841 9347 12008
4424 1126 11222
11222 1126 4424
1126 4424 11222
1840 602 12346
12346 602 1840
602 1840 12346
645 966 12080
966 645 12080
12080 645 966
14799 7745 9063
9063 7745 14799
7745 9063 14799
13384 9179 11204
9179 11204 13384
11204 9179 13384
5746 2943 13054
13054 2943 5746
2943 5746 13054
14369 6578 11271
6578 11271 14369
11271 6578 14369
12876 5215 8880
8880 5215 12876
5215 8880 12876
13127 6 7979
6 7979 13127
7979 6 13127
369 3315 8759
3315 369 8759
8759 369 3315
10626 11741 14351
11741 10626 14351
14351 10626 11741
11197 1071 7788
7788 1071 11197
1071 7788 11197
7427 2570 10745
10745 2570 7427
2570 7427 10745
9019 7011 8341
8341 7011 9019
7011 8341 9019
10644 4501 10221
10221 4501 10644
4501 10221 10644
758 962 9865
9865 758 962
962 758 9865
12828 1722 9766
9766 1722 12828
1722 9766 12828
12086 3627 13010
13010 3627 12086
3627 12086 13010
14417 7147 12393
7147 12393 14417
12393 7147 14417
4591 1731 12661
1731 4591 12661
12661 1731 4591
9138 499 8602
8602 499 9138
499 8602 9138
8868 1045 3848
3848 1045 8868
1045 3848 8868
7179 6410 14076
14076 6410 7179
6410 7179 14076
4373 10275 12716
10275 4373 12716
12716 4373 10275
2965 6422 8840
6422 2965 8840
8840 2965 6422
8472 10028 10217
10028 8472 10217
10217 8472 10028
7283 4348 4722
4348 4722 7283
4722 4348 7283
14195 3836 7818
3836 7818 14195
7818 3836 14195
8074 4332 9842
4332 8074 9842
9842 4332 8074
7812 1363 4933
4933 1363 7812
1363 4933 7812
9563 3016 9060
9060 3016 9563
3016 9060 9563
3788 446 9586
446 3788 9586
9586 446 3788
10037 14722 14922
14722 10037 14922
14922 10037 14722
1353 609 3463
609 1353 3463
3463 609 1353
3699 4007 9141
4007 3699 9141
9141 3699 4007
2944 9016 9954
9016 2944 9954
9954 2944 9016
626 2539 3219
3219 626 2539
2539 626 3219
9738 6293 12674
12674 6293 9738
6293 9738 12674
1837 8482 11406
8482 1837 11406
11406 1837 8482
14137 1361 6926
1361 6926 14137
6926 1361 14137
2892 3593 6392
3593 2892 6392
6392 2892 3593
4698 7406 7586
7586 4698 7406
7406 4698 7586
12887 3600 7321
3600 7321 12887
7321 3600 12887
13854 8285 9418
9418 8285 13854
8285 9418 13854
3568 4636 6514
4636 3568 6514
6514 3568 4636
1427 1100 13596
1100 1427 13596
13596 1100 1427
7182 6167 10436
10436 6167 7182
6167 7182 10436
8629 3919 12771
3919 8629 12771
12771 3919 8629
8034 1842 2448
2448 1842 8034
1842 2448 8034
10410 14144 14241
14241 10410 14144
14144 10410 14241
7576 5018 14513
14513 5018 7576
5018 7576 14513
3106 4917 5559
4917 3106 5559
5559 3106 4917
4288 4871 11549
4871 4288 11549
11549 4288 4871
2616 1761 3065
1761 2616 3065
3065 1761 2616
2487 2742 10653
10653 2487 2742
2742 2487 10653
5288 6757 10494
6757 5288 10494
10494 5288 6757
10022 3499 6772
3499 6772 10022
6772 3499 10022
9361 7277 14038
14038 7277 9361
7277 9361 14038
10690 2009 13545
2009 10690 13545
13545 2009 10690
13839 372 8294
372 8294 13839
8294 372 13839
10140 9128 10633
9128 10140 10633
10633 9128 10140
14965 4577 13568
4577 13568 14965
13568 4577 14965
2982 2476 4962
2476 2982 4962
4962 2476 2982
14270 6828 14642
14642 6828 14270
6828 14270 14642
885 4265 4918
4918 885 4265
4265 885 4918
2393 6081 13775
6081 2393 13775
13775 2393 6081
12988 493 7297
493 7297 12988
7297 493 12988
11561 7167 12107
7167 11561 12107
12107 7167 11561
5474 3367 4153
3367 4153 5474
4153 3367 5474
1421 9024 10961
10961 1421 9024
9024 1421 10961
13072 6622 7829
7829 6622 13072
6622 7829 13072
9054 2376 10008
2376 9054 10008
10008 2376 9054
13551 5085 10587
10587 5085 13551
5085 10587 13551
6618 4963 7722
7722 4963 6618
4963 6618 7722
7791 2411 9972
2411 7791 9972
9972 2411 7791
1713 5531 14497
5531 1713 14497
14497 1713 5531
10818 4260 13870
13870 4260 10818
4260 10818 13870
4119 2848 3419
2848 3419 4119
3419 2848 4119
11354 9557 14861
9557 11354 14861
14861 9557 11354
13326 4174 12275
4174 12275 13326
12275 4174 13326
12994 3212 11632
11632 3212 12994
3212 11632 12994
13978 4052 8431
8431 4052 13978
4052 8431 13978
6844 9579 9806
9806 6844 9579
9579 6844 9806
2254 523 14177
523 2254 14177
14177 523 2254
9802 68 3738
68 3738 9802
3738 68 9802
5645 5651 6580
6580 5645 5651
5651 5645 6580
8399 1866 12085
12085 1866 8399
1866 8399 12085
3282 4734 13041
4734 3282 13041
13041 3282 4734
2369 2962 6543
2962 2369 6543
6543 2369 2962
2464 3393 3884
