1342 433 1079
1079 433 1342
433 1079 1342
1471 575 1316
1316 575 1471
575 1316 1471
934 286 1317
1317 286 934
286 934 1317
309 123 1356
1356 123 309
123 309 1356
1253 546 618
618 546 1253
546 618 1253
730 741 839
839 730 741
741 730 839
1138 97 1412
1412 97 1138
97 1138 1412
341 1325 1331
1325 341 1331
1331 341 1325
725 84 845
845 84 725
84 725 845
510 314 664
664 314 510
314 510 664
1145 657 1426
1426 657 1145
657 1145 1426
1129 109 1088
109 1088 1129
1088 109 1129
821 1041 1476
1041 821 1476
1476 821 1041
1061 817 999
817 999 1061
999 817 1061
522 718 781
781 522 718
718 522 781
215 42 85
85 42 215
42 85 215
987 751 895
751 895 987
895 751 987
1350 216 530
216 530 1350
530 216 1350
735 863 1068
1068 735 863
863 735 1068
1250 365 1062
1062 365 1250
365 1062 1250
187 606 1360
1360 187 606
606 187 1360
944 198 679
198 679 944
679 198 944
1172 22 1392
1392 22 1172
22 1172 1392
1111 1410 1427
1410 1111 1427
1427 1111 1410
958 667 915
667 915 958
915 667 958
1074 431 458
431 458 1074
458 431 1074
1016 767 985
767 985 1016
985 767 1016
43 191 1386
191 43 1386
1386 43 191
825 338 862
338 825 862
862 338 825
692 1242 1470
1470 692 1242
1242 692 1470
202 14 283
283 14 202
14 202 283
154 50 727
50 154 727
727 50 154
1484 652 722
722 652 1484
652 722 1484
757 609 700
609 700 757
700 609 757
1500 804 988
988 804 1500
804 988 1500
281 189 1298
189 281 1298
1298 189 281
1464 339 351
351 339 1464
339 351 1464
971 111 1256
111 971 1256
1256 111 971
1449 549 883
549 883 1449
883 549 1449
562 567 663
567 562 663
663 562 567
327 244 1067
244 327 1067
1067 244 327
1082 1193 1369
1193 1082 1369
1369 1082 1193
1230 773 1308
773 1230 1308
1308 773 1230
354 1243 1430
1243 354 1430
1430 354 1243
435 72 1309
72 435 1309
1309 72 435
301 505 753
753 301 505
505 301 753
683 1076 1132
1076 683 1132
1132 683 1076
1204 76 1054
76 1054 1204
1054 76 1204
3 524 1169
1169 3 524
524 3 1169
1251 1223 1270
1270 1223 1251
1223 1251 1270
19 347 1446
347 19 1446
1446 19 347
145 508 1116
1116 145 508
508 145 1116
960 359 456
359 456 960
456 359 960
695 697 1359
1359 695 697
697 695 1359
961 308 322
308 322 961
322 308 961
762 678 936
678 762 936
936 678 762
1136 326 1104
326 1104 1136
1104 326 1136
184 257 295
257 184 295
295 184 257
639 615 1355
1355 615 639
615 639 1355
912 79 1409
79 912 1409
1409 79 912
623 51 105
105 51 623
51 105 623
787 247 598
247 598 787
598 247 787
1394 786 1472
1472 786 1394
786 1394 1472
1461 233 403
403 233 1461
233 403 1461
968 282 1345
1345 282 968
282 968 1345
1445 329 717
329 717 1445
717 329 1445
541 1081 1220
1081 541 1220
1220 541 1081
673 124 1203
124 673 1203
1203 124 673
868 58 272
58 272 868
272 58 868
1000 882 902
882 902 1000
902 882 1000
1367 602 812
812 602 1367
602 812 1367
1304 340 1031
340 1031 1304
1031 340 1304
872 24 174
174 24 872
24 174 872
822 1023 1028
1023 822 1028
1028 822 1023
1052 251 928
928 251 1052
251 928 1052
419 705 1228
705 419 1228
1228 419 705
413 543 976
976 413 543
543 413 976
504 137 416
137 416 504
416 137 504
861 1181 1222
1181 861 1222
1222 861 1181
559 920 964
920 559 964
964 559 920
1018 834 1065
834 1018 1065
1065 834 1018
654 104 693
693 104 654
104 654 693
1053 194 1046
1046 194 1053
194 1046 1053
422 258 1005
1005 258 422
258 422 1005
81 68 113
113 68 81
68 81 113
810 636 908
636 810 908
908 636 810
491 133 1255
133 491 1255
1255 133 491
578 455 1066
455 578 1066
1066 455 578
1176 1078 1373
1373 1078 1176
1078 1176 1373
1122 685 1366
1366 685 1122
685 1122 1366
581 112 1375
1375 112 581
112 581 1375
1139 213 1441
1441 213 1139
213 1139 1441
690 443 770
770 443 690
443 690 770
1266 130 166
130 166 1266
166 130 1266
1480 453 523
453 523 1480
523 453 1480
824 661 1140
1140 661 824
661 824 1140
750 653 835
653 750 835
835 653 750
1011 186 293
186 293 1011
293 186 1011
545 397 992
397 545 992
992 397 545
1322 612 859
859 612 1322
612 859 1322
473 268 1486
268 473 1486
1486 268 473
1465 239 267
239 267 1465
267 239 1465
1264 881 1014
1014 881 1264
881 1014 1264
755 418 647
418 647 755
647 418 755
240 256 551
256 240 551
551 240 256
1022 792 941
792 941 1022
941 792 1022
923 299 782
299 782 923
782 299 923
266 599 1346
1346 266 599
599 266 1346
162 802 1024
1024 162 802
802 162 1024
552 375 1436
375 552 1436
1436 375 552
790 484 778
778 484 790
484 778 790
1175 127 1083
127 1083 1175
1083 127 1175
211 275 519
275 211 519
519 211 275
261 1306 1488
1306 261 1488
1488 261 1306
451 313 316
313 316 451
316 313 451
788 847 1100
847 788 1100
1100 788 847
1007 480 768
480 768 1007
768 480 1007
475 592 894
592 475 894
894 475 592
640 532 666
666 532 640
532 640 666
1278 296 801
296 801 1278
801 296 1278
1180 212 1101
1101 212 1180
212 1101 1180
1276 470 471
470 471 1276
471 470 1276
1149 610 1456
1456 610 1149
610 1149 1456
398 119 518
119 398 518
518 119 398
1178 716 1262
1262 716 1178
716 1178 1262
300 826 1004
826 300 1004
1004 300 826
1413 310 376
376 310 1413
310 376 1413
759 29 289
289 29 759
29 289 759
1171 20 1102
1102 20 1171
20 1102 1171
357 57 625
57 357 625
625 57 357
892 613 983
983 613 892
613 892 983
74 143 814
143 74 814
814 74 143
378 898 1416
1416 378 898
898 378 1416
15 462 465
462 15 465
465 15 462
1238 271 726
726 271 1238
271 726 1238
1422 394 1002
1002 394 1422
394 1002 1422
411 146 927
146 411 927
927 146 411
808 555 1241
555 808 1241
1241 555 808
975 142 1156
1156 142 975
142 975 1156
248 158 1231
158 248 1231
1231 158 248
582 303 421
421 303 582
303 421 582
938 255 774
255 774 938
774 255 938
264 287 672
672 264 287
287 264 672
967 746 1388
1388 746 967
746 967 1388
917 26 758
758 26 917
26 758 917
669 78 1491
78 669 1491
1491 78 669
400 54 1351
54 400 1351
1351 54 400
913 169 931
931 169 913
169 913 931
1487 468 1301
1301 468 1487
468 1301 1487
1469 797 1281
797 1281 1469
1281 797 1469
1273 488 1279
488 1273 1279
1279 488 1273
1165 368 1247
368 1165 1247
1247 368 1165
1200 332 670
332 670 1200
670 332 1200
1137 637 1383
1383 637 1137
637 1137 1383
930 502 823
823 502 930
502 823 930
994 219 1249
1249 219 994
219 994 1249
737 772 1495
1495 737 772
772 737 1495
236 807 1267
807 236 1267
1267 236 807
539 1084 1299
1084 539 1299
1299 539 1084
554 1036 1477
1036 554 1477
1477 554 1036
1362 384 702
702 384 1362
384 702 1362
699 311 816
816 311 699
311 699 816
253 324 1064
324 253 1064
1064 253 324
940 290 909
909 290 940
290 909 940
656 33 1232
33 656 1232
1232 33 656
1496 713 785
713 785 1496
785 713 1496
382 207 226
226 207 382
207 226 382
794 337 1125
337 794 1125
1125 337 794
564 658 893
893 564 658
658 564 893
843 501 1385
1385 501 843
501 843 1385
511 1015 1144
1144 511 1015
1015 511 1144
989 16 114
114 16 989
16 114 989
96 8 1307
8 96 1307
1307 8 96
1330 548 1071
1071 548 1330
548 1071 1330
379 278 1294
278 379 1294
1294 278 379
605 474 1497
474 605 1497
1497 474 605
307 181 1352
1352 181 307
181 307 1352
1150 621 677
677 621 1150
621 677 1150
1474 956 1435
1435 956 1474
956 1435 1474
204 69 343
343 69 204
69 204 343
728 953 1396
1396 728 953
953 728 1396
1463 297 1227
297 1227 1463
1227 297 1463
483 362 1103
362 483 1103
1103 362 483
203 585 1354
585 203 1354
1354 203 585
426 34 536
34 426 536
536 34 426
644 962 1481
962 644 1481
1481 644 962
1032 632 1218
1218 632 1032
632 1032 1218
997 842 1050
1050 842 997
842 997 1050
736 356 1199
1199 356 736
356 736 1199
748 874 1467
874 748 1467
1467 748 874
579 617 1433
617 579 1433
1433 579 617
499 1402 1459
1459 499 1402
1402 499 1459
873 242 1097
242 873 1097
1097 242 873
732 684 1443
684 732 1443
1443 684 732
1328 10 1248
10 1248 1328
1248 10 1328
870 363 1490
1490 363 870
363 870 1490
1206 857 1363
857 1206 1363
1363 857 1206
342 350 414
414 342 350
350 342 414
566 686 1226
1226 566 686
686 566 1226
336 75 798
798 75 336
75 336 798
634 89 1213
1213 89 634
89 634 1213
120 509 681
681 120 509
509 120 681
760 691 1183
1183 691 760
691 760 1183
1478 517 784
784 517 1478
517 784 1478
200 1058 1452
1058 200 1452
1452 200 1058
1202 1107 1254
1254 1107 1202
1107 1202 1254
525 1271 1453
1271 525 1453
1453 525 1271
638 724 829
829 638 724
724 638 829
1009 141 292
141 292 1009
292 141 1009
221 577 1151
1151 221 577
577 221 1151
447 495 1174
495 447 1174
1174 447 495
979 860 1117
860 979 1117
1117 860 979
689 803 871
803 689 871
871 689 803
538 49 99
99 49 538
49 99 538
754 708 1444
708 754 1444
1444 708 754
436 984 1091
1091 436 984
984 436 1091
854 230 1131
230 854 1131
1131 230 854
1372 330 1098
1098 330 1372
330 1098 1372
353 117 973
973 117 353
117 353 973
156 911 1284
1284 156 911
911 156 1284
1419 95 449
449 95 1419
95 449 1419
229 157 214
214 157 229
157 214 229
1198 389 583
583 389 1198
389 583 1198
1268 294 723
723 294 1268
294 723 1268
1341 98 777
98 777 1341
777 98 1341
752 1353 1405
1405 752 1353
1353 752 1405
423 331 440
440 331 423
331 423 440
1233 102 1340
102 1233 1340
1340 102 1233
1404 441 776
776 441 1404
441 776 1404
360 36 1184
36 360 1184
1184 36 360
32 126 651
651 32 126
126 32 651
396 659 1329
1329 396 659
659 396 1329
1246 323 1211
1211 323 1246
323 1211 1246
830 809 1277
1277 809 830
809 830 1277
1485 478 571
571 478 1485
478 571 1485
190 428 1190
428 190 1190
1190 190 428
65 374 1189
374 65 1189
1189 65 374
935 41 945
945 41 935
41 935 945
348 497 668
668 348 497
497 348 668
1332 513 867
513 867 1332
867 513 1332
274 53 563
53 274 563
563 53 274
828 461 607
461 607 828
607 461 828
193 9 1108
1108 9 193
9 193 1108
558 121 516
516 121 558
121 516 558
147 600 1143
600 147 1143
1143 147 600
910 13 588
13 588 910
588 13 910
218 410 1127
410 218 1127
1127 218 410
188 688 1105
688 188 1105
1105 188 688
531 533 660
533 531 660
660 531 533
1399 77 1338
77 1338 1399
1338 77 1399
833 789 1029
789 833 1029
1029 789 833
889 586 848
586 848 889
848 586 889
1300 445 1192
1192 445 1300
445 1192 1300
1208 417 1420
417 1208 1420
1420 417 1208
201 63 948
63 201 948
948 63 201
103 745 1289
745 103 1289
1289 103 745
779 318 463
318 463 779
463 318 779
254 743 1460
1460 254 743
743 254 1460
383 420 464
420 383 464
464 383 420
622 106 1216
106 622 1216
1216 106 622
903 1096 1142
1096 903 1142
1142 903 1096
276 946 1070
946 276 1070
1070 276 946
381 662 1133
662 381 1133
1133 381 662
151 744 1364
744 151 1364
1364 151 744
467 1210 1287
1210 467 1287
1287 467 1210
1239 1051 1159
1159 1051 1239
1051 1159 1239
630 849 1450
1450 630 849
849 630 1450
321 1187 1291
1291 321 1187
1187 321 1291
1135 377 601
601 377 1135
377 601 1135
115 487 619
619 115 487
487 115 619
1403 408 1026
1026 408 1403
408 1026 1403
40 386 1157
1157 40 386
386 40 1157
1401 7 573
573 7 1401
7 573 1401
980 836 1455
1455 836 980
836 980 1455
966 641 1121
1121 641 966
641 966 1121
544 1160 1439
1160 544 1439
1439 544 1160
223 765 831
765 223 831
831 223 765
1177 83 864
864 83 1177
83 864 1177
1417 387 1025
1025 387 1417
387 1025 1417
1042 88 540
88 540 1042
540 88 1042
1348 1167 1207
1207 1167 1348
1167 1207 1348
358 298 806
298 358 806
806 298 358
1327 1030 1237
1030 1237 1327
1237 1030 1327
1008 986 1173
986 1008 1173
1173 986 1008
916 412 952
952 412 916
412 916 952
401 1095 1337
1095 401 1337
1337 401 1095
149 943 1466
1466 149 943
943 149 1466
900 148 646
646 148 900
148 646 900
572 1269 1290
1269 572 1290
1290 572 1269
550 481 1113
1113 481 550
481 550 1113
302 503 1191
1191 302 503
503 302 1191
31 1376 1424
1424 31 1376
1376 31 1424
380 1314 1326
1326 380 1314
1314 380 1326
1462 66 325
66 325 1462
325 66 1462
27 645 701
701 27 645
645 27 701
764 832 1212
832 764 1212
1212 764 832
1313 949 1297
1297 949 1313
949 1297 1313
1381 70 876
876 70 1381
70 876 1381
1454 18 1188
18 1188 1454
1188 18 1454
1215 791 1119
791 1119 1215
1119 791 1215
959 454 626
626 454 959
454 626 959
217 594 620
594 217 620
620 217 594
442 430 591
591 430 442
430 442 591
627 225 655
225 627 655
655 225 627
1048 676 1080
676 1048 1080
1080 676 1048
783 35 366
366 35 783
35 366 783
1168 629 1324
629 1168 1324
1324 629 1168
720 452 914
914 452 720
452 720 914
1073 2 402
402 2 1073
2 402 1073
1077 155 650
155 650 1077
650 155 1077
369 1045 1493
1045 369 1493
1493 369 1045
1039 129 1033
129 1033 1039
1033 129 1039
493 682 1147
1147 493 682
682 493 1147
608 820 1055
1055 608 820
820 608 1055
1235 391 851
851 391 1235
391 851 1235
1040 1154 1292
1154 1040 1292
1292 1040 1154
904 393 434
393 434 904
434 393 904
118 116 173
116 118 173
173 116 118
355 919 1110
1110 355 919
919 355 1110
568 446 841
841 446 568
446 568 841
61 633 1336
1336 61 633
633 61 1336
1090 1126 1438
1438 1090 1126
1126 1090 1438
220 46 1161
1161 46 220
46 220 1161
62 1056 1099
1099 62 1056
1056 62 1099
415 1217 1358
1217 415 1358
1358 415 1217
1114 237 775
775 237 1114
237 775 1114
1261 429 1195
429 1195 1261
1195 429 1261
170 138 489
489 138 170
138 170 489
284 560 901
560 284 901
901 284 560
304 5 1236
1236 5 304
5 304 1236
131 172 707
172 131 707
707 131 172
1093 813 850
850 813 1093
813 850 1093
1423 273 1458
1458 273 1423
273 1423 1458
1182 250 1224
250 1182 1224
1224 250 1182
37 924 1069
924 37 1069
1069 37 924
1384 1043 1258
1258 1043 1384
1043 1258 1384
438 838 996
996 438 838
838 438 996
1092 721 1017
1017 721 1092
721 1017 1092
1044 160 1429
160 1044 1429
1429 160 1044
1494 406 761
761 406 1494
406 761 1494
731 715 995
995 715 731
715 731 995
906 82 1275
82 906 1275
1275 82 906
73 709 1377
1377 73 709
709 73 1377
704 793 1219
793 704 1219
1219 704 793
991 328 1406
328 991 1406
1406 328 991
1185 1003 1302
1003 1185 1302
1302 1003 1185
500 457 763
763 457 500
457 500 763
407 766 1001
766 407 1001
1001 407 766
569 222 1035
1035 222 569
222 569 1035
1148 122 427
122 427 1148
427 122 1148
590 12 241
241 12 590
12 241 590
694 317 492
317 492 694
492 317 694
21 710 1321
1321 21 710
710 21 1321
687 805 1393
805 687 1393
1393 687 805
1379 769 1245
769 1245 1379
1245 769 1379
515 1118 1428
1118 515 1428
1428 515 1118
742 245 1283
1283 245 742
245 742 1283
1049 305 811
811 305 1049
305 811 1049
1012 312 819
312 819 1012
819 312 1012
648 399 1027
1027 399 648
399 648 1027
942 265 1047
1047 265 942
265 942 1047
1094 44 1057
1057 44 1094
44 1057 1094
1468 167 1365
1365 167 1468
167 1365 1468
1158 163 597
597 163 1158
163 597 1158
537 799 1489
1489 537 799
799 537 1489
1482 1479 1498
1498 1479 1482
1479 1482 1498
981 1260 1305
1305 981 1260
1260 981 1305
719 957 1285
1285 719 957
957 719 1285
349 1034 1240
1034 349 1240
1240 349 1034
1400 450 535
450 535 1400
535 450 1400
877 520 969
520 877 969
969 520 877
1274 108 1196
108 1196 1274
1196 108 1274
1075 922 1370
922 1075 1370
1370 922 1075
1296 80 955
80 955 1296
955 80 1296
675 205 1425
205 675 1425
1425 205 675
206 553 866
553 206 866
866 206 553
1357 28 364
28 364 1357
364 28 1357
951 101 1229
1229 101 951
101 951 1229
185 514 885
514 185 885
885 185 514
897 25 94
94 25 897
25 94 897
604 385 1390
385 604 1390
1390 385 604
197 595 1201
1201 197 595
595 197 1201
1244 234 711
234 711 1244
711 234 1244
1259 144 890
144 890 1259
890 144 1259
392 734 1128
734 392 1128
1128 392 734
1293 371 1252
1252 371 1293
371 1252 1293
228 183 888
888 183 228
183 228 888
182 698 1431
698 182 1431
1431 182 698
1086 90 152
152 90 1086
90 152 1086
869 703 1037
703 869 1037
1037 703 869
643 249 674
674 249 643
249 643 674
739 59 140
59 140 739
140 59 739
740 593 1483
1483 593 740
593 740 1483
269 23 1380
23 269 1380
1380 23 269
858 954 1475
1475 858 954
954 858 1475
589 161 714
714 161 589
161 589 714
1407 886 1414
886 1407 1414
1414 886 1407
490 110 1179
110 490 1179
1179 110 490
1286 209 729
729 209 1286
209 729 1286
1059 1186 1397
1186 1059 1397
1397 1059 1186
60 175 1320
175 60 1320
1320 60 175
565 880 1387
1387 565 880
880 565 1387
1021 557 1280
557 1021 1280
1280 557 1021
576 780 896
896 576 780
780 576 896
437 93 1263
93 437 1263
1263 93 437
388 1087 1295
1295 388 1087
1087 388 1295
252 756 1106
1106 252 756
756 252 1106
1418 404 1315
1315 404 1418
404 1315 1418
486 1421 1492
1421 486 1492
1492 486 1421
177 795 1457
1457 177 795
795 177 1457
1434 469 1120
469 1120 1434
1120 469 1434
4 125 263
263 4 125
125 4 263
1437 738 1234
738 1234 1437
1234 738 1437
259 1124 1214
1124 259 1214
1214 259 1124
128 712 1272
1272 128 712
712 128 1272
424 352 1448
352 424 1448
1448 352 424
534 87 1451
87 534 1451
1451 87 534
1499 11 905
905 11 1499
11 905 1499
800 547 982
982 547 800
547 800 982
1323 1 1378
1378 1 1323
1 1323 1378
334 1205 1265
1265 334 1205
1205 334 1265
1153 570 1368
570 1153 1368
1368 570 1153
361 159 556
159 361 556
556 159 361
1344 372 1020
372 1020 1344
1020 372 1344
1013 439 963
963 439 1013
439 963 1013
92 270 827
270 92 827
827 92 270
844 153 680
153 680 844
680 153 844
542 887 998
887 542 998
998 542 887
1343 285 561
285 561 1343
561 285 1343
907 208 856
208 856 907
856 208 907
1134 485 965
485 965 1134
965 485 1134
933 39 460
460 39 933
39 460 933
6 1115 1440
1115 6 1440
1440 6 1115
1123 315 878
315 878 1123
878 315 1123
611 344 479
479 344 611
344 479 611
932 100 1311
1311 100 932
100 932 1311
279 921 1209
1209 279 921
921 279 1209
91 132 879
879 91 132
132 91 879
367 288 974
288 367 974
974 288 367
1382 624 1085
1085 624 1382
624 1085 1382
238 409 1318
1318 238 409
409 238 1318
1130 390 616
616 390 1130
390 616 1130
1155 444 1303
1303 444 1155
444 1155 1303
405 477 1010
1010 405 477
477 405 1010
1432 150 631
631 150 1432
150 631 1432
587 642 733
642 587 733
733 587 642
1072 48 1408
48 1072 1408
1408 48 1072
243 970 1391
1391 243 970
970 243 1391
134 635 978
635 134 978
978 134 635
1347 476 1395
476 1347 1395
1395 476 1347
972 47 496
496 47 972
47 496 972
1166 1112 1152
1112 1152 1166
1152 1112 1166
947 171 706
171 706 947
706 171 947
373 815 1374
815 373 1374
1374 373 815
432 235 1398
235 432 1398
1398 235 432
529 192 1312
1312 192 529
192 529 1312
45 472 1339
472 45 1339
1339 45 472
1257 852 891
852 891 1257
891 852 1257
168 596 671
671 168 596
596 168 671
262 528 1349
1349 262 528
528 262 1349
165 280 818
818 165 280
280 165 818
139 526 993
993 139 526
526 139 993
370 30 937
30 370 937
937 30 370
840 875 1006
1006 840 875
875 840 1006
649 696 899
899 649 696
696 649 899
527 199 448
199 448 527
448 199 527
56 459 482
482 56 459
459 56 482
512 210 1335
1335 210 512
210 512 1335
466 498 846
846 466 498
498 466 846
319 614 977
614 319 977
977 319 614
1060 52 333
52 333 1060
333 52 1060
853 346 926
346 853 926
926 346 853
884 179 749
179 749 884
749 179 884
1089 136 1019
1019 136 1089
136 1019 1089
1288 231 574
574 231 1288
231 574 1288
196 320 1334
320 196 1334
1334 196 320
1038 86 580
580 86 1038
86 580 1038
67 135 178
135 67 178
178 67 135
306 180 929
929 180 306
180 306 929
107 950 1282
1282 107 950
950 107 1282
1194 71 291
71 291 1194
291 71 1194
1225 164 335
164 335 1225
335 164 1225
925 521 1442
1442 521 925
521 925 1442
176 64 628
628 64 176
64 176 628
1197 837 918
918 837 1197
837 918 1197
855 195 1415
1415 195 855
195 855 1415
665 865 1063
865 665 1063
1063 665 865
747 395 1163
395 747 1163
1163 395 747
1319 345 771
771 345 1319
345 771 1319
1333 425 1411
425 1333 1411
1411 425 1333
1170 227 584
584 227 1170
227 584 1170
603 494 1162
494 603 1162
1162 494 603
1146 990 1109
1109 990 1146
990 1109 1146
796 55 232
232 55 796
55 232 796
246 224 1221
224 246 1221
1221 224 246
38 939 1164
939 38 1164
1164 38 939
1447 507 1361
507 1361 1447
1361 507 1447
1371 260 506
260 506 1371
506 260 1371
17 277 1310
1310 17 277
277 17 1310
1141 1389 1473
1473 1141 1389
1389 1141 1473
