756 417 823
823 417 756
417 756 823
196 629 1128
1128 196 629
629 196 1128
222 55 1127
1127 55 222
55 222 1127
131 470 1130
470 131 1130
1130 131 470
967 278 651
651 278 967
278 651 967
616 985 1388
1388 616 985
985 616 1388
162 484 871
871 162 484
484 162 871
1266 144 1285
1285 144 1266
144 1266 1285
1011 845 1374
1374 845 1011
845 1011 1374
802 458 1257
1257 458 802
458 802 1257
1333 290 495
495 290 1333
290 495 1333
776 488 834
834 488 776
488 776 834
1234 371 712
371 712 1234
712 371 1234
1462 478 1375
478 1375 1462
1375 478 1462
496 827 1102
1102 496 827
827 496 1102
1435 783 887
783 887 1435
887 783 1435
304 472 1016
472 304 1016
1016 304 472
588 104 342
104 342 588
342 104 588
456 1184 1390
1390 456 1184
1184 456 1390
313 587 1360
1360 313 587
587 313 1360
1028 149 443
149 443 1028
443 149 1028
335 299 960
299 335 960
960 299 335
990 1017 1142
1142 990 1017
1017 990 1142
194 227 405
227 194 405
405 194 227
59 66 1455
1455 59 66
66 59 1455
190 740 846
846 190 740
740 190 846
649 160 879
160 649 879
879 160 649
519 237 915
915 237 519
237 519 915
682 1098 1288
1098 682 1288
1288 682 1098
987 527 897
897 527 987
527 897 987
11 244 1091
244 11 1091
1091 11 244
41 390 864
864 41 390
390 41 864
1073 921 1264
1264 921 1073
921 1073 1264
1466 195 346
346 195 1466
195 346 1466
1171 984 1391
1391 984 1171
984 1171 1391
489 3 1296
3 489 1296
1296 3 489
983 211 341
341 211 983
211 341 983
77 656 962
962 77 656
656 77 962
1468 423 791
423 791 1468
791 423 1468
750 862 1376
862 750 1376
1376 750 862
1410 627 1315
1315 627 1410
627 1315 1410
1201 623 906
906 623 1201
623 906 1201
852 758 1004
758 852 1004
1004 758 852
1423 285 312
285 312 1423
312 285 1423
1479 101 1138
101 1138 1479
1138 101 1479
909 334 697
334 697 909
697 334 909
73 58 350
350 58 73
58 73 350
797 584 775
775 584 797
584 775 797
1007 81 307
307 81 1007
81 307 1007
504 1010 1054
1054 504 1010
1010 504 1054
225 485 601
601 225 485
485 225 601
957 255 1041
1041 255 957
255 957 1041
534 18 445
445 18 534
18 445 534
873 558 1320
558 873 1320
1320 558 873
434 158 602
158 434 602
602 158 434
537 200 1271
200 537 1271
1271 200 537
480 779 796
779 480 796
796 480 779
487 333 577
333 487 577
577 333 487
1188 412 1209
1209 412 1188
412 1188 1209
330 625 1442
1442 330 625
625 330 1442
898 394 1182
1182 394 898
394 898 1182
699 521 633
633 521 699
521 633 699
790 95 414
95 414 790
414 95 790
759 513 689
513 689 759
689 513 759
329 800 1200
1200 329 800
800 329 1200
550 332 883
883 332 550
332 550 883
295 440 1262
440 295 1262
1262 295 440
1343 80 311
80 311 1343
311 80 1343
808 28 728
28 728 808
728 28 808
571 284 1163
1163 284 571
284 571 1163
665 1037 1159
1037 665 1159
1159 665 1037
146 383 564
383 146 564
564 146 383
1207 1057 1178
1057 1178 1207
1178 1057 1207
1298 1453 1487
1487 1298 1453
1453 1298 1487
1330 202 824
824 202 1330
202 824 1330
287 235 511
235 287 511
511 235 287
1418 744 919
919 744 1418
744 919 1418
830 268 1136
1136 268 830
268 830 1136
258 660 975
975 258 660
660 258 975
1176 900 1386
1386 900 1176
900 1176 1386
1144 532 1063
532 1063 1144
1063 532 1144
1168 71 165
71 165 1168
165 71 1168
151 105 240
105 151 240
240 105 151
814 947 1341
947 814 1341
1341 814 947
228 339 708
708 228 339
339 228 708
992 436 1079
436 992 1079
1079 436 992
819 901 958
901 819 958
958 819 901
93 164 374
374 93 164
164 93 374
950 186 221
186 221 950
221 186 950
1346 526 658
658 526 1346
526 658 1346
1115 203 1394
1394 203 1115
203 1115 1394
446 177 799
177 446 799
799 177 446
535 236 1095
1095 236 535
236 535 1095
460 214 732
214 460 732
732 214 460
69 902 1499
902 69 1499
1499 69 902
1451 715 1039
715 1039 1451
1039 715 1451
378 133 892
133 378 892
892 133 378
288 1033 1433
1033 288 1433
1433 288 1033
376 1204 1352
1352 376 1204
1204 376 1352
1047 380 1463
1463 380 1047
380 1047 1463
1157 324 813
324 813 1157
813 324 1157
961 305 1334
1334 305 961
305 961 1334
201 917 1112
1112 201 917
917 201 1112
841 729 1002
1002 729 841
729 841 1002
806 557 671
671 557 806
557 671 806
821 503 1306
503 821 1306
1306 503 821
752 252 615
252 615 752
615 252 752
857 366 1108
1108 366 857
366 857 1108
282 49 1231
1231 49 282
49 282 1231
1090 498 810
810 498 1090
498 810 1090
37 840 1398
840 37 1398
1398 37 840
1495 1089 1452
1452 1089 1495
1089 1452 1495
30 638 1446
638 30 1446
1446 30 638
1185 128 197
197 128 1185
128 197 1185
114 713 1005
713 114 1005
1005 114 713
442 554 1014
1014 442 554
554 442 1014
1461 1096 1284
1096 1284 1461
1284 1096 1461
1437 741 1366
741 1366 1437
1366 741 1437
6 300 938
300 6 938
938 6 300
256 1281 1387
1281 256 1387
1387 256 1281
1087 120 356
356 120 1087
120 356 1087
406 275 1430
1430 275 406
275 406 1430
941 1194 1274
1274 941 1194
1194 941 1274
1183 1150 1153
1153 1150 1183
1150 1153 1183
499 751 812
751 499 812
812 499 751
1474 590 1056
1056 590 1474
590 1056 1474
1427 134 1078
134 1078 1427
1078 134 1427
928 642 999
642 928 999
999 642 928
972 483 1224
483 972 1224
1224 483 972
367 948 1486
1486 367 948
948 367 1486
1029 365 444
365 444 1029
444 365 1029
731 229 450
450 229 731
229 450 731
620 172 281
281 172 620
172 281 620
858 684 1494
1494 684 858
684 858 1494
995 121 778
778 121 995
121 778 995
1475 473 885
473 885 1475
885 473 1475
734 562 677
677 562 734
562 677 734
585 85 825
85 585 825
825 85 585
1269 589 1072
1072 589 1269
589 1072 1269
688 735 1445
1445 688 735
735 688 1445
435 10 1125
10 435 1125
1125 10 435
1169 139 1199
139 1169 1199
1199 139 1169
35 432 551
551 35 432
432 35 551
1419 12 1254
12 1254 1419
1254 12 1419
867 508 1292
508 867 1292
1292 508 867
1076 1402 1492
1492 1076 1402
1402 1076 1492
1241 39 1077
1077 39 1241
39 1077 1241
36 125 502
125 36 502
502 36 125
981 208 260
208 260 981
260 208 981
250 567 1092
567 250 1092
1092 250 567
1190 238 441
238 441 1190
441 238 1190
655 215 344
215 344 655
344 215 655
206 559 1381
1381 206 559
559 206 1381
1259 7 807
7 807 1259
807 7 1259
882 409 411
411 409 882
409 411 882
612 110 1008
110 612 1008
1008 110 612
1283 572 1355
572 1283 1355
1355 572 1283
929 166 400
400 166 929
166 400 929
289 859 1372
1372 289 859
859 289 1372
87 19 453
19 87 453
453 19 87
419 1126 1180
1126 419 1180
1180 419 1126
1272 1069 1154
1154 1069 1272
1069 1154 1272
522 693 1338
1338 522 693
693 522 1338
1305 231 575
575 231 1305
231 575 1305
1293 89 568
89 568 1293
568 89 1293
296 116 736
116 296 736
736 116 296
1411 107 388
107 388 1411
388 107 1411
709 60 1496
1496 60 709
60 709 1496
92 998 1260
1260 92 998
998 92 1260
1432 911 1362
1362 911 1432
911 1362 1432
1208 726 952
952 726 1208
726 952 1208
702 793 891
793 702 891
891 702 793
703 88 757
757 88 703
88 703 757
1348 451 560
560 451 1348
451 560 1348
1060 210 1109
210 1060 1109
1109 210 1060
1469 40 832
832 40 1469
40 832 1469
1220 1240 1382
1382 1220 1240
1240 1220 1382
75 54 1287
54 75 1287
1287 54 75
1223 670 907
907 670 1223
670 907 1223
16 1059 1485
1059 16 1485
1485 16 1059
842 507 964
964 507 842
507 842 964
372 611 1248
1248 372 611
611 372 1248
1326 989 1119
1119 989 1326
989 1119 1326
820 283 1046
283 820 1046
1046 283 820
509 471 1113
1113 471 509
471 509 1113
920 439 1116
439 920 1116
1116 439 920
870 640 872
872 640 870
640 870 872
848 474 770
474 770 848
770 474 848
14 427 1036
427 14 1036
1036 14 427
449 155 1205
1205 155 449
155 449 1205
525 459 593
459 525 593
593 459 525
970 410 659
410 659 970
659 410 970
971 51 798
798 51 971
51 798 971
1420 32 701
701 32 1420
32 701 1420
786 548 805
805 548 786
548 786 805
224 956 1210
1210 224 956
956 224 1210
1104 358 396
358 396 1104
396 358 1104
1371 760 849
760 849 1371
849 760 1371
1278 1074 1308
1074 1278 1308
1308 1074 1278
1354 108 781
781 108 1354
108 781 1354
1311 1143 1339
1143 1311 1339
1339 1143 1311
690 506 767
506 690 767
767 506 690
159 399 403
399 159 403
403 159 399
539 468 1481
1481 468 539
468 539 1481
84 205 894
894 84 205
205 84 894
829 563 1328
1328 563 829
563 829 1328
1483 369 910
369 910 1483
910 369 1483
29 742 1121
742 29 1121
1121 29 742
869 424 647
424 647 869
647 424 869
1491 582 1085
1085 582 1491
582 1085 1491
667 420 1400
1400 420 667
420 667 1400
375 1247 1414
1414 375 1247
1247 375 1414
1120 168 553
168 553 1120
553 168 1120
523 663 931
663 523 931
931 523 663
576 1070 1471
1471 576 1070
1070 576 1471
923 1031 1422
1031 923 1422
1422 923 1031
1280 180 1261
180 1261 1280
1261 180 1280
1276 74 345
345 74 1276
74 345 1276
1067 292 387
387 292 1067
292 387 1067
1459 636 1071
636 1071 1459
1071 636 1459
669 140 1172
1172 140 669
140 669 1172
27 945 1216
1216 27 945
945 27 1216
1448 382 679
382 679 1448
679 382 1448
619 494 1310
494 619 1310
1310 494 619
1083 303 338
338 303 1083
303 338 1083
142 301 384
301 142 384
384 142 301
662 555 1147
555 662 1147
1147 555 662
1001 298 963
963 298 1001
298 963 1001
1498 61 463
61 463 1498
463 61 1498
17 934 1401
1401 17 934
934 17 1401
25 448 1289
448 25 1289
1289 25 448
1020 174 327
174 327 1020
327 174 1020
755 430 1406
1406 430 755
430 755 1406
618 267 904
267 618 904
904 267 618
1379 402 1022
1022 402 1379
402 1022 1379
141 157 1024
1024 141 157
157 141 1024
33 261 1302
1302 33 261
261 33 1302
1409 351 1482
1482 351 1409
351 1409 1482
695 1019 1044
1019 695 1044
1044 695 1019
1082 822 1175
1175 822 1082
822 1082 1175
720 965 1118
965 720 1118
1118 720 965
241 173 183
173 183 241
183 173 241
1198 844 1151
1151 844 1198
844 1151 1198
782 530 1337
1337 530 782
530 782 1337
520 321 725
321 520 725
725 321 520
680 57 465
57 465 680
465 57 680
233 193 1413
193 233 1413
1413 193 233
150 38 418
38 150 418
418 38 150
1253 230 340
340 230 1253
230 340 1253
1444 645 977
977 645 1444
645 977 1444
946 641 953
953 641 946
641 946 953
980 597 1230
597 980 1230
1230 597 980
785 482 674
674 482 785
482 674 785
248 747 773
773 248 747
747 248 773
1329 408 1155
1155 408 1329
408 1155 1329
600 696 1088
696 600 1088
1088 600 696
56 768 1265
1265 56 768
768 56 1265
727 632 942
942 632 727
632 727 942
263 359 1042
359 263 1042
1042 263 359
856 542 652
542 652 856
652 542 856
607 884 1345
1345 607 884
884 607 1345
328 486 1197
486 328 1197
1197 328 486
293 565 578
578 293 565
565 293 578
533 373 880
373 533 880
880 373 533
1058 581 1319
581 1058 1319
1319 581 1058
286 455 631
631 286 455
455 286 631
185 45 816
816 45 185
45 185 816
1249 83 863
863 83 1249
83 863 1249
896 310 323
310 323 896
323 310 896
621 112 714
714 112 621
112 621 714
529 886 1086
1086 529 886
886 529 1086
1196 664 994
994 664 1196
664 994 1196
628 226 1219
1219 226 628
226 628 1219
1480 694 1267
694 1267 1480
1267 694 1480
1313 500 924
500 924 1313
924 500 1313
1273 111 1443
111 1273 1443
1443 111 1273
874 718 1441
1441 718 874
718 874 1441
9 433 538
538 9 433
433 9 538
1380 213 818
818 213 1380
213 818 1380
1129 851 1158
851 1129 1158
1158 851 1129
1428 672 1286
1286 672 1428
672 1286 1428
1132 792 1105
792 1105 1132
1105 792 1132
925 106 354
354 106 925
106 354 925
43 586 1405
586 43 1405
1405 43 586
147 1080 1203
1203 147 1080
1080 147 1203
1399 596 1040
596 1040 1399
1040 596 1399
279 617 784
784 279 617
617 279 784
407 391 540
391 407 540
540 391 407
974 67 723
723 67 974
67 723 974
853 1066 1139
1139 853 1066
1066 853 1139
137 431 753
753 137 431
431 137 753
1421 475 1392
1392 475 1421
475 1392 1421
831 277 733
733 277 831
277 733 831
1404 738 833
738 833 1404
833 738 1404
404 561 1488
1488 404 561
561 404 1488
913 21 1100
1100 21 913
21 913 1100
395 794 1034
794 395 1034
1034 395 794
1166 5 337
5 337 1166
337 5 1166
90 100 835
100 90 835
835 90 100
968 1252 1416
1416 968 1252
1252 968 1416
349 1221 1429
1429 349 1221
1221 349 1429
543 276 1397
1397 276 543
276 543 1397
102 1237 1300
1237 102 1300
1300 102 1237
1123 361 1279
1279 361 1123
361 1123 1279
765 65 933
65 765 933
933 65 765
124 76 385
76 124 385
385 76 124
416 893 1426
893 416 1426
1426 416 893
914 363 1295
1295 363 914
363 914 1295
270 826 1344
1344 270 826
826 270 1344
360 154 1006
1006 154 360
154 360 1006
188 514 1117
1117 188 514
514 188 1117
232 119 272
272 119 232
119 232 272
1384 1307 1324
1324 1307 1384
1307 1324 1384
609 908 1357
908 609 1357
1357 609 908
675 152 1395
1395 152 675
152 675 1395
1270 570 1327
1327 570 1270
570 1270 1327
291 217 1135
1135 217 291
217 291 1135
860 122 918
122 860 918
918 122 860
1023 692 1227
1227 692 1023
692 1023 1227
401 583 847
583 401 847
847 401 583
1358 389 1497
389 1358 1497
1497 389 1358
1025 167 336
336 167 1025
167 336 1025
939 903 1353
1353 903 939
903 939 1353
1068 518 1470
518 1068 1470
1470 518 1068
223 698 1212
1212 223 698
698 223 1212
1425 242 769
242 769 1425
769 242 1425
1458 1099 1145
1145 1099 1458
1099 1145 1458
996 1101 1110
1101 996 1110
1110 996 1101
1035 899 1030
899 1030 1035
1030 899 1035
737 259 1232
1232 259 737
259 737 1232
280 325 1177
1177 280 325
325 280 1177
176 397 801
397 176 801
801 176 397
1218 368 1012
1012 368 1218
368 1012 1218
843 888 1277
1277 843 888
888 843 1277
1027 126 1456
1456 126 1027
126 1027 1456
1250 99 1174
1174 99 1250
99 1174 1250
866 639 1373
1373 639 866
639 866 1373
1015 517 606
606 517 1015
517 606 1015
717 706 803
706 717 803
803 706 717
959 531 644
644 531 959
531 644 959
1018 1043 1189
1043 1018 1189
1189 1018 1043
262 524 876
876 262 524
524 262 876
1364 218 254
218 254 1364
254 218 1364
986 1165 1356
1165 986 1356
1356 986 1165
1476 381 573
573 381 1476
381 573 1476
937 630 1258
1258 630 937
630 937 1258
705 171 182
182 171 705
171 182 705
1325 462 1317
462 1317 1325
1317 462 1325
1106 497 1363
497 1106 1363
1363 497 1106
429 777 1477
777 429 1477
1477 429 777
24 79 1314
79 24 1314
1314 24 79
309 743 932
743 309 932
932 309 743
178 20 505
20 178 505
505 20 178
82 1236 1378
1378 82 1236
1236 82 1378
64 428 878
428 64 878
878 64 428
234 130 422
422 130 234
130 234 422
1473 96 1215
1215 96 1473
96 1215 1473
1434 809 1464
1464 809 1434
809 1434 1464
253 516 1282
1282 253 516
516 253 1282
170 347 1233
1233 170 347
347 170 1233
426 1202 1377
1202 426 1377
1377 426 1202
1424 50 1472
50 1424 1472
1472 50 1424
1045 216 749
216 749 1045
749 216 1045
72 370 762
762 72 370
370 72 762
687 413 421
413 421 687
421 413 687
1385 683 1436
1436 683 1385
683 1385 1436
1013 294 1111
294 1013 1111
1111 294 1013
1246 700 1192
700 1192 1246
1192 700 1246
746 398 1365
398 746 1365
1365 398 746
490 31 318
31 318 490
318 31 490
1369 1256 1449
1449 1256 1369
1256 1369 1449
1162 855 1243
855 1162 1243
1243 855 1162
1389 668 969
668 969 1389
969 668 1389
386 8 169
8 169 386
169 8 386
1161 379 839
839 379 1161
379 839 1161
905 316 1323
316 905 1323
1323 316 905
817 266 1255
266 817 1255
1255 266 817
148 673 889
673 148 889
889 148 673
246 127 544
127 246 544
544 127 246
362 353 951
951 353 362
353 362 951
1291 648 716
716 648 1291
648 716 1291
1152 1140 1304
1304 1140 1152
1140 1152 1304
1055 881 1206
1206 881 1055
881 1055 1206
774 491 895
895 491 774
491 774 895
1181 247 1026
247 1026 1181
1026 247 1181
922 676 1137
676 922 1137
1137 676 922
265 1107 1294
1107 265 1294
1294 265 1107
1361 70 1000
1000 70 1361
70 1000 1361
113 927 982
982 113 927
927 113 982
566 546 552
546 552 566
552 546 566
1238 1173 1359
1359 1173 1238
1173 1238 1359
191 23 143
143 23 191
23 143 191
257 940 1383
940 257 1383
1383 257 940
251 243 1235
243 251 1235
1235 243 251
811 704 1493
704 811 1493
1493 704 811
317 457 1228
1228 317 457
457 317 1228
1447 220 850
850 220 1447
220 850 1447
603 591 771
771 591 603
591 603 771
481 198 637
198 481 637
637 198 481
1417 594 1251
1251 594 1417
594 1251 1417
545 512 605
512 545 605
605 512 545
315 1213 1336
1336 315 1213
1213 315 1336
48 650 719
719 48 650
650 48 719
15 828 875
828 15 875
875 15 828
868 654 1408
1408 654 868
654 868 1408
861 163 955
955 163 861
163 861 955
739 94 780
780 94 739
94 739 780
454 44 1191
44 454 1191
1191 44 454
730 249 452
249 452 730
452 249 730
643 1439 1460
1439 643 1460
1460 643 1439
599 1038 1484
1038 599 1484
1484 599 1038
1367 1332 1431
1431 1332 1367
1332 1367 1431
1239 306 1407
306 1239 1407
1407 306 1239
1048 1141 1146
1141 1048 1146
1146 1048 1141
635 754 763
763 635 754
754 635 763
86 199 437
437 86 199
199 86 437
123 161 314
161 123 314
314 123 161
461 1299 1347
1299 461 1347
1347 461 1299
1368 764 1148
1148 764 1368
764 1148 1368
273 604 1093
604 273 1093
1093 273 604
1454 355 954
355 954 1454
954 355 1454
569 580 1084
580 569 1084
1084 569 580
979 549 681
681 549 979
549 681 979
145 308 854
854 145 308
308 145 854
1 364 1187
364 1 1187
1187 1 364
614 469 479
479 469 614
469 479 614
1342 352 666
666 352 1342
352 666 1342
592 510 1340
1340 510 592
510 592 1340
1003 13 135
135 13 1003
13 135 1003
916 129 1478
129 916 1478
1478 129 916
541 322 1097
1097 322 541
322 541 1097
574 724 787
787 574 724
724 574 787
772 46 624
46 624 772
624 46 772
1403 326 348
348 326 1403
326 348 1403
63 98 1160
1160 63 98
98 63 1160
239 189 274
189 239 274
274 189 239
68 815 1263
1263 68 815
815 68 1263
343 1297 1490
1490 343 1297
1297 343 1490
926 691 1457
691 926 1457
1457 691 926
1195 212 1415
1415 212 1195
212 1195 1415
22 711 865
711 22 865
865 22 711
297 1229 1309
1309 297 1229
1229 297 1309
377 476 598
598 377 476
476 377 598
1051 136 1244
136 1051 1244
1244 136 1051
978 109 685
109 685 978
685 109 978
1438 320 1312
320 1312 1438
1312 320 1438
493 1081 1134
1134 493 1081
1081 493 1134
710 1021 1133
1021 710 1133
1133 710 1021
838 245 1061
245 838 1061
1061 245 838
331 1124 1318
1318 331 1124
1124 331 1318
966 993 1316
1316 966 993
993 966 1316
53 1222 1275
1222 53 1275
1275 53 1222
837 608 1167
1167 608 837
608 837 1167
1393 181 1225
1225 181 1393
181 1225 1393
1052 622 1179
1179 622 1052
622 1052 1179
1322 115 1440
1440 115 1322
115 1322 1440
761 415 657
415 657 761
657 415 761
42 438 1170
438 42 1170
1170 42 438
184 492 536
492 184 536
536 184 492
1268 156 1149
156 1149 1268
1149 156 1268
175 207 1193
1193 175 207
207 175 1193
686 976 1303
976 686 1303
1303 686 976
943 209 1009
1009 209 943
209 943 1009
579 613 804
613 579 804
804 579 613
1050 78 1032
78 1032 1050
1032 78 1050
1500 204 997
204 997 1500
997 204 1500
1065 392 930
392 930 1065
930 392 1065
912 117 1094
1094 117 912
117 912 1094
528 1064 1214
1214 528 1064
1064 528 1214
745 661 1290
661 745 1290
1290 661 745
1075 319 722
319 722 1075
722 319 1075
1450 748 1489
1489 748 1450
748 1450 1489
836 973 1349
1349 836 973
973 836 1349
1156 271 1226
271 1156 1226
1226 271 1156
944 179 192
179 192 944
192 179 944
1062 393 788
788 393 1062
393 788 1062
501 91 766
766 91 501
91 501 766
547 653 1465
653 547 1465
1465 547 653
1370 97 269
269 97 1370
97 269 1370
264 789 1122
1122 264 789
789 264 1122
935 721 936
936 721 935
721 935 936
1053 62 1131
1131 62 1053
62 1053 1131
47 795 1351
795 47 1351
1351 47 795
425 187 1242
1242 187 425
187 425 1242
467 118 302
118 302 467
302 118 467
447 464 556
464 447 556
556 447 464
219 4 153
4 153 219
153 4 219
1164 132 988
988 132 1164
132 988 1164
2 1114 1335
1114 2 1335
1335 2 1114
1217 1211 1350
1350 1211 1217
1211 1217 1350
1331 626 1049
626 1049 1331
1049 626 1331
138 52 103
52 103 138
103 52 138
1467 877 890
877 890 1467
890 877 1467
1186 515 1103
1103 515 1186
515 1103 1186
991 357 477
477 357 991
357 477 991
1301 610 1396
1396 610 1301
610 1301 1396
1321 678 707
707 678 1321
678 707 1321
26 949 1245
1245 26 949
949 26 1245
595 466 646
646 466 595
466 595 646
34 634 1412
634 34 1412
1412 34 634
