1091 766 1366
766 1091 1366
1366 766 1091
869 656 1409
656 869 1409
1409 656 869
971 254 1241
254 971 1241
1241 254 971
1254 802 1140
1140 802 1254
802 1140 1254
752 445 995
445 752 995
995 445 752
600 157 956
157 600 956
956 157 600
448 449 521
521 448 449
449 448 521
917 67 1149
67 917 1149
1149 67 917
45 501 1146
501 45 1146
1146 45 501
1347 836 1021
836 1021 1347
1021 836 1347
1101 963 1110
963 1101 1110
1110 963 1101
615 668 1213
1213 615 668
668 615 1213
188 639 1045
1045 188 639
639 188 1045
126 60 199
60 126 199
199 60 126
1208 534 1138
1138 534 1208
534 1138 1208
1157 298 1304
1304 298 1157
298 1157 1304
1120 149 951
951 149 1120
149 951 1120
69 682 1074
682 69 1074
1074 69 682
928 929 1443
929 928 1443
1443 928 929
323 36 940
940 36 323
36 323 940
98 1206 1221
1221 98 1206
1206 98 1221
292 99 887
99 292 887
887 99 292
919 321 1391
321 919 1391
1391 321 919
219 1055 1252
1252 219 1055
1055 219 1252
1226 736 797
797 736 1226
736 797 1226
145 183 1067
1067 145 183
183 145 1067
1214 347 716
347 716 1214
716 347 1214
737 973 1283
1283 737 973
973 737 1283
865 660 958
958 660 865
660 865 958
912 324 898
324 898 912
898 324 912
911 469 1379
1379 469 911
469 911 1379
776 202 434
434 202 776
202 434 776
527 62 386
62 386 527
386 62 527
974 535 746
746 535 974
535 746 974
182 877 1404
877 182 1404
1404 182 877
1300 719 757
757 719 1300
719 757 1300
900 94 726
726 94 900
94 726 900
692 108 730
730 108 692
108 692 730
1384 994 1359
1359 994 1384
994 1359 1384
125 658 1197
1197 125 658
658 125 1197
133 442 1354
1354 133 442
442 133 1354
431 151 1195
151 431 1195
1195 151 431
791 460 1069
460 791 1069
1069 460 791
192 209 1346
209 192 1346
1346 192 209
1184 345 481
481 345 1184
345 481 1184
158 257 1105
1105 158 257
257 158 1105
793 817 1330
1330 793 817
817 793 1330
444 124 385
124 385 444
385 124 444
314 294 1375
294 314 1375
1375 294 314
1442 1038 1121
1038 1121 1442
1121 1038 1442
902 968 1248
1248 902 968
968 902 1248
1475 380 1192
1192 380 1475
380 1192 1475
1166 897 1389
897 1166 1389
1389 897 1166
604 1029 1421
1029 604 1421
1421 604 1029
841 537 1491
537 841 1491
1491 537 841
1240 337 1372
1372 337 1240
337 1240 1372
80 12 735
12 80 735
735 12 80
180 505 1100
1100 180 505
505 180 1100
1444 577 1174
577 1174 1444
1174 577 1444
1340 930 1272
930 1272 1340
1272 930 1340
410 156 211
156 211 410
211 156 410
1408 61 1459
1459 61 1408
61 1408 1459
1317 638 1358
638 1317 1358
1358 638 1317
651 295 829
295 651 829
829 295 651
412 177 1350
177 412 1350
1350 177 412
1328 840 1237
840 1237 1328
1237 840 1328
452 839 1311
839 452 1311
1311 452 839
584 68 1374
68 584 1374
1374 68 584
427 191 1440
1440 191 427
191 427 1440
1274 112 852
852 112 1274
112 852 1274
1397 315 1484
315 1397 1484
1484 315 1397
2 127 150
150 2 127
127 2 150
966 389 1025
389 966 1025
1025 389 966
13 533 548
533 13 548
548 13 533
993 271 1233
1233 271 993
271 993 1233
1299 652 888
652 888 1299
888 652 1299
712 339 903
903 339 712
339 712 903
1316 1028 1310
1028 1310 1316
1310 1028 1316
287 118 1210
1210 118 287
118 287 1210
554 189 414
189 414 554
414 189 554
1048 31 570
31 570 1048
570 31 1048
1239 229 540
540 229 1239
229 540 1239
284 684 934
934 284 684
684 284 934
867 396 1297
396 867 1297
1297 396 867
1050 128 231
231 128 1050
128 231 1050
967 340 790
340 790 967
790 340 967
333 63 1231
63 333 1231
1231 63 333
335 399 1236
1236 335 399
399 335 1236
349 237 352
352 237 349
237 349 352
809 846 891
846 809 891
891 809 846
675 1111 1360
1360 675 1111
1111 675 1360
531 49 779
779 49 531
49 531 779
83 34 1431
1431 34 83
34 83 1431
208 35 170
170 35 208
35 170 208
574 744 1043
1043 574 744
744 574 1043
999 105 421
105 421 999
421 105 999
1472 512 696
696 512 1472
512 696 1472
1416 205 377
377 205 1416
205 377 1416
1172 160 983
160 983 1172
983 160 1172
1266 225 654
225 654 1266
654 225 1266
1117 59 100
59 100 1117
100 59 1117
478 131 1158
131 478 1158
1158 131 478
168 575 1291
575 168 1291
1291 168 575
47 91 1024
1024 47 91
91 47 1024
373 496 1351
1351 373 496
496 373 1351
1296 167 773
773 167 1296
167 773 1296
1339 363 1307
1307 363 1339
363 1307 1339
1430 153 1020
1020 153 1430
153 1020 1430
991 70 244
244 70 991
70 244 991
1289 374 1243
374 1243 1289
1243 374 1289
1060 597 1326
1326 597 1060
597 1060 1326
269 699 1099
699 269 1099
1099 269 699
372 280 1106
1106 280 372
280 372 1106
565 46 1286
1286 46 565
46 565 1286
1057 538 849
849 538 1057
538 849 1057
996 367 407
367 407 996
407 367 996
1199 453 1275
1275 453 1199
453 1199 1275
1089 1260 1303
1303 1089 1260
1260 1089 1303
204 256 1288
256 204 1288
1288 204 256
1445 1042 1486
1486 1042 1445
1042 1445 1486
711 1072 1386
1072 711 1386
1386 711 1072
1474 678 1220
678 1220 1474
1220 678 1474
184 645 1251
1251 184 645
645 184 1251
1392 51 141
141 51 1392
51 141 1392
142 213 702
213 142 702
702 142 213
882 368 504
504 368 882
368 504 882
1301 937 1447
1447 937 1301
937 1301 1447
667 962 1377
1377 667 962
962 667 1377
1004 781 890
781 890 1004
890 781 1004
619 246 545
545 246 619
246 545 619
1271 1268 1335
1335 1268 1271
1268 1271 1335
743 498 763
498 743 763
763 498 743
665 740 1031
740 665 1031
1031 665 740
304 212 242
242 212 304
212 242 304
1376 488 1228
488 1228 1376
1228 488 1376
792 265 872
265 792 872
872 265 792
310 268 1077
268 310 1077
1077 268 310
1338 362 655
362 655 1338
655 362 1338
515 511 714
714 511 515
511 515 714
1033 532 1415
532 1033 1415
1415 532 1033
588 96 1380
96 588 1380
1380 96 588
1325 25 1076
25 1076 1325
1076 25 1325
22 605 751
751 22 605
605 22 751
708 342 544
342 544 708
544 342 708
502 729 1003
1003 502 729
729 502 1003
1398 519 1357
1357 519 1398
519 1357 1398
456 172 1159
1159 172 456
172 456 1159
494 831 1066
1066 494 831
831 494 1066
113 84 677
677 84 113
84 113 677
165 1125 1143
1143 165 1125
1125 165 1143
875 207 1098
207 875 1098
1098 207 875
1451 41 123
123 41 1451
41 123 1451
595 6 1016
1016 6 595
6 595 1016
691 103 785
785 103 691
103 691 785
154 312 378
378 154 312
312 154 378
804 947 1187
947 804 1187
1187 804 947
376 761 1261
1261 376 761
761 376 1261
826 1119 1400
1400 826 1119
1119 826 1400
159 863 1284
863 159 1284
1284 159 863
1085 85 395
395 85 1085
85 395 1085
833 8 1168
8 833 1168
1168 8 833
430 185 1448
1448 185 430
185 430 1448
795 422 613
422 613 795
613 422 795
1455 850 1001
1001 850 1455
850 1001 1455
1205 29 1150
29 1150 1205
1150 29 1205
674 130 663
130 663 674
663 130 674
300 503 1278
1278 300 503
503 300 1278
1435 251 579
251 579 1435
579 251 1435
625 357 942
357 625 942
942 357 625
1186 243 603
603 243 1186
243 603 1186
1064 734 770
734 770 1064
770 734 1064
1181 27 341
341 27 1181
27 341 1181
86 226 1439
226 86 1439
1439 86 226
392 1035 1322
1035 392 1322
1322 392 1035
329 513 1127
513 329 1127
1127 329 513
935 799 1343
1343 799 935
799 935 1343
1314 705 1385
1385 705 1314
705 1314 1385
346 610 982
982 346 610
610 346 982
343 262 764
764 262 343
262 343 764
526 569 786
569 526 786
786 526 569
1496 66 906
906 66 1496
66 906 1496
169 753 1230
1230 169 753
753 169 1230
727 93 328
93 328 727
328 93 727
489 965 1312
965 489 1312
1312 489 965
405 932 952
932 405 952
952 405 932
720 55 479
55 479 720
479 55 720
1306 97 1049
1049 97 1306
97 1049 1306
1365 647 1180
1180 647 1365
647 1180 1365
733 330 1209
330 733 1209
1209 330 733
366 558 724
558 366 724
724 366 558
725 234 892
892 234 725
234 725 892
1215 1002 1246
1002 1215 1246
1246 1002 1215
1329 586 861
861 586 1329
586 861 1329
38 4 713
713 4 38
4 38 713
812 33 308
33 308 812
308 33 812
1039 178 509
178 509 1039
509 178 1039
1318 758 807
758 807 1318
807 758 1318
750 161 992
992 161 750
161 750 992
360 1368 1436
1436 360 1368
1368 360 1436
1456 129 936
129 936 1456
936 129 1456
794 14 673
673 14 794
14 673 794
20 369 1483
1483 20 369
369 20 1483
311 282 1118
282 311 1118
1118 282 311
920 866 1075
1075 866 920
866 920 1075
1465 64 1046
64 1046 1465
1046 64 1465
1253 30 53
30 53 1253
53 30 1253
629 221 1334
1334 221 629
221 629 1334
1019 528 571
571 528 1019
528 571 1019
1413 1107 1222
1222 1107 1413
1107 1222 1413
480 1364 1369
1364 480 1369
1369 480 1364
210 731 1323
731 210 1323
1323 210 731
1488 270 796
270 796 1488
796 270 1488
473 361 419
419 361 473
361 419 473
1429 507 722
722 507 1429
507 722 1429
1434 989 1349
989 1349 1434
1349 989 1434
979 508 1108
508 979 1108
1108 508 979
230 309 927
309 230 927
927 230 309
1155 683 747
683 747 1155
747 683 1155
1063 406 830
830 406 1063
406 830 1063
1112 561 1053
1053 561 1112
561 1053 1112
883 232 1080
232 883 1080
1080 232 883
884 164 824
824 164 884
164 824 884
334 40 690
40 334 690
690 40 334
388 432 499
499 388 432
432 388 499
275 697 880
880 275 697
697 275 880
1450 355 1344
355 1344 1450
1344 355 1450
592 175 236
236 175 592
175 236 592
855 459 1015
459 855 1015
1015 459 855
286 568 948
568 286 948
948 286 568
1468 458 1258
458 1258 1468
1258 458 1468
400 356 710
710 356 400
356 400 710
474 524 775
524 474 775
775 474 524
1036 470 998
470 998 1036
998 470 1036
89 492 868
492 89 868
868 89 492
1086 5 483
5 483 1086
483 5 1086
633 1041 1371
1371 633 1041
1041 633 1371
485 253 1437
1437 253 485
253 485 1437
1320 135 649
649 135 1320
135 649 1320
589 842 1116
842 589 1116
1116 589 842
114 255 810
810 114 255
255 114 810
738 798 922
798 738 922
922 738 798
1188 54 1142
1142 54 1188
54 1142 1188
1234 955 1176
955 1176 1234
1176 955 1234
249 187 277
277 187 249
187 249 277
546 780 879
780 546 879
879 546 780
152 762 1309
1309 152 762
762 152 1309
276 913 1337
1337 276 913
913 276 1337
1167 672 1292
1292 672 1167
672 1167 1292
76 671 1212
1212 76 671
671 76 1212
1013 769 1103
1103 769 1013
769 1013 1103
1147 119 267
267 119 1147
119 267 1147
788 529 820
529 788 820
820 529 788
296 193 925
193 296 925
925 193 296
960 132 612
132 612 960
612 132 960
1362 931 1185
1185 931 1362
931 1185 1362
1078 259 916
916 259 1078
259 916 1078
886 1152 1405
1152 886 1405
1405 886 1152
749 203 739
203 739 749
739 203 749
472 1482 1493
1493 472 1482
1482 472 1493
9 439 1037
1037 9 439
439 9 1037
1006 87 1151
87 1006 1151
1151 87 1006
607 1381 1446
1381 607 1446
1446 607 1381
359 258 1348
258 359 1348
1348 258 359
240 107 1407
1407 107 240
107 240 1407
465 972 1130
972 465 1130
1130 465 972
313 630 1095
630 313 1095
1095 313 630
1225 228 1393
1393 228 1225
228 1225 1393
926 550 1034
550 926 1034
1034 550 926
893 293 631
631 293 893
293 631 893
1017 497 1200
1200 497 1017
497 1017 1200
767 664 1052
664 767 1052
1052 664 767
847 274 689
274 689 847
689 274 847
1500 1009 1058
1009 1058 1500
1058 1009 1500
1293 896 1410
896 1293 1410
1410 896 1293
285 420 1467
420 285 1467
1467 285 420
620 981 1332
981 620 1332
1332 620 981
39 646 859
859 39 646
646 39 859
1007 530 949
530 949 1007
949 530 1007
1202 1030 1267
1030 1202 1267
1267 1030 1202
567 139 1498
139 567 1498
1498 139 567
446 409 1259
1259 409 446
409 446 1259
1124 495 933
933 495 1124
495 933 1124
835 382 551
551 382 835
382 551 835
403 28 500
500 28 403
28 403 500
573 171 624
624 171 573
171 573 624
1492 517 1264
517 1264 1492
1264 517 1492
289 556 977
556 289 977
977 289 556
611 560 1190
1190 560 611
560 611 1190
901 200 1423
1423 200 901
200 901 1423
1487 278 1417
1417 278 1487
278 1417 1487
1452 1126 1154
1126 1154 1452
1154 1126 1452
899 1193 1290
1193 899 1290
1290 899 1193
623 543 990
543 623 990
990 543 623
1395 858 910
910 858 1395
858 910 1395
825 338 1282
1282 338 825
338 825 1282
789 627 856
627 789 856
856 627 789
1207 1223 1469
1469 1207 1223
1223 1207 1469
1353 707 1189
707 1189 1353
1189 707 1353
1062 429 1256
429 1062 1256
1256 429 1062
1396 1161 1173
1161 1173 1396
1173 1161 1396
1276 576 1128
576 1128 1276
1128 576 1276
520 1169 1458
1169 520 1458
1458 520 1169
155 317 463
317 155 463
463 155 317
238 1145 1363
1145 238 1363
1363 238 1145
1088 245 299
245 299 1088
299 245 1088
198 626 1232
1232 198 626
626 198 1232
331 297 1097
1097 297 331
297 331 1097
822 754 874
754 822 874
874 754 822
510 290 370
370 290 510
290 370 510
959 468 1281
1281 468 959
468 959 1281
539 48 1497
48 539 1497
1497 48 539
1480 1265 1294
1265 1294 1480
1294 1265 1480
1269 643 1008
1008 643 1269
643 1008 1269
659 636 700
700 636 659
636 659 700
1287 782 1081
782 1081 1287
1081 782 1287
596 206 1129
206 596 1129
1129 206 596
1175 138 873
138 873 1175
873 138 1175
564 506 1010
1010 506 564
506 564 1010
572 109 1056
1056 109 572
109 572 1056
438 640 662
662 438 640
640 438 662
466 1005 1139
1005 466 1139
1139 466 1005
1327 450 1478
450 1327 1478
1478 450 1327
136 397 644
644 136 397
397 136 644
1156 1065 1466
1466 1065 1156
1065 1156 1466
318 264 986
264 318 986
986 264 318
194 291 1485
291 194 1485
1485 194 291
1406 325 1280
325 1280 1406
1280 325 1406
1247 196 375
196 375 1247
375 196 1247
1249 239 398
239 398 1249
398 239 1249
1014 467 1201
467 1014 1201
1201 467 1014
953 179 1295
1295 179 953
179 953 1295
1093 353 687
687 353 1093
353 687 1093
815 215 401
215 401 815
401 215 815
78 950 1082
1082 78 950
950 78 1082
860 1026 1420
1420 860 1026
1026 860 1420
1255 1137 1238
1137 1238 1255
1238 1137 1255
58 120 566
566 58 120
120 58 566
1427 447 1476
447 1427 1476
1476 447 1427
417 476 1012
1012 417 476
476 417 1012
336 599 1333
1333 336 599
599 336 1333
957 857 1087
857 957 1087
1087 857 957
436 1162 1399
1399 436 1162
1162 436 1399
217 391 745
745 217 391
391 217 745
218 1070 1495
1495 218 1070
1070 218 1495
541 814 1123
814 541 1123
1123 541 814
805 491 709
709 491 805
491 709 805
905 593 756
756 593 905
593 756 905
1373 854 1494
1494 854 1373
854 1373 1494
247 140 718
718 140 247
140 247 718
1000 622 1454
1454 622 1000
622 1000 1454
332 1164 1479
1164 332 1479
1479 332 1164
1194 1079 1302
1079 1194 1302
1302 1079 1194
1131 741 1141
741 1131 1141
1141 741 1131
921 50 174
174 50 921
50 174 921
870 486 685
685 486 870
486 685 870
608 522 924
924 522 608
522 608 924
923 435 1133
435 923 1133
1133 435 923
371 715 808
808 371 715
715 371 808
350 650 703
703 350 650
650 350 703
939 606 837
606 837 939
837 606 939
816 1153 1198
1198 816 1153
1153 816 1198
1361 7 90
90 7 1361
7 90 1361
907 487 988
487 907 988
988 487 907
783 862 1144
862 783 1144
1144 783 862
1470 964 976
964 976 1470
976 964 1470
77 635 1321
1321 77 635
635 77 1321
997 461 698
461 698 997
698 461 997
1426 117 801
117 801 1426
801 117 1426
853 1022 1438
1022 853 1438
1438 853 1022
425 969 1355
969 425 1355
1355 425 969
1315 111 557
111 557 1315
557 111 1315
621 1114 1432
1114 621 1432
1432 621 1114
248 628 778
628 248 778
778 248 628
518 306 1461
1461 306 518
306 518 1461
402 1122 1428
1428 402 1122
1122 402 1428
1460 653 1051
653 1051 1460
1051 653 1460
224 582 1463
582 224 1463
1463 224 582
411 423 1313
423 411 1313
1313 411 423
694 943 1277
1277 694 943
943 694 1277
657 484 806
484 657 806
806 484 657
904 514 516
516 514 904
514 516 904
851 3 320
3 320 851
320 3 851
598 134 704
134 598 704
704 134 598
137 11 1401
1401 11 137
11 137 1401
433 71 1096
1096 71 433
71 433 1096
57 233 559
559 57 233
233 57 559
1177 316 1418
316 1177 1418
1418 316 1177
455 44 759
759 44 455
44 455 759
1422 327 978
327 978 1422
978 327 1422
1285 227 1473
1473 227 1285
227 1285 1473
272 288 454
454 272 288
288 272 454
549 190 305
190 305 549
305 190 549
1235 163 1308
1308 163 1235
163 1235 1308
1490 915 1370
1370 915 1490
915 1370 1490
1224 648 1489
1489 648 1224
648 1224 1489
121 1068 1477
1068 121 1477
1477 121 1068
1047 578 1023
1023 578 1047
578 1023 1047
693 1040 1383
1040 693 1383
1383 693 1040
811 279 1179
279 811 1179
1179 279 811
609 1336 1352
1336 609 1352
1352 609 1336
681 166 819
166 681 819
819 166 681
723 307 876
876 307 723
307 723 876
201 115 1160
115 201 1160
1160 115 201
1163 144 1464
1464 144 1163
144 1163 1464
583 451 1218
451 583 1218
1218 451 583
273 1183 1433
1433 273 1183
1183 273 1433
1 552 555
555 1 552
552 1 555
542 642 885
642 542 885
885 542 642
602 482 1403
1403 482 602
482 602 1403
909 364 365
364 365 909
365 364 909
241 765 1462
1462 241 765
765 241 1462
19 634 1453
634 19 1453
1453 19 634
214 748 1244
748 214 1244
1244 214 748
1263 18 946
18 946 1263
946 18 1263
21 24 1414
24 21 1414
1414 21 24
493 1094 1270
1270 493 1094
1094 493 1270
1059 56 614
614 56 1059
56 614 1059
415 147 987
987 147 415
147 415 987
1402 116 721
116 721 1402
721 116 1402
881 390 666
666 390 881
390 666 881
72 680 941
941 72 680
680 72 941
590 186 351
351 186 590
186 351 590
944 101 1134
101 944 1134
1134 101 944
878 16 387
387 16 878
16 387 878
777 889 1382
889 777 1382
1382 777 889
975 195 784
784 195 975
195 784 975
223 197 828
197 223 828
828 197 223
1367 173 984
173 984 1367
984 173 1367
1388 418 732
418 732 1388
732 418 1388
1011 670 803
803 670 1011
670 803 1011
1171 844 1191
844 1171 1191
1191 844 1171
252 261 669
669 252 261
261 252 669
1242 914 1136
914 1136 1242
1136 914 1242
263 679 701
679 263 701
701 263 679
585 1331 1345
1345 585 1331
1331 585 1345
1273 845 1471
1471 845 1273
845 1273 1471
587 787 1109
1109 587 787
787 587 1109
266 706 1227
706 266 1227
1227 266 706
616 383 1499
1499 383 616
383 616 1499
1217 437 661
437 661 1217
661 437 1217
961 79 379
379 79 961
79 379 961
235 918 1113
1113 235 918
918 235 1113
1412 344 1196
1196 344 1412
344 1196 1412
1219 1203 1324
1203 1219 1324
1324 1203 1219
1279 15 1104
1104 15 1279
15 1104 1279
562 1044 1170
1044 562 1170
1170 562 1044
1419 686 1481
1481 686 1419
686 1419 1481
813 1083 1424
1424 813 1083
1083 813 1424
945 618 1073
618 945 1073
1073 618 945
1356 695 938
695 938 1356
938 695 1356
426 464 774
464 426 774
774 426 464
980 641 1054
641 980 1054
1054 641 980
384 73 547
547 73 384
73 384 547
1204 1132 1245
1245 1132 1204
1132 1204 1245
970 581 1018
1018 581 970
581 970 1018
37 260 322
260 37 322
322 37 260
220 1084 1178
1084 220 1178
1178 220 1084
985 717 895
717 895 985
895 717 985
848 32 303
32 303 848
303 32 848
1378 74 536
74 536 1378
536 74 1378
301 838 1027
1027 301 838
838 301 1027
281 477 772
477 281 772
772 281 477
834 176 954
176 834 954
954 176 834
1342 75 1229
1229 75 1342
75 1229 1342
326 580 1411
1411 326 580
580 326 1411
818 319 1182
1182 319 818
319 818 1182
1257 146 1071
1071 146 1257
146 1071 1257
148 88 1090
1090 88 148
88 148 1090
1211 523 1250
523 1211 1250
1250 523 1211
1394 381 591
591 381 1394
381 591 1394
408 428 1387
428 408 1387
1387 408 428
92 102 894
102 92 894
894 92 102
525 760 1115
760 525 1115
1115 525 760
181 250 416
250 181 416
416 181 250
490 122 771
122 490 771
771 122 490
65 441 1457
441 65 1457
1457 65 441
404 755 1305
1305 404 755
755 404 1305
1092 106 283
283 106 1092
106 283 1092
864 82 832
832 82 864
82 832 864
81 1032 1216
1216 81 1032
1032 81 1216
10 26 413
26 10 413
413 10 26
1298 424 1061
1061 424 1298
424 1061 1298
1262 143 637
143 637 1262
637 143 1262
95 471 1425
1425 95 471
471 95 1425
821 23 871
871 23 821
23 821 871
222 601 1165
601 222 1165
1165 222 601
1148 216 1102
216 1102 1148
1102 216 1148
457 728 1441
1441 457 728
728 457 1441
553 52 394
52 394 553
394 52 553
354 688 823
823 354 688
688 354 823
393 1135 1449
1449 393 1135
1135 393 1449
594 768 1390
768 594 1390
1390 594 768
742 617 843
617 742 843
843 617 742
632 800 908
908 632 800
800 632 908
42 110 462
462 42 110
110 42 462
348 104 440
440 104 348
104 348 440
563 302 358
358 302 563
302 358 563
162 17 1319
1319 17 162
17 162 1319
43 827 1341
827 43 1341
1341 43 827
443 475 676
475 443 676
676 443 475
