5854 3007 9147
9147 3007 5854
3007 5854 9147
14167 3469 13432
13432 3469 14167
3469 13432 14167
5470 9106 13861
9106 5470 13861
13861 5470 9106
7171 6300 8330
8330 6300 7171
6300 7171 8330
9843 9251 10831
10831 9251 9843
9251 9843 10831
5202 3495 14607
3495 5202 14607
14607 3495 5202
3802 2836 13520
2836 3802 13520
13520 2836 3802
704 7292 11278
7292 704 11278
11278 704 7292
8178 8332 9210
9210 8178 8332
8332 8178 9210
6177 882 2243
2243 882 6177
882 2243 6177
4911 1960 10438
1960 4911 10438
10438 1960 4911
11108 4623 10743
10743 4623 11108
4623 10743 11108
5703 724 3118
724 3118 5703
3118 724 5703
833 5219 8783
8783 833 5219
5219 833 8783
13195 1905 12077
12077 1905 13195
1905 12077 13195
8240 3699 7190
7190 3699 8240
3699 7190 8240
11876 2361 11808
11808 2361 11876
2361 11808 11876
14709 7364 10741
10741 7364 14709
7364 10741 14709
13983 80 8484
80 8484 13983
8484 80 13983
5004 5472 10676
5472 5004 10676
10676 5004 5472
10943 6611 10970
10970 6611 10943
6611 10943 10970
1165 4894 5378
5378 1165 4894
4894 1165 5378
2320 5984 8270
8270 2320 5984
5984 2320 8270
14042 4438 10143
10143 4438 14042
4438 10143 14042
5836 8221 10053
8221 5836 10053
10053 5836 8221
11670 7198 10065
10065 7198 11670
7198 10065 11670
8043 2080 2953
2953 2080 8043
2080 2953 8043
9406 5360 5944
5944 5360 9406
5360 5944 9406
11623 1084 2494
2494 1084 11623
1084 2494 11623
3489 2751 11257
2751 3489 11257
11257 2751 3489
3476 2864 10256
2864 3476 10256
10256 2864 3476
2357 3931 10453
10453 2357 3931
3931 2357 10453
6534 7873 14160
7873 6534 14160
14160 6534 7873
756 91 7628
91 756 7628
7628 91 756
8529 7821 12845
7821 8529 12845
12845 7821 8529
978 10425 10557
10557 978 10425
10425 978 10557
13820 5061 5577
5061 5577 13820
5577 5061 13820
10982 3152 6240
3152 6240 10982
6240 3152 10982
10558 6657 11161
6657 10558 11161
11161 6657 10558
2854 3539 14484
3539 2854 14484
14484 2854 3539
6848 4079 7262
4079 6848 7262
7262 4079 6848
12277 878 8907
878 8907 12277
8907 878 12277
11106 6325 14647
6325 11106 14647
14647 6325 11106
1127 3618 4933
3618 1127 4933
4933 1127 3618
13256 2756 4502
4502 2756 13256
2756 4502 13256
415 7901 8161
8161 415 7901
7901 415 8161
12307 1108 10263
10263 1108 12307
1108 10263 12307
661 7311 8492
8492 661 7311
7311 661 8492
10279 5352 14079
14079 5352 10279
5352 10279 14079
1598 11807 12666
12666 1598 11807
11807 1598 12666
10132 1708 9711
1708 9711 10132
9711 1708 10132
11253 826 6224
826 6224 11253
6224 826 11253
5440 7015 10484
7015 5440 10484
10484 5440 7015
8359 5780 8407
5780 8359 8407
8407 5780 8359
13026 8093 12794
12794 8093 13026
8093 12794 13026
2791 3780 3833
3780 2791 3833
3833 2791 3780
5877 2920 11331
2920 5877 11331
11331 2920 5877
683 5413 12628
5413 683 12628
12628 683 5413
4055 2809 12752
2809 4055 12752
12752 2809 4055
5424 3685 10989
10989 3685 5424
3685 5424 10989
9791 35 8739
35 8739 9791
8739 35 9791
14643 2958 8360
2958 8360 14643
8360 2958 14643
10876 3318 10602
3318 10602 10876
10602 3318 10876
10469 8075 13806
8075 10469 13806
13806 8075 10469
684 7429 13397
13397 684 7429
7429 684 13397
8973 1731 13514
13514 1731 8973
1731 8973 13514
12388 6524 7603
7603 6524 12388
6524 7603 12388
11451 6762 11394
11394 6762 11451
6762 11394 11451
10108 1157 2384
2384 1157 10108
1157 2384 10108
4516 6980 12004
12004 4516 6980
6980 4516 12004
11219 5322 9437
9437 5322 11219
5322 9437 11219
1076 3274 14120
3274 1076 14120
14120 1076 3274
816 8892 10068
8892 816 10068
10068 816 8892
13329 7903 12623
12623 7903 13329
7903 12623 13329
5725 54 6501
6501 54 5725
54 5725 6501
6823 2910 3253
2910 3253 6823
3253 2910 6823
6860 10768 12805
10768 6860 12805
12805 6860 10768
14954 2421 13878
13878 2421 14954
2421 13878 14954
10023 6843 10829
6843 10023 10829
10829 6843 10023
3268 794 2574
794 2574 3268
2574 794 3268
12746 2985 7407
7407 2985 12746
2985 7407 12746
5295 430 3831
430 3831 5295
3831 430 5295
387 491 14467
14467 387 491
491 387 14467
10369 1068 10996
1068 10369 10996
10996 1068 10369
2444 12432 14603
14603 2444 12432
12432 2444 14603
4414 6827 8370
8370 4414 6827
6827 4414 8370
12886 376 5297
5297 376 12886
376 5297 12886
10939 7843 14529
14529 7843 10939
7843 10939 14529
1806 2897 14990
14990 1806 2897
2897 1806 14990
10141 8595 12143
12143 8595 10141
8595 10141 12143
14048 6040 8228
6040 8228 14048
8228 6040 14048
5531 5967 14566
5967 5531 14566
14566 5531 5967
10386 5056 11319
11319 5056 10386
5056 10386 11319
8653 7466 10536
7466 8653 10536
10536 7466 8653
13190 402 3654
3654 402 13190
402 3654 13190
5926 7654 8193
8193 5926 7654
7654 5926 8193
14449 537 9342
537 9342 14449
9342 537 14449
14264 2761 14669
14669 2761 14264
2761 14264 14669
7826 12240 13054
12240 7826 13054
13054 7826 12240
7739 140 4151
4151 140 7739
140 4151 7739
11858 6988 14198
6988 11858 14198
14198 6988 11858
6378 59 4532
59 4532 6378
4532 59 6378
8105 6439 14802
6439 8105 14802
14802 6439 8105
7245 9139 11839
11839 7245 9139
9139 7245 11839
12862 504 3921
3921 504 12862
504 3921 12862
5201 9122 10527
9122 5201 10527
10527 5201 9122
8209 2418 7684
2418 7684 8209
7684 2418 8209
13374 2020 3545
2020 3545 13374
3545 2020 13374
1266 682 2387
682 1266 2387
2387 682 1266
6529 409 14243
14243 409 6529
409 6529 14243
14985 7175 12549
12549 7175 14985
7175 12549 14985
1861 4183 14739
14739 1861 4183
4183 1861 14739
9284 9151 13545
13545 9151 9284
9151 9284 13545
618 7840 8914
7840 618 8914
8914 618 7840
13945 4259 13462
13462 4259 13945
4259 13462 13945
10300 7127 9539
7127 9539 10300
9539 7127 10300
14157 552 8038
8038 552 14157
552 8038 14157
11479 12646 12863
12646 11479 12863
12863 11479 12646
4412 3743 10710
3743 4412 10710
10710 3743 4412
101 2824 12201
2824 101 12201
12201 101 2824
6013 6850 14582
14582 6013 6850
6850 6013 14582
6616 3858 11294
3858 6616 11294
11294 3858 6616
12119 6681 9737
6681 9737 12119
9737 6681 12119
4730 7910 10219
7910 4730 10219
10219 4730 7910
8558 1467 14424
1467 8558 14424
14424 1467 8558
1669 4362 12139
12139 1669 4362
4362 1669 12139
10617 9453 11534
11534 9453 10617
9453 10617 11534
11943 4371 9979
9979 4371 11943
4371 9979 11943
14140 2942 14297
2942 14140 14297
14297 2942 14140
11009 2358 2459
2459 2358 11009
2358 2459 11009
12590 8335 14911
8335 12590 14911
14911 8335 12590
7046 1077 1972
1077 1972 7046
1972 1077 7046
9343 11878 13871
11878 9343 13871
13871 9343 11878
1945 11912 12539
12539 1945 11912
11912 1945 12539
8778 2858 7601
7601 2858 8778
2858 7601 8778
7149 179 3657
179 3657 7149
3657 179 7149
11129 4973 7038
7038 4973 11129
4973 7038 11129
5171 5280 9740
5280 5171 9740
9740 5171 5280
2415 3329 6592
6592 2415 3329
3329 2415 6592
5676 8118 10204
8118 5676 10204
10204 5676 8118
11400 2279 4787
2279 4787 11400
4787 2279 11400
12272 7965 12589
7965 12272 12589
12589 7965 12272
12772 857 7540
857 7540 12772
7540 857 12772
10450 10311 14059
14059 10311 10450
10311 10450 14059
14583 2162 6019
6019 2162 14583
2162 6019 14583
554 627 1067
1067 554 627
627 554 1067
4624 3278 5191
3278 4624 5191
5191 3278 4624
10244 7693 11617
11617 7693 10244
7693 10244 11617
8333 7484 12761
7484 8333 12761
12761 7484 8333
8426 7607 13675
7607 8426 13675
13675 7607 8426
11090 9819 13594
13594 9819 11090
9819 11090 13594
8170 10520 13586
10520 8170 13586
13586 8170 10520
9211 506 13424
506 9211 13424
13424 506 9211
394 6492 6963
6963 394 6492
6492 394 6963
5714 12367 13741
12367 5714 13741
13741 5714 12367
9661 8753 13538
8753 9661 13538
13538 8753 9661
12156 5598 10168
5598 10168 12156
10168 5598 12156
13349 3747 12834
12834 3747 13349
3747 12834 13349
4737 2807 7534
7534 2807 4737
2807 4737 7534
14217 12239 14594
14594 12239 14217
12239 14217 14594
6719 9255 14425
14425 6719 9255
9255 6719 14425
6882 4907 5711
4907 5711 6882
5711 4907 6882
14249 2070 2401
2401 2070 14249
2070 2401 14249
11297 3721 7820
3721 7820 11297
7820 3721 11297
8436 1052 9096
1052 8436 9096
9096 1052 8436
4748 6893 9318
9318 4748 6893
6893 4748 9318
3977 4464 8328
8328 3977 4464
4464 3977 8328
10011 5192 12252
12252 5192 10011
5192 10011 12252
3888 9938 14567
14567 3888 9938
9938 3888 14567
8147 9120 11614
9120 8147 11614
11614 8147 9120
11335 3728 11462
11462 3728 11335
3728 11335 11462
341 8438 12017
8438 341 12017
12017 341 8438
14750 5961 6114
6114 5961 14750
5961 6114 14750
4587 11664 11847
11664 4587 11847
11847 4587 11664
6887 3116 10801
10801 3116 6887
3116 6887 10801
12558 4682 11083
11083 4682 12558
4682 11083 12558
5329 2336 5300
2336 5300 5329
5300 2336 5329
14544 981 11576
981 11576 14544
11576 981 14544
5830 624 2380
2380 624 5830
624 2380 5830
6006 7234 10833
10833 6006 7234
7234 6006 10833
9044 8854 12817
8854 9044 12817
12817 8854 9044
4763 10230 12148
10230 4763 12148
12148 4763 10230
4120 3749 5764
3749 4120 5764
5764 3749 4120
14 5580 7614
5580 14 7614
7614 14 5580
10259 483 8077
483 8077 10259
8077 483 10259
2930 8404 8946
8946 2930 8404
8404 2930 8946
2737 7718 12204
7718 2737 12204
12204 2737 7718
9037 4233 4459
4459 4233 9037
4233 4459 9037
2992 4063 6577
4063 2992 6577
6577 2992 4063
5366 1208 5851
5851 1208 5366
1208 5366 5851
10174 7297 13127
13127 7297 10174
7297 10174 13127
7401 9622 13783
9622 7401 13783
13783 7401 9622
14758 14011 14530
14011 14530 14758
14530 14011 14758
4692 7919 8951
8951 4692 7919
7919 4692 8951
6984 1187 5007
5007 1187 6984
1187 5007 6984
1501 3496 4347
4347 1501 3496
3496 1501 4347
10277 5030 10376
10376 5030 10277
5030 10277 10376
12112 4522 14108
14108 4522 12112
4522 12112 14108
1813 3024 13317
13317 1813 3024
3024 1813 13317
9285 3571 11732
3571 9285 11732
11732 3571 9285
9590 4794 8144
8144 4794 9590
4794 8144 9590
6354 9319 10472
10472 6354 9319
9319 6354 10472
12780 3292 12195
3292 12195 12780
12195 3292 12780
9980 1962 11822
1962 9980 11822
11822 1962 9980
4890 6135 14855
6135 4890 14855
14855 4890 6135
11605 439 2625
439 2625 11605
2625 439 11605
3258 6429 7587
7587 3258 6429
6429 3258 7587
801 5104 12995
12995 801 5104
5104 801 12995
14645 13402 14453
13402 14453 14645
14453 13402 14645
11066 6221 8555
6221 8555 11066
8555 6221 11066
7112 795 14884
795 7112 14884
14884 795 7112
5804 6292 11935
11935 5804 6292
6292 5804 11935
8636 4266 6929
4266 6929 8636
6929 4266 8636
1318 470 12943
12943 470 1318
470 1318 12943
1908 9716 10559
10559 1908 9716
9716 1908 10559
7970 8634 9365
9365 7970 8634
8634 7970 9365
384 5391 8134
5391 384 8134
8134 384 5391
10538 784 9041
784 9041 10538
9041 784 10538
6128 255 3196
3196 255 6128
255 3196 6128
9124 117 5312
5312 117 9124
117 5312 9124
2963 11402 12671
12671 2963 11402
11402 2963 12671
11133 3172 13906
13906 3172 11133
3172 11133 13906
11178 6004 8072
6004 8072 11178
8072 6004 11178
10682 2305 11736
2305 10682 11736
11736 2305 10682
5950 2468 11571
2468 5950 11571
11571 2468 5950
14931 1775 3605
3605 1775 14931
1775 3605 14931
4480 3297 7925
3297 4480 7925
7925 3297 4480
14363 5188 11760
5188 11760 14363
11760 5188 14363
4725 6648 7229
7229 4725 6648
6648 4725 7229
14995 4451 8835
8835 4451 14995
4451 8835 14995
4241 11008 14983
11008 4241 14983
14983 4241 11008
1214 5988 11983
11983 1214 5988
5988 1214 11983
14648 5315 12129
5315 12129 14648
12129 5315 14648
3440 3726 5159
3726 3440 5159
5159 3440 3726
9508 1044 10418
10418 1044 9508
1044 9508 10418
12842 7043 10332
7043 10332 12842
10332 7043 12842
4601 4068 13810
13810 4068 4601
4068 4601 13810
7957 3904 11815
3904 7957 11815
11815 3904 7957
11961 1647 6606
6606 1647 11961
1647 6606 11961
7770 2787 14421
2787 7770 14421
14421 2787 7770
3353 2712 3556
2712 3353 3556
3556 2712 3353
10135 12857 13037
13037 10135 12857
12857 10135 13037
8823 287 7249
7249 287 8823
287 7249 8823
4562 1886 3415
3415 1886 4562
1886 3415 4562
14903 6079 14651
14651 6079 14903
6079 14651 14903
2201 465 7555
465 2201 7555
7555 465 2201
5860 899 8696
8696 899 5860
899 5860 8696
14435 1401 3365
3365 1401 14435
1401 3365 14435
9014 4107 12330
4107 9014 12330
12330 4107 9014
8655 10026 12445
10026 8655 12445
12445 8655 10026
3418 2998 11932
2998 3418 11932
11932 2998 3418
2077 5524 8865
5524 2077 8865
8865 2077 5524
9583 937 6550
6550 937 9583
937 6550 9583
12883 5648 6908
6908 5648 12883
5648 6908 12883
14874 6723 13458
6723 13458 14874
13458 6723 14874
12565 7795 14908
14908 7795 12565
7795 12565 14908
14022 5448 7973
5448 7973 14022
7973 5448 14022
10995 550 1142
1142 550 10995
550 1142 10995
12260 1144 7162
1144 7162 12260
7162 1144 12260
9358 818 12459
818 9358 12459
12459 818 9358
7199 3228 9751
3228 7199 9751
9751 3228 7199
10361 576 7984
7984 576 10361
576 7984 10361
10122 3696 4644
4644 3696 10122
3696 4644 10122
7153 5250 14188
14188 5250 7153
5250 7153 14188
4239 10503 11362
10503 4239 11362
11362 4239 10503
8048 4179 8480
8480 4179 8048
4179 8048 8480
3885 11788 14624
14624 3885 11788
11788 3885 14624
5917 3150 3763
3763 3150 5917
3150 3763 5917
9679 6184 10359
10359 6184 9679
6184 9679 10359
13974 1374 3622
1374 3622 13974
3622 1374 13974
1863 3102 9836
9836 1863 3102
3102 1863 9836
8666 1550 11130
1550 8666 11130
11130 1550 8666
7142 6438 12652
6438 7142 12652
12652 6438 7142
6313 1438 13628
1438 6313 13628
13628 1438 6313
9963 7439 14130
7439 9963 14130
14130 7439 9963
11853 5442 9186
9186 5442 11853
5442 9186 11853
9521 1356 12606
1356 9521 12606
12606 1356 9521
11088 1996 2393
2393 1996 11088
1996 2393 11088
1472 4916 7204
4916 1472 7204
7204 1472 4916
8315 3458 14030
14030 3458 8315
3458 8315 14030
7729 5862 8324
8324 5862 7729
5862 7729 8324
10963 2443 10516
2443 10516 10963
10516 2443 10963
9681 65 7185
7185 65 9681
65 7185 9681
12927 6375 13191
6375 12927 13191
13191 6375 12927
1718 3372 10251
10251 1718 3372
3372 1718 10251
12979 6519 10054
6519 10054 12979
10054 6519 12979
974 5271 8261
5271 974 8261
8261 974 5271
12537 7006 14348
14348 7006 12537
7006 12537 14348
10800 6625 11538
11538 6625 10800
6625 10800 11538
798 1858 11299
1858 798 11299
11299 798 1858
6904 2660 7169
7169 2660 6904
2660 6904 7169
12705 49 14893
14893 49 12705
49 12705 14893
13141 1696 3485
1696 3485 13141
3485 1696 13141
448 9869 14192
9869 448 14192
14192 448 9869
9423 6981 12013
6981 9423 12013
12013 6981 9423
10399 11587 14609
11587 10399 14609
14609 10399 11587
3392 8498 14888
14888 3392 8498
8498 3392 14888
10436 3835 8044
3835 8044 10436
8044 3835 10436
3506 2796 4314
2796 3506 4314
4314 2796 3506
8706 3955 14825
14825 3955 8706
3955 8706 14825
8462 11508 11977
11508 8462 11977
11977 8462 11508
10944 4131 12237
12237 4131 10944
4131 10944 12237
3356 2831 3974
2831 3356 3974
3974 2831 3356
13491 3561 4685
4685 3561 13491
3561 4685 13491
916 1567 6896
1567 916 6896
6896 916 1567
12476 6912 9773
9773 6912 12476
6912 9773 12476
2644 3988 11701
11701 2644 3988
3988 2644 11701
1342 10790 11774
11774 1342 10790
10790 1342 11774
13571 12082 12439
12082 12439 13571
12439 12082 13571
2499 6706 10224
10224 2499 6706
6706 2499 10224
5638 5239 13187
5239 5638 13187
13187 5239 5638
1565 1586 12311
12311 1565 1586
1586 1565 12311
4276 5700 10725
5700 4276 10725
10725 4276 5700
14058 1264 13501
1264 13501 14058
13501 1264 14058
6273 9403 12948
12948 6273 9403
9403 6273 12948
7486 2803 3532
3532 2803 7486
2803 3532 7486
13280 3248 8841
8841 3248 13280
3248 8841 13280
5460 776 9665
9665 776 5460
776 5460 9665
10075 283 1315
283 1315 10075
1315 283 10075
2956 13192 14897
14897 2956 13192
13192 2956 14897
9212 7022 10697
10697 7022 9212
7022 9212 10697
4684 2002 2789
2789 2002 4684
2002 2789 4684
6244 2163 6543
6543 2163 6244
2163 6244 6543
3493 12150 13340
13340 3493 12150
12150 3493 13340
7812 2566 13354
2566 7812 13354
13354 2566 7812
6119 6609 11384
6609 6119 11384
11384 6119 6609
14773 4086 11936
11936 4086 14773
4086 11936 14773
14683 4108 11096
4108 11096 14683
11096 4108 14683
3850 8834 12513
12513 3850 8834
8834 3850 12513
14470 9173 10549
9173 10549 14470
10549 9173 14470
13786 1398 4790
1398 4790 13786
4790 1398 13786
3905 5420 11128
11128 3905 5420
5420 3905 11128
942 3704 5848
3704 942 5848
5848 942 3704
4048 1251 6446
1251 4048 6446
6446 1251 4048
9 1762 9115
1762 9 9115
9115 9 1762
2095 11536 14972
14972 2095 11536
11536 2095 14972
14145 3986 5761
5761 3986 14145
3986 5761 14145
6387 3505 4273
4273 3505 6387
3505 4273 6387
948 2652 14482
14482 948 2652
2652 948 14482
6254 8041 9383
8041 6254 9383
9383 6254 8041
13339 1835 8068
1835 8068 13339
8068 1835 13339
12582 2634 12470
12470 2634 12582
2634 12470 12582
9800 1989 11092
11092 1989 9800
1989 9800 11092
3038 984 4403
984 3038 4403
4403 984 3038
4549 912 9237
912 4549 9237
9237 912 4549
12325 2413 10346
2413 10346 12325
10346 2413 12325
13739 767 12400
767 12400 13739
12400 767 13739
1785 2170 9747
9747 1785 2170
2170 1785 9747
6051 2668 4378
4378 2668 6051
2668 4378 6051
10615 4230 9828
4230 9828 10615
9828 4230 10615
12116 13047 13056
13047 12116 13056
13056 12116 13047
9881 3883 8663
3883 8663 9881
8663 3883 9881
4656 323 3375
3375 323 4656
323 3375 4656
8831 4913 6626
4913 6626 8831
6626 4913 8831
6598 12066 12455
12455 6598 12066
12066 6598 12455
5563 50 1041
1041 50 5563
50 1041 5563
5596 8467 9549
8467 5596 9549
9549 5596 8467
8190 6941 13010
6941 8190 13010
13010 6941 8190
10152 1470 7042
1470 7042 10152
7042 1470 10152
2086 1540 2833
1540 2086 2833
2833 1540 2086
1773 295 4311
295 1773 4311
4311 295 1773
13094 109 5964
5964 109 13094
109 5964 13094
8005 2073 14817
2073 8005 14817
14817 2073 8005
828 11636 14850
11636 828 14850
14850 828 11636
280 12130 13938
13938 280 12130
12130 280 13938
965 4343 5589
5589 965 4343
4343 965 5589
6408 12992 14416
12992 6408 14416
14416 6408 12992
9809 7518 7781
7781 7518 9809
7518 7781 9809
14316 686 14769
686 14316 14769
14769 686 14316
5853 691 13993
13993 691 5853
691 5853 13993
5514 4710 5423
4710 5423 5514
5423 4710 5514
13593 2773 10644
2773 10644 13593
10644 2773 13593
3155 11790 14322
11790 3155 14322
14322 3155 11790
13651 4980 8537
8537 4980 13651
4980 8537 13651
1300 9299 13184
9299 1300 13184
13184 1300 9299
1578 1551 5114
5114 1551 1578
1551 1578 5114
13581 6749 13065
13065 6749 13581
6749 13065 13581
3000 4399 12828
12828 3000 4399
4399 3000 12828
5678 4530 11445
4530 5678 11445
11445 4530 5678
11494 8481 14575
8481 11494 14575
14575 8481 11494
6576 1728 3092
1728 3092 6576
3092 1728 6576
13398 730 5124
730 5124 13398
5124 730 13398
11228 5692 8571
5692 8571 11228
8571 5692 11228
14398 2078 9676
2078 9676 14398
9676 2078 14398
6968 1911 14259
1911 6968 14259
14259 1911 6968
1496 2166 3343
3343 1496 2166
2166 1496 3343
6932 4027 4193
4027 4193 6932
4193 4027 6932
520 4570 5248
5248 520 4570
4570 520 5248
10824 4 10237
4 10237 10824
10237 4 10824
1817 2481 2777
2777 1817 2481
2481 1817 2777
12397 788 3752
3752 788 12397
788 3752 12397
12262 10865 14018
10865 12262 14018
14018 10865 12262
10188 6770 13990
6770 10188 13990
13990 6770 10188
10496 12218 14564
12218 10496 14564
14564 10496 12218
5157 4384 14706
4384 5157 14706
14706 4384 5157
12789 5105 11150
11150 5105 12789
5105 11150 12789
5512 13266 14254
14254 5512 13266
13266 5512 14254
4315 404 13819
404 4315 13819
13819 404 4315
5247 2408 13805
13805 2408 5247
2408 5247 13805
395 6233 14836
6233 395 14836
14836 395 6233
3631 5163 6505
5163 3631 6505
6505 3631 5163
7881 6808 12826
6808 7881 12826
12826 6808 7881
10812 357 4374
357 4374 10812
4374 357 10812
6251 1476 13219
13219 1476 6251
1476 6251 13219
10252 924 1539
1539 924 10252
924 1539 10252
8769 4038 11031
4038 8769 11031
11031 4038 8769
7983 9783 12501
9783 7983 12501
12501 7983 9783
5509 980 13918
980 5509 13918
13918 980 5509
6235 2662 6759
6759 2662 6235
2662 6235 6759
4880 1572 8748
1572 4880 8748
8748 1572 4880
12788 13403 14680
14680 12788 13403
13403 12788 14680
14865 1921 13292
13292 1921 14865
1921 13292 14865
14747 26 8402
8402 26 14747
26 8402 14747
13579 4630 6449
6449 4630 13579
4630 6449 13579
14277 13590 14478
13590 14277 14478
14478 13590 14277
167 7521 12062
7521 167 12062
12062 167 7521
735 4162 14505
4162 735 14505
14505 735 4162
9005 2716 11168
2716 9005 11168
11168 2716 9005
10750 2450 11990
11990 2450 10750
2450 10750 11990
7732 521 14723
14723 521 7732
521 7732 14723
12303 9032 13378
9032 12303 13378
13378 9032 12303
2950 3010 4932
3010 2950 4932
4932 2950 3010
14343 8573 9974
9974 8573 14343
8573 9974 14343
7473 9353 11135
9353 7473 11135
11135 7473 9353
4727 4715 12973
4715 4727 12973
12973 4715 4727
3441 2903 14926
2903 3441 14926
14926 2903 3441
390 2754 13963
2754 390 13963
13963 390 2754
938 3900 11277
3900 938 11277
11277 938 3900
8733 8364 10388
8364 8733 10388
10388 8364 8733
13002 3425 13725
13725 3425 13002
3425 13002 13725
6476 3344 4740
4740 3344 6476
3344 4740 6476
3723 13507 14219
13507 3723 14219
14219 3723 13507
4716 6025 10270
10270 4716 6025
6025 4716 10270
9982 9220 10098
9220 9982 10098
10098 9220 9982
209 2711 9643
9643 209 2711
2711 209 9643
13346 5778 11999
5778 11999 13346
11999 5778 13346
11239 236 14213
236 11239 14213
14213 236 11239
4951 8047 8712
8712 4951 8047
8047 4951 8712
4019 5283 13685
13685 4019 5283
5283 4019 13685
1919 238 3336
238 1919 3336
3336 238 1919
1937 1970 10394
1970 1937 10394
10394 1937 1970
8148 10639 11564
11564 8148 10639
10639 8148 11564
429 8525 11457
11457 429 8525
8525 429 11457
5327 7444 10434
10434 5327 7444
7444 5327 10434
2411 8711 9807
9807 2411 8711
8711 2411 9807
9402 1609 12812
1609 9402 12812
12812 1609 9402
12056 4204 5783
4204 5783 12056
5783 4204 12056
14486 3335 3501
3335 3501 14486
3501 3335 14486
13161 4420 14975
4420 13161 14975
14975 4420 13161
1531 7416 11703
7416 1531 11703
11703 1531 7416
5347 6775 9922
6775 5347 9922
9922 5347 6775
4788 1409 12946
12946 1409 4788
1409 4788 12946
7632 8289 10321
8289 7632 10321
10321 7632 8289
2561 10228 13630
13630 2561 10228
10228 2561 13630
12088 1117 14038
1117 12088 14038
14038 1117 12088
10501 8759 13535
8759 10501 13535
13535 8759 10501
6915 2138 13969
2138 6915 13969
13969 2138 6915
13168 5011 12362
12362 5011 13168
5011 12362 13168
5068 779 3811
3811 779 5068
779 3811 5068
1683 6701 12904
6701 1683 12904
12904 1683 6701
5035 1431 3285
1431 3285 5035
3285 1431 5035
10044 7810 11893
7810 10044 11893
11893 7810 10044
4254 8090 9802
9802 4254 8090
8090 4254 9802
4544 2784 3031
2784 3031 4544
3031 2784 4544
7453 4310 8085
8085 4310 7453
4310 7453 8085
7437 3769 9474
3769 7437 9474
9474 3769 7437
2595 12591 13727
13727 2595 12591
12591 2595 13727
13380 92 333
92 333 13380
333 92 13380
591 6799 9559
6799 591 9559
9559 591 6799
3839 11901 12837
12837 3839 11901
11901 3839 12837
6188 7524 9180
7524 6188 9180
9180 6188 7524
1556 8249 11606
8249 1556 11606
11606 1556 8249
9524 7470 14915
14915 7470 9524
7470 9524 14915
7773 3040 9280
9280 3040 7773
3040 7773 9280
11458 941 10295
941 10295 11458
10295 941 11458
12011 11015 11104
11015 11104 12011
11104 11015 12011
14667 3557 7090
7090 3557 14667
3557 7090 14667
12128 10590 14388
14388 10590 12128
10590 12128 14388
1782 6266 8377
6266 1782 8377
8377 1782 6266
12514 67 11756
67 11756 12514
11756 67 12514
4395 2280 5351
2280 4395 5351
5351 2280 4395
2802 7731 8082
8082 2802 7731
7731 2802 8082
9248 2513 4283
4283 2513 9248
2513 4283 9248
6108 10958 13713
13713 6108 10958
10958 6108 13713
10179 8500 12402
8500 10179 12402
12402 8500 10179
5952 2601 3713
2601 3713 5952
3713 2601 5952
11659 5375 13784
5375 11659 13784
13784 5375 11659
6267 4128 14400
14400 4128 6267
4128 6267 14400
13420 11261 12276
12276 11261 13420
11261 12276 13420
2736 2350 14225
14225 2350 2736
2350 2736 14225
14096 2338 4863
2338 4863 14096
4863 2338 14096
9929 7007 7645
7007 7645 9929
7645 7007 9929
7776 9213 13526
13526 7776 9213
9213 7776 13526
8564 3477 5745
3477 5745 8564
5745 3477 8564
6276 1308 11603
1308 6276 11603
11603 1308 6276
8303 8664 13313
8664 8303 13313
13313 8303 8664
1442 3494 13179
3494 1442 13179
13179 1442 3494
8546 4798 11635
4798 8546 11635
11635 4798 8546
7828 5682 8797
8797 5682 7828
5682 7828 8797
7335 7685 8120
8120 7335 7685
7685 7335 8120
5913 414 5134
5134 414 5913
414 5134 5913
764 10696 14208
14208 764 10696
10696 764 14208
8758 4671 9118
9118 4671 8758
4671 8758 9118
1778 702 13760
702 1778 13760
13760 702 1778
2798 3085 7078
7078 2798 3085
3085 2798 7078
7316 11972 13376
11972 7316 13376
13376 7316 11972
12359 8477 9225
8477 9225 12359
9225 8477 12359
604 6703 13980
6703 604 13980
13980 604 6703
8425 2167 12636
12636 2167 8425
2167 8425 12636
5945 10049 11517
10049 5945 11517
11517 5945 10049
1869 10562 12853
10562 1869 12853
12853 1869 10562
1307 2089 8260
2089 1307 8260
8260 1307 2089
1211 547 9866
547 1211 9866
9866 547 1211
11731 2819 10387
2819 10387 11731
10387 2819 11731
12219 4843 9152
9152 4843 12219
4843 9152 12219
7709 8651 9798
9798 7709 8651
8651 7709 9798
1956 3426 7277
3426 1956 7277
7277 1956 3426
4385 6832 12214
6832 4385 12214
12214 4385 6832
11016 13109 14466
13109 11016 14466
14466 11016 13109
12839 10275 10796
10275 10796 12839
10796 10275 12839
6826 9825 12654
9825 6826 12654
12654 6826 9825
5026 7544 10713
10713 5026 7544
7544 5026 10713
7940 5511 9306
9306 5511 7940
5511 7940 9306
5660 7777 14681
14681 5660 7777
7777 5660 14681
12496 7005 9485
7005 9485 12496
9485 7005 12496
12687 4855 13519
13519 4855 12687
4855 12687 13519
1107 4922 11345
11345 1107 4922
4922 1107 11345
7477 4977 14098
4977 7477 14098
14098 4977 7477
1139 3736 14852
3736 1139 14852
14852 1139 3736
10922 6411 13846
13846 6411 10922
6411 10922 13846
1492 1248 2333
2333 1248 1492
1248 1492 2333
3690 5808 5969
5969 3690 5808
5808 3690 5969
5721 3554 11906
11906 3554 5721
3554 5721 11906
11067 2439 4681
2439 4681 11067
4681 2439 11067
1558 9997 12601
12601 1558 9997
9997 1558 12601
1545 9944 14452
14452 1545 9944
9944 1545 14452
2722 10378 12982
10378 2722 12982
12982 2722 10378
3735 11397 12767
11397 3735 12767
12767 3735 11397
13228 6388 13640
13640 6388 13228
6388 13228 13640
12730 4368 9127
4368 9127 12730
9127 4368 12730
10945 6898 11933
11933 6898 10945
6898 10945 11933
12751 5573 13119
5573 12751 13119
13119 5573 12751
5371 9006 10646
9006 5371 10646
10646 5371 9006
14310 8427 11675
8427 11675 14310
11675 8427 14310
12282 13102 13683
13683 12282 13102
13102 12282 13683
1557 7376 13570
7376 1557 13570
13570 1557 7376
1491 1311 2462
1311 1491 2462
2462 1311 1491
13555 7328 8408
8408 7328 13555
7328 8408 13555
114 6567 9717
9717 114 6567
6567 114 9717
13891 4189 8062
8062 4189 13891
4189 8062 13891
407 5850 11074
11074 407 5850
5850 407 11074
8763 1811 10760
10760 1811 8763
1811 8763 10760
1207 5816 14493
14493 1207 5816
5816 1207 14493
11046 9705 10565
9705 10565 11046
10565 9705 11046
524 10564 11353
11353 524 10564
10564 524 11353
3709 1008 3340
3340 1008 3709
1008 3340 3709
5276 907 14719
907 5276 14719
14719 907 5276
13425 4317 12100
4317 12100 13425
12100 4317 13425
11476 4832 10529
10529 4832 11476
4832 10529 11476
6855 11078 12424
11078 6855 12424
12424 6855 11078
5899 9008 13544
13544 5899 9008
9008 5899 13544
10348 2702 10987
10987 2702 10348
2702 10348 10987
5203 3649 13976
3649 5203 13976
13976 3649 5203
12511 2680 9565
9565 2680 12511
2680 9565 12511
14438 14298 14656
14298 14438 14656
14656 14298 14438
954 4323 12333
4323 954 12333
12333 954 4323
13099 4235 14061
14061 4235 13099
4235 13099 14061
4528 34 5096
34 4528 5096
5096 34 4528
6049 2296 13564
13564 2296 6049
2296 6049 13564
6488 7096 14730
14730 6488 7096
7096 6488 14730
14550 9696 12556
12556 9696 14550
9696 12556 14550
6103 10544 14941
14941 6103 10544
10544 6103 14941
14935 3288 11836
11836 3288 14935
3288 11836 14935
10595 1686 5055
5055 1686 10595
1686 5055 10595
12677 4641 5581
4641 5581 12677
5581 4641 12677
3249 3971 7509
3971 3249 7509
7509 3249 3971
160 13163 13782
13163 160 13782
13782 160 13163
12867 4755 7719
4755 7719 12867
7719 4755 12867
14887 9279 14595
14595 9279 14887
9279 14595 14887
753 7385 8507
7385 753 8507
8507 753 7385
6751 251 4091
4091 251 6751
251 4091 6751
7457 5663 7498
5663 7457 7498
7498 5663 7457
2490 747 7590
747 2490 7590
7590 747 2490
7755 1494 9263
9263 1494 7755
1494 7755 9263
11929 7017 12051
7017 11929 12051
12051 7017 11929
14932 6105 13264
13264 6105 14932
6105 13264 14932
1638 4538 8649
4538 1638 8649
8649 1638 4538
10745 10173 11363
10173 10745 11363
11363 10173 10745
9460 11938 14126
14126 9460 11938
11938 9460 14126
3639 3544 13393
3544 3639 13393
13393 3544 3639
5688 6793 14928
6793 5688 14928
14928 5688 6793
11382 11196 14446
14446 11196 11382
11196 11382 14446
8298 226 13604
13604 226 8298
226 8298 13604
12945 1036 8874
1036 8874 12945
8874 1036 12945
570 5960 12360
12360 570 5960
5960 570 12360
2860 6809 12932
12932 2860 6809
6809 2860 12932
5957 11014 12500
12500 5957 11014
11014 5957 12500
7805 4250 8395
4250 7805 8395
8395 4250 7805
8475 9415 13716
13716 8475 9415
9415 8475 13716
11879 3319 9851
9851 3319 11879
3319 9851 11879
14197 5632 5904
5904 5632 14197
5632 5904 14197
8316 7842 14517
14517 7842 8316
7842 8316 14517
6431 4292 11327
4292 6431 11327
11327 4292 6431
3990 9860 14641
9860 3990 14641
14641 3990 9860
14949 12624 13270
13270 12624 14949
12624 13270 14949
10382 1707 2527
2527 1707 10382
1707 2527 10382
6045 2467 6745
2467 6045 6745
6745 2467 6045
3847 2348 14070
14070 2348 3847
2348 3847 14070
14577 9805 10814
9805 10814 14577
10814 9805 14577
13036 3431 7180
7180 3431 13036
3431 7180 13036
10255 6716 13473
13473 6716 10255
6716 10255 13473
14940 3612 6617
6617 3612 14940
3612 6617 14940
1599 2331 13723
2331 1599 13723
13723 1599 2331
14776 2727 14806
2727 14776 14806
14806 2727 14776
4822 2889 5043
5043 2889 4822
2889 4822 5043
951 4982 9238
9238 951 4982
4982 951 9238
8009 4256 5313
4256 5313 8009
5313 4256 8009
12825 1105 7377
7377 1105 12825
1105 7377 12825
1756 6230 12378
12378 1756 6230
6230 1756 12378
4900 5963 10200
5963 4900 10200
10200 4900 5963
4402 4577 12179
4577 4402 12179
12179 4402 4577
14796 565 12528
12528 565 14796
565 12528 14796
14020 4213 6311
6311 4213 14020
4213 6311 14020
9859 4673 13416
4673 9859 13416
13416 4673 9859
8246 6405 7462
6405 7462 8246
7462 6405 8246
4954 2314 10634
2314 4954 10634
10634 2314 4954
12548 9556 13798
9556 12548 13798
13798 9556 12548
10092 6589 8798
8798 6589 10092
6589 8798 10092
11456 208 1362
1362 208 11456
208 1362 11456
13308 9845 11676
11676 9845 13308
9845 11676 13308
1020 2555 5311
5311 1020 2555
2555 1020 5311
11789 871 6642
871 6642 11789
6642 871 11789
14785 606 3788
3788 606 14785
606 3788 14785
12613 3698 9311
9311 3698 12613
3698 9311 12613
7145 163 2503
2503 163 7145
163 2503 7145
13841 6207 14789
6207 13841 14789
14789 6207 13841
2136 13971 14710
14710 2136 13971
13971 2136 14710
12497 4096 5334
4096 5334 12497
5334 4096 12497
7435 3069 9371
3069 7435 9371
9371 3069 7435
12099 8777 13896
13896 8777 12099
8777 12099 13896
14328 1604 14499
1604 14328 14499
14499 1604 14328
4363 4514 6930
6930 4363 4514
4514 4363 6930
1637 836 2312
2312 836 1637
836 1637 2312
13177 7576 13057
13057 7576 13177
7576 13057 13177
11856 484 7996
7996 484 11856
484 7996 11856
11539 530 13752
530 11539 13752
13752 530 11539
772 3048 11658
3048 772 11658
11658 772 3048
8515 271 11652
11652 271 8515
271 8515 11652
3740 4160 13104
4160 3740 13104
13104 3740 4160
4474 8752 10957
8752 4474 10957
10957 4474 8752
9168 10239 14382
14382 9168 10239
10239 9168 14382
6218 7939 14318
7939 6218 14318
14318 6218 7939
7651 633 5462
633 5462 7651
5462 633 7651
6511 134 3687
134 3687 6511
3687 134 6511
2908 8772 12026
8772 2908 12026
12026 2908 8772
13196 11692 12268
11692 12268 13196
12268 11692 13196
3846 7460 10031
7460 3846 10031
10031 3846 7460
2206 1158 6540
1158 2206 6540
6540 1158 2206
3160 3148 14387
3148 3160 14387
14387 3148 3160
4246 11824 11846
11824 4246 11846
11846 4246 11824
5680 5800 12738
12738 5680 5800
5800 5680 12738
7221 7682 14557
7682 7221 14557
14557 7221 7682
5237 636 8885
8885 636 5237
636 5237 8885
7988 156 2329
2329 156 7988
156 2329 7988
1327 7 2629
7 1327 2629
2629 7 1327
321 6837 13647
6837 321 13647
13647 321 6837
7692 3993 8445
8445 3993 7692
3993 7692 8445
2848 3647 11376
3647 2848 11376
11376 2848 3647
8978 1039 12997
12997 1039 8978
1039 8978 12997
7620 14480 14742
14480 7620 14742
14742 7620 14480
8955 821 11638
11638 821 8955
821 8955 11638
656 987 4104
4104 656 987
987 656 4104
5642 5126 6110
6110 5126 5642
5126 5642 6110
9430 3595 5927
3595 5927 9430
5927 3595 9430
9281 6656 7950
6656 7950 9281
7950 6656 9281
7428 330 1980
1980 330 7428
330 1980 7428
7034 6173 9685
6173 7034 9685
9685 6173 7034
4628 1713 3686
3686 1713 4628
1713 3686 4628
11424 1856 4231
4231 1856 11424
1856 4231 11424
3058 4512 9940
9940 3058 4512
4512 3058 9940
14009 7013 12614
7013 12614 14009
12614 7013 14009
6140 1821 9401
9401 1821 6140
1821 6140 9401
14584 2614 12474
12474 2614 14584
2614 12474 14584
3546 11007 14510
14510 3546 11007
11007 3546 14510
814 4899 5640
4899 814 5640
5640 814 4899
3552 12248 13943
13943 3552 12248
12248 3552 13943
10653 4052 12575
4052 10653 12575
12575 4052 10653
12053 2686 9839
9839 2686 12053
2686 9839 12053
3468 7722 8297
7722 3468 8297
8297 3468 7722
10127 4332 7616
7616 4332 10127
4332 7616 10127
5819 3416 13072
13072 3416 5819
3416 5819 13072
1443 7414 8632
8632 1443 7414
7414 1443 8632
14693 3568 9813
3568 9813 14693
9813 3568 14693
1837 9770 14072
14072 1837 9770
9770 1837 14072
6052 1464 11021
1464 6052 11021
11021 1464 6052
751 10012 14379
10012 751 14379
14379 751 10012
2559 6551 7921
6551 2559 7921
7921 2559 6551
700 245 3878
3878 245 700
245 700 3878
11934 6635 9772
9772 6635 11934
6635 9772 11934
10731 728 5616
5616 728 10731
728 5616 10731
14589 4381 13768
4381 13768 14589
13768 4381 14589
8150 401 571
571 401 8150
401 571 8150
3759 6098 14075
14075 3759 6098
6098 3759 14075
1175 1305 14456
14456 1175 1305
1305 1175 14456
1247 6231 8918
6231 1247 8918
8918 1247 6231
10687 7703 9574
9574 7703 10687
7703 9574 10687
1737 3429 9575
3429 1737 9575
9575 1737 3429
3729 138 4037
138 3729 4037
4037 138 3729
144 7421 7647
7421 144 7647
7647 144 7421
4338 3244 14196
3244 4338 14196
14196 3244 4338
9915 10056 14394
14394 9915 10056
10056 9915 14394
9398 3625 11515
11515 3625 9398
3625 9398 11515
253 1689 14027
14027 253 1689
1689 253 14027
8690 2719 8184
2719 8184 8690
8184 2719 8690
5018 16 1515
16 1515 5018
1515 16 5018
12114 6966 9578
9578 6966 12114
6966 9578 12114
7128 7001 13960
13960 7001 7128
7001 7128 13960
5204 2224 14837
14837 2224 5204
2224 5204 14837
5125 1212 6956
6956 1212 5125
1212 5125 6956
8265 7381 8582
7381 8265 8582
8582 7381 8265
4944 2786 11688
11688 2786 4944
2786 4944 11688
2993 1078 1250
1250 1078 2993
1078 1250 2993
8993 8086 13540
13540 8086 8993
8086 8993 13540
9511 6917 11082
11082 6917 9511
6917 9511 11082
9993 1507 6315
1507 6315 9993
6315 1507 9993
3863 3910 6139
6139 3863 3910
3910 3863 6139
7972 5205 10084
5205 7972 10084
10084 5205 7972
1624 5379 6709
5379 1624 6709
6709 1624 5379
14270 11288 11855
11288 11855 14270
11855 11288 14270
7869 4075 14008
4075 7869 14008
14008 4075 7869
1848 2758 5492
5492 1848 2758
2758 1848 5492
6936 3108 7267
3108 6936 7267
7267 3108 6936
2641 8163 13832
13832 2641 8163
8163 2641 13832
9840 2060 10954
2060 9840 10954
10954 2060 9840
10063 4417 8607
4417 8607 10063
8607 4417 10063
14334 3819 5227
3819 5227 14334
5227 3819 14334
14492 699 8106
8106 699 14492
699 8106 14492
314 3100 6645
3100 314 6645
6645 314 3100
961 137 7209
7209 137 961
137 961 7209
4675 3490 8171
3490 4675 8171
8171 3490 4675
13674 9939 11473
9939 11473 13674
11473 9939 13674
11702 8767 9019
8767 9019 11702
9019 8767 11702
1836 886 9752
9752 886 1836
886 1836 9752
1441 4133 8957
4133 1441 8957
8957 1441 4133
2182 132 4925
132 2182 4925
4925 132 2182
11379 4444 6552
6552 4444 11379
4444 6552 11379
3037 632 9529
632 3037 9529
9529 632 3037
13207 3204 14413
3204 13207 14413
14413 3204 13207
10524 1584 11656
11656 1584 10524
1584 10524 11656
7248 5254 11523
5254 7248 11523
11523 5254 7248
12846 445 7271
445 7271 12846
7271 445 12846
7633 3072 11976
11976 3072 7633
3072 7633 11976
3358 6668 11818
11818 3358 6668
6668 3358 11818
5015 13271 14238
14238 5015 13271
13271 5015 14238
8499 6064 9969
9969 6064 8499
6064 8499 9969
867 7230 12736
7230 867 12736
12736 867 7230
1050 719 2969
719 1050 2969
2969 719 1050
811 4884 14340
4884 811 14340
14340 811 4884
648 8486 12631
12631 648 8486
8486 648 12631
224 7552 8866
7552 224 8866
8866 224 7552
1925 6029 10948
6029 1925 10948
10948 1925 6029
9635 2959 8292
8292 2959 9635
2959 8292 9635
6427 3342 5421
5421 3342 6427
3342 5421 6427
4181 825 6053
825 4181 6053
6053 825 4181
2664 2298 12618
2298 2664 12618
12618 2298 2664
1924 2923 7309
2923 1924 7309
7309 1924 2923
5289 10701 11056
11056 5289 10701
10701 5289 11056
6075 2006 6144
6144 2006 6075
2006 6075 6144
1901 6600 12640
6600 1901 12640
12640 1901 6600
5891 7261 13483
13483 5891 7261
7261 5891 13483
1606 2480 13485
2480 1606 13485
13485 1606 2480
6474 441 9604
441 6474 9604
9604 441 6474
6134 2491 10262
10262 2491 6134
2491 6134 10262
11171 11484 14872
11484 11171 14872
14872 11171 11484
11040 13623 14473
13623 11040 14473
14473 11040 13623
4454 1201 7594
1201 4454 7594
7594 1201 4454
4433 3063 8688
3063 4433 8688
8688 3063 4433
12889 4147 11533
4147 11533 12889
11533 4147 12889
7681 5010 13437
13437 5010 7681
5010 7681 13437
11289 9734 9837
9734 9837 11289
9837 9734 11289
8133 9777 13210
13210 8133 9777
9777 8133 13210
10792 3914 13106
13106 3914 10792
3914 10792 13106
1268 2575 9457
2575 1268 9457
9457 1268 2575
1880 3697 11063
3697 1880 11063
11063 1880 3697
11784 329 7512
7512 329 11784
329 7512 11784
12907 602 10087
10087 602 12907
602 10087 12907
6283 2386 14811
14811 2386 6283
2386 6283 14811
557 2185 6433
6433 557 2185
2185 557 6433
7443 5802 7062
5802 7062 7443
7062 5802 7443
6285 2806 9469
2806 6285 9469
9469 2806 6285
5647 1197 6090
6090 1197 5647
1197 5647 6090
12188 564 8561
8561 564 12188
564 8561 12188
14367 3395 11909
3395 11909 14367
11909 3395 14367
9891 4021 12320
12320 4021 9891
4021 9891 12320
1218 3261 7483
3261 1218 7483
7483 1218 3261
5661 6287 11486
6287 5661 11486
11486 5661 6287
7568 2694 2990
2694 2990 7568
2990 2694 7568
11992 9197 12010
9197 11992 12010
12010 9197 11992
872 8344 13296
13296 872 8344
8344 872 13296
14602 3061 12055
12055 3061 14602
3061 12055 14602
3514 12227 12899
12227 3514 12899
12899 3514 12227
12323 4635 12833
4635 12323 12833
12833 4635 12323
5911 164 11751
11751 164 5911
164 5911 11751
10429 2424 7182
2424 7182 10429
7182 2424 10429
10165 4431 13000
13000 4431 10165
4431 10165 13000
6578 5416 14204
14204 5416 6578
5416 6578 14204
3483 480 1895
480 1895 3483
1895 480 3483
7920 6261 12298
12298 6261 7920
6261 7920 12298
10885 5519 14074
14074 5519 10885
5519 10885 14074
10185 6654 7360
7360 6654 10185
6654 7360 10185
13046 8614 9613
8614 9613 13046
9613 8614 13046
2448 2340 10699
10699 2340 2448
2340 2448 10699
8111 3934 5214
5214 3934 8111
3934 5214 8111
3966 8953 9043
9043 3966 8953
8953 3966 9043
4360 8791 9933
8791 4360 9933
9933 4360 8791
5434 4392 8442
8442 4392 5434
4392 5434 8442
10314 4877 5455
5455 4877 10314
4877 5455 10314
6199 13199 13804
13199 6199 13804
13804 6199 13199
14764 1062 14114
1062 14114 14764
14114 1062 14764
192 1878 8756
1878 192 8756
8756 192 1878
3920 7219 7541
7541 3920 7219
7219 3920 7541
14437 1517 4694
1517 4694 14437
4694 1517 14437
3345 785 14191
14191 785 3345
785 3345 14191
1642 2454 14468
2454 1642 14468
14468 1642 2454
14916 6396 6652
6652 6396 14916
6396 6652 14916
6263 2539 7413
7413 2539 6263
2539 6263 7413
608 86 3143
3143 86 608
86 608 3143
13822 3488 9499
3488 9499 13822
9499 3488 13822
10169 309 5974
309 5974 10169
5974 309 10169
6012 10923 12499
12499 6012 10923
10923 6012 12499
3972 3018 14905
3018 3972 14905
14905 3018 3972
4744 7237 13701
13701 4744 7237
7237 4744 13701
2158 508 11859
508 2158 11859
11859 508 2158
8430 2152 9871
9871 2152 8430
2152 8430 9871
4825 6036 9657
9657 4825 6036
6036 4825 9657
10211 9707 14754
9707 10211 14754
14754 9707 10211
9233 13052 13521
13052 9233 13521
13521 9233 13052
13531 4103 6132
6132 4103 13531
4103 6132 13531
1447 5436 11094
11094 1447 5436
5436 1447 11094
4220 9506 12411
9506 4220 12411
12411 4220 9506
13243 3701 12555
12555 3701 13243
3701 12555 13243
4632 1477 11562
1477 4632 11562
11562 1477 4632
10656 1893 7337
1893 7337 10656
7337 1893 10656
5666 1755 4978
1755 4978 5666
4978 1755 5666
9718 9880 14215
14215 9718 9880
9880 9718 14215
3224 1465 11072
1465 3224 11072
