389 338 711
338 389 711
711 338 389
548 216 776
216 548 776
776 216 548
1495 107 603
603 107 1495
107 603 1495
390 734 939
939 390 734
734 390 939
22 1175 1479
1175 22 1479
1479 22 1175
1000 654 1271
654 1000 1271
1271 654 1000
917 551 848
551 848 917
848 551 917
1200 1 658
1 658 1200
658 1 1200
676 1081 1092
1081 676 1092
1092 676 1081
146 809 919
919 146 809
809 146 919
830 75 162
75 162 830
162 75 830
619 133 241
133 241 619
241 133 619
1481 182 1118
1118 182 1481
182 1118 1481
839 280 1048
1048 280 839
280 839 1048
953 680 981
680 953 981
981 680 953
1168 344 444
344 444 1168
444 344 1168
1069 1282 1359
1282 1069 1359
1359 1069 1282
1073 1033 1374
1033 1073 1374
1374 1033 1073
635 305 1297
305 635 1297
1297 305 635
1100 833 1373
1373 833 1100
833 1100 1373
1222 579 1423
1423 579 1222
579 1222 1423
67 813 1364
813 67 1364
1364 67 813
1355 42 101
101 42 1355
42 101 1355
266 622 1478
1478 266 622
622 266 1478
877 73 706
706 73 877
73 706 877
1047 29 1015
1015 29 1047
29 1015 1047
131 254 921
921 131 254
254 131 921
535 50 212
50 212 535
212 50 535
420 150 708
150 420 708
708 150 420
314 225 693
693 225 314
225 314 693
1305 1080 1492
1492 1080 1305
1080 1305 1492
785 652 928
928 652 785
652 785 928
1494 96 1446
1446 96 1494
96 1446 1494
168 79 166
79 166 168
166 79 168
1042 602 993
602 993 1042
993 602 1042
907 979 990
990 907 979
979 907 990
1457 453 615
453 615 1457
615 453 1457
301 922 999
999 301 922
922 301 999
558 312 765
765 312 558
312 558 765
188 337 1445
1445 188 337
337 188 1445
1022 104 1343
104 1022 1343
1343 104 1022
760 316 641
641 316 760
316 641 760
157 206 1444
1444 157 206
206 157 1444
719 1078 1203
1203 719 1078
1078 719 1203
616 496 659
659 496 616
496 616 659
528 742 1335
1335 528 742
742 528 1335
358 184 1031
184 358 1031
1031 184 358
129 163 307
163 129 307
307 129 163
732 766 1211
766 732 1211
1211 732 766
869 1181 1284
1181 869 1284
1284 869 1181
563 302 1109
1109 302 563
302 563 1109
1183 725 1321
1321 725 1183
725 1183 1321
211 582 998
998 211 582
582 211 998
340 692 1354
692 340 1354
1354 340 692
1291 1386 1396
1386 1291 1396
1396 1291 1386
762 66 1133
1133 66 762
66 762 1133
82 103 975
975 82 103
103 82 975
308 409 714
714 308 409
409 308 714
843 663 1148
1148 663 843
663 843 1148
348 500 819
819 348 500
500 348 819
1162 889 1330
889 1162 1330
1330 889 1162
678 350 1067
350 678 1067
1067 350 678
1401 1143 1253
1253 1143 1401
1143 1253 1401
588 281 744
744 281 588
281 588 744
605 1099 1463
1099 605 1463
1463 605 1099
1228 1387 1440
1440 1228 1387
1387 1228 1440
1261 494 607
494 607 1261
607 494 1261
1256 199 1076
199 1076 1256
1076 199 1256
976 536 826
536 826 976
826 536 976
1072 618 1450
618 1072 1450
1450 618 1072
433 441 545
545 433 441
441 433 545
16 45 1250
1250 16 45
45 16 1250
1093 485 636
636 485 1093
485 636 1093
1403 139 220
139 220 1403
220 139 1403
1059 68 170
170 68 1059
68 170 1059
1248 437 802
437 802 1248
802 437 1248
89 74 109
109 74 89
74 89 109
856 234 930
930 234 856
234 856 930
569 37 1244
1244 37 569
37 569 1244
17 726 749
749 17 726
726 17 749
127 177 319
319 127 177
177 127 319
723 88 1125
1125 88 723
88 723 1125
645 354 906
354 645 906
906 354 645
1224 717 1049
717 1049 1224
1049 717 1224
891 488 1339
1339 488 891
488 891 1339
1206 783 1498
783 1206 1498
1498 783 1206
174 580 912
912 174 580
580 174 912
961 718 738
718 738 961
738 718 961
827 191 287
191 287 827
287 191 827
946 694 771
771 694 946
694 771 946
1436 542 598
598 542 1436
542 598 1436
538 144 632
632 144 538
144 538 632
874 660 959
959 660 874
660 874 959
1357 879 1130
879 1130 1357
1130 879 1357
864 914 1302
914 864 1302
1302 864 914
1038 511 1139
511 1038 1139
1139 511 1038
905 257 1259
257 905 1259
1259 257 905
135 1140 1453
1140 135 1453
1453 135 1140
570 964 1356
964 570 1356
1356 570 964
327 490 1289
490 327 1289
1289 327 490
328 995 1024
1024 328 995
995 328 1024
477 1062 1416
1062 477 1416
1416 477 1062
1432 34 1275
34 1275 1432
1275 34 1432
396 799 1323
799 396 1323
1323 396 799
887 1004 1112
1112 887 1004
1004 887 1112
1128 1213 1309
1309 1128 1213
1213 1128 1309
610 336 1417
1417 336 610
336 610 1417
661 1165 1422
1422 661 1165
1165 661 1422
460 97 1366
97 460 1366
1366 97 460
118 12 1410
1410 12 118
12 118 1410
1011 226 900
226 900 1011
900 226 1011
1449 253 525
253 525 1449
525 253 1449
967 657 761
761 657 967
657 761 967
1415 41 1313
41 1313 1415
1313 41 1415
683 121 417
417 121 683
121 417 683
1429 143 541
541 143 1429
143 541 1429
1107 138 966
138 966 1107
966 138 1107
627 289 1404
289 627 1404
1404 289 627
956 949 1421
949 956 1421
1421 949 956
1053 128 362
362 128 1053
128 362 1053
829 142 447
142 447 829
447 142 829
1209 278 1114
1114 278 1209
278 1114 1209
863 577 808
577 808 863
808 577 863
631 1016 1082
1016 631 1082
1082 631 1016
1084 323 728
323 728 1084
728 323 1084
282 233 1054
1054 233 282
233 282 1054
1142 430 788
430 788 1142
788 430 1142
1186 1286 1493
1493 1186 1286
1286 1186 1493
1258 539 1019
539 1019 1258
1019 539 1258
945 684 937
937 684 945
684 937 945
506 256 371
371 256 506
256 371 506
299 95 1154
95 299 1154
1154 95 299
187 575 1110
575 187 1110
1110 187 575
243 707 1135
707 243 1135
1135 243 707
1362 32 207
32 207 1362
207 32 1362
786 161 1281
1281 161 786
161 786 1281
451 1270 1414
1414 451 1270
1270 451 1414
1173 251 1210
1210 251 1173
251 1173 1210
230 523 943
523 230 943
943 230 523
1158 1063 1447
1063 1158 1447
1447 1063 1158
1491 401 1338
401 1338 1491
1338 401 1491
612 5 1098
1098 5 612
5 612 1098
349 334 384
334 349 384
384 334 349
1179 591 700
700 591 1179
591 700 1179
1108 781 1134
1134 781 1108
781 1108 1134
1419 35 498
498 35 1419
35 498 1419
1294 210 689
689 210 1294
210 689 1294
235 527 1316
527 235 1316
1316 235 527
637 705 1398
1398 637 705
705 637 1398
399 1020 1332
1020 399 1332
1332 399 1020
195 513 1043
513 195 1043
1043 195 513
948 987 1132
1132 948 987
987 948 1132
727 867 1367
867 727 1367
1367 727 867
1025 189 1315
1315 189 1025
189 1025 1315
502 807 1435
807 502 1435
1435 502 807
778 974 1468
1468 778 974
974 778 1468
938 40 1147
40 938 1147
1147 40 938
743 342 366
342 366 743
366 342 743
1117 428 1060
1060 428 1117
428 1060 1117
30 583 1091
1091 30 583
583 30 1091
1424 288 780
780 288 1424
288 780 1424
1411 151 1201
151 1201 1411
1201 151 1411
818 476 1442
1442 476 818
476 818 1442
360 263 332
263 332 360
332 263 360
487 346 997
346 487 997
997 346 487
702 519 1283
1283 519 702
519 702 1283
606 685 1055
1055 606 685
685 606 1055
159 572 1136
572 159 1136
1136 159 572
878 838 1185
838 878 1185
1185 838 878
1391 351 505
505 351 1391
351 505 1391
87 894 1119
1119 87 894
894 87 1119
264 533 1065
1065 264 533
533 264 1065
911 1077 1280
1077 911 1280
1280 911 1077
126 440 1350
440 126 1350
1350 126 440
933 172 798
798 172 933
172 798 933
76 897 1013
1013 76 897
897 76 1013
219 196 435
435 196 219
196 219 435
621 224 461
224 461 621
461 224 621
880 754 797
797 754 880
754 797 880
741 994 1328
994 741 1328
1328 741 994
149 90 768
768 90 149
90 149 768
1144 99 507
99 507 1144
507 99 1144
1496 423 1238
423 1238 1496
1238 423 1496
674 386 609
609 386 674
386 609 674
258 540 556
556 258 540
540 258 556
925 884 1279
884 925 1279
1279 884 925
681 295 459
459 295 681
295 459 681
152 252 883
252 152 883
883 152 252
77 648 1480
1480 77 648
648 77 1480
589 137 716
137 589 716
716 137 589
1161 347 463
347 463 1161
463 347 1161
1433 119 996
119 996 1433
996 119 1433
171 1212 1397
1397 171 1212
1212 171 1397
1451 380 529
380 529 1451
529 380 1451
271 950 1137
1137 271 950
950 271 1137
1085 200 687
200 687 1085
687 200 1085
402 512 1050
512 402 1050
1050 402 512
673 1009 1017
1017 673 1009
1009 673 1017
160 94 353
94 160 353
353 94 160
1177 543 1090
543 1090 1177
1090 543 1177
1267 497 988
497 988 1267
988 497 1267
969 285 991
285 969 991
991 285 969
909 955 1126
955 909 1126
1126 909 955
136 971 1318
971 136 1318
1318 136 971
61 108 324
108 61 324
324 61 108
534 458 1407
458 534 1407
1407 458 534
1007 13 730
13 730 1007
730 13 1007
110 585 803
803 110 585
585 110 803
1006 2 370
370 2 1006
2 370 1006
427 318 1390
318 427 1390
1390 318 427
297 1156 1370
1156 297 1370
1370 297 1156
784 650 890
650 784 890
890 650 784
1252 954 984
954 984 1252
984 954 1252
1123 410 546
410 546 1123
546 410 1123
792 155 828
828 155 792
155 792 828
376 640 672
672 376 640
640 376 672
456 480 710
710 456 480
480 456 710
1353 26 86
86 26 1353
26 86 1353
1008 397 1408
397 1008 1408
1408 397 1008
31 736 1247
1247 31 736
736 31 1247
510 23 957
957 23 510
23 510 957
682 544 832
544 682 832
832 544 682
85 25 1041
1041 25 85
25 85 1041
1381 393 968
393 968 1381
968 393 1381
801 671 1331
671 801 1331
1331 671 801
321 620 704
620 321 704
704 321 620
1035 356 834
356 834 1035
834 356 1035
244 868 980
980 244 868
868 244 980
1217 59 339
339 59 1217
59 339 1217
1348 24 1260
24 1260 1348
1260 24 1348
214 317 1306
1306 214 317
317 214 1306
812 820 1340
1340 812 820
820 812 1340
412 587 649
649 412 587
587 412 649
691 375 1471
1471 375 691
375 691 1471
65 626 1327
1327 65 626
626 65 1327
1406 63 1272
1272 63 1406
63 1272 1406
662 1293 1341
1341 662 1293
1293 662 1341
471 479 1021
479 471 1021
1021 471 479
273 369 597
369 273 597
597 273 369
1268 755 1163
755 1163 1268
1163 755 1268
181 246 1456
246 181 1456
1456 181 246
1295 44 1497
44 1295 1497
1497 44 1295
697 185 1383
1383 185 697
185 697 1383
1150 443 449
449 443 1150
443 449 1150
186 713 1191
713 186 1191
1191 186 713
1409 47 559
559 47 1409
47 559 1409
1219 48 775
48 775 1219
775 48 1219
789 561 1087
561 789 1087
1087 561 789
394 46 902
902 46 394
46 394 902
372 1171 1174
1171 372 1174
1174 372 1171
1101 555 1470
555 1101 1470
1470 555 1101
478 481 1116
481 478 1116
1116 478 481
850 1205 1484
1205 850 1484
1484 850 1205
383 983 1344
1344 383 983
983 383 1344
746 751 934
934 746 751
751 746 934
421 929 1155
929 421 1155
1155 421 929
331 1368 1434
1368 331 1434
1434 331 1368
737 194 1138
194 737 1138
1138 194 737
667 201 720
201 667 720
720 201 667
1402 865 1226
865 1226 1402
1226 865 1402
117 176 429
429 117 176
176 117 429
735 1193 1221
1221 735 1193
1193 735 1221
666 153 628
153 628 666
628 153 666
475 274 1157
1157 274 475
274 475 1157
1178 493 1500
1500 493 1178
493 1178 1500
992 604 985
604 985 992
985 604 992
733 790 1372
790 733 1372
1372 733 790
520 466 1345
1345 466 520
466 520 1345
926 515 521
521 515 926
515 521 926
1198 415 1375
415 1198 1375
1375 415 1198
223 1167 1363
1363 223 1167
1167 223 1363
753 125 1388
125 753 1388
1388 125 753
1032 972 1124
972 1032 1124
1124 972 1032
1066 439 629
439 629 1066
629 439 1066
472 795 1057
795 472 1057
1057 472 795
568 452 1394
452 568 1394
1394 452 568
15 377 1097
377 15 1097
1097 15 377
438 326 1288
326 438 1288
1288 326 438
1336 486 518
518 486 1336
486 518 1336
304 329 1420
1420 304 329
329 304 1420
963 759 1400
759 963 1400
1400 759 963
1152 531 1428
1428 531 1152
531 1152 1428
712 418 748
748 418 712
418 712 748
249 800 810
810 249 800
800 249 810
345 845 1079
1079 345 845
845 345 1079
217 450 668
668 217 450
450 217 668
1236 1380 1382
1382 1236 1380
1380 1236 1382
388 982 1269
982 388 1269
1269 388 982
1254 335 1030
1030 335 1254
335 1030 1254
665 83 1232
1232 83 665
83 665 1232
1190 965 1489
1489 965 1190
965 1190 1489
1459 638 871
638 871 1459
871 638 1459
367 679 1472
679 367 1472
1472 367 679
1467 165 262
262 165 1467
165 262 1467
36 62 791
791 36 62
62 36 791
341 590 1170
590 341 1170
1170 341 590
592 56 686
56 592 686
686 56 592
387 454 469
454 387 469
469 387 454
213 709 1287
1287 213 709
709 213 1287
517 846 960
846 517 960
960 517 846
774 851 1296
851 774 1296
1296 774 851
361 664 1040
664 361 1040
1040 361 664
1003 973 1299
1299 973 1003
973 1003 1299
419 368 870
870 368 419
368 419 870
1064 1103 1105
1103 1064 1105
1105 1064 1103
814 901 1460
901 814 1460
1460 814 901
1096 8 842
8 842 1096
842 8 1096
642 1034 1039
1034 642 1039
1039 642 1034
782 381 549
381 549 782
549 381 782
970 550 1180
1180 550 970
550 970 1180
1199 1074 1437
1074 1199 1437
1437 1074 1199
1241 434 1352
434 1241 1352
1352 434 1241
491 695 745
695 491 745
745 491 695
600 115 1160
115 600 1160
1160 115 600
106 123 873
873 106 123
123 106 873
1164 183 1184
183 1164 1184
1184 183 1164
573 858 1001
858 573 1001
1001 573 858
1469 566 862
862 566 1469
566 862 1469
1329 750 1145
750 1145 1329
1145 750 1329
1029 292 1389
292 1029 1389
1389 292 1029
724 147 221
147 221 724
221 147 724
259 1278 1427
1427 259 1278
1278 259 1427
1089 504 881
504 881 1089
881 504 1089
1196 465 1189
465 1189 1196
1189 465 1196
816 483 1462
483 816 1462
1462 483 816
310 715 1378
715 310 1378
1378 310 715
537 290 315
290 315 537
315 290 537
639 9 1384
9 639 1384
1384 9 639
935 740 852
740 852 935
852 740 935
653 611 1014
611 653 1014
1014 611 653
1349 239 1233
239 1233 1349
1233 239 1349
167 595 1230
595 167 1230
1230 167 595
1058 197 861
861 197 1058
197 861 1058
52 355 1095
355 52 1095
1095 52 355
940 240 989
989 240 940
240 940 989
3 764 1023
1023 3 764
764 3 1023
854 27 793
793 27 854
27 793 854
1111 823 1235
823 1111 1235
1235 823 1111
192 237 1243
237 192 1243
1243 192 237
248 571 698
571 248 698
698 248 571
703 279 1371
1371 279 703
279 703 1371
270 1070 1153
1153 270 1070
1070 270 1153
936 49 203
49 203 936
203 49 936
39 404 1265
1265 39 404
404 39 1265
432 122 261
122 261 432
261 122 432
267 64 898
898 64 267
64 267 898
1490 265 503
265 503 1490
503 265 1490
817 242 646
646 242 817
242 646 817
942 14 1182
14 942 1182
1182 14 942
33 564 1290
1290 33 564
564 33 1290
1262 675 1202
1202 675 1262
675 1202 1262
112 962 1303
962 112 1303
1303 112 962
141 343 547
547 141 343
343 141 547
514 688 904
688 514 904
904 514 688
578 175 1273
1273 175 578
175 578 1273
1441 509 1056
509 1056 1441
1056 509 1441
1120 1245 1308
1245 1120 1308
1308 1120 1245
952 405 1475
405 952 1475
1475 405 952
403 306 424
424 306 403
306 403 424
1324 198 986
986 198 1324
198 986 1324
644 169 272
169 272 644
272 169 644
1122 1106 1346
1106 1122 1346
1346 1106 1122
767 145 770
145 767 770
770 145 767
320 495 1376
1376 320 495
495 320 1376
247 1307 1499
1499 247 1307
1307 247 1499
448 822 1310
1310 448 822
822 448 1310
1358 436 886
886 436 1358
436 886 1358
330 860 1458
860 330 1458
1458 330 860
530 100 293
293 100 530
100 293 530
374 250 794
250 374 794
794 250 374
1312 944 1365
944 1312 1365
1365 944 1312
893 333 586
586 333 893
333 586 893
824 614 1237
1237 614 824
614 824 1237
1088 596 1220
1220 596 1088
596 1088 1220
21 574 1448
574 21 1448
1448 21 574
1395 1102 1413
1102 1395 1413
1413 1102 1395
379 209 524
524 209 379
209 379 524
445 116 841
841 116 445
116 445 841
20 72 296
296 20 72
72 20 296
1485 508 895
508 895 1485
895 508 1485
1227 422 859
859 422 1227
422 859 1227
1360 11 359
11 359 1360
359 11 1360
1214 84 624
84 624 1214
624 84 1214
416 18 1037
18 416 1037
1037 18 416
205 1246 1333
1333 205 1246
1246 205 1333
193 670 951
670 193 951
951 193 670
1474 111 1301
1301 111 1474
111 1301 1474
844 885 918
885 844 918
918 844 885
923 364 729
364 729 923
729 364 923
1385 482 1223
1223 482 1385
482 1223 1385
19 722 1036
722 19 1036
1036 19 722
532 623 1086
1086 532 623
623 532 1086
1113 4 464
464 4 1113
4 464 1113
677 581 1218
1218 581 677
581 677 1218
1369 1298 1431
1431 1298 1369
1298 1369 1431
1251 231 1188
231 1188 1251
1188 231 1251
772 1239 1430
1430 772 1239
1239 772 1430
576 395 866
395 576 866
866 395 576
1465 268 1263
268 1263 1465
1263 268 1465
633 811 1326
811 633 1326
1326 633 811
130 489 932
489 130 932
932 130 489
876 391 1325
1325 391 876
391 876 1325
516 1207 1361
1361 516 1207
1207 516 1361
1071 173 562
173 562 1071
562 173 1071
1466 113 1225
1225 113 1466
113 1225 1466
81 54 1277
1277 54 81
54 81 1277
1334 132 1487
1487 132 1334
132 1334 1487
431 373 1255
1255 373 431
373 431 1255
1438 411 446
411 446 1438
446 411 1438
245 98 1121
1121 98 245
98 245 1121
557 896 927
896 557 927
927 557 896
218 920 1393
1393 218 920
920 218 1393
837 6 721
721 6 837
6 721 837
1392 413 553
553 413 1392
413 553 1392
1405 757 857
857 757 1405
757 857 1405
179 58 414
58 179 414
414 58 179
55 1012 1028
1028 55 1012
1012 55 1028
1052 690 763
690 763 1052
763 690 1052
1488 38 300
38 300 1488
300 38 1488
291 656 1061
656 291 1061
1061 291 656
468 565 835
835 468 565
565 468 835
78 309 474
474 78 309
309 78 474
849 311 1320
311 849 1320
1320 311 849
501 93 1045
93 501 1045
1045 93 501
1068 80 286
80 286 1068
286 80 1068
398 875 913
875 398 913
913 398 875
903 57 407
407 57 903
57 407 903
470 806 1129
1129 470 806
806 470 1129
1002 51 847
51 847 1002
847 51 1002
756 701 1131
1131 701 756
701 756 1131
114 899 1229
899 114 1229
1229 114 899
232 442 1274
1274 232 442
442 232 1274
158 1234 1266
1234 158 1266
1266 158 1234
613 43 796
796 43 613
43 613 796
303 180 787
787 180 303
180 303 787
1172 608 882
882 608 1172
608 882 1172
1314 625 643
643 625 1314
625 643 1314
758 156 821
821 156 758
156 758 821
699 804 1240
1240 699 804
804 699 1240
941 260 1149
260 941 1149
1149 260 941
1311 739 1151
1151 739 1311
739 1151 1311
593 400 1276
1276 400 593
400 593 1276
872 276 1379
1379 276 872
276 872 1379
92 467 1194
1194 92 467
467 92 1194
236 294 1166
294 236 1166
1166 236 294
1010 1018 1044
1044 1010 1018
1018 1010 1044
1195 1418 1464
1464 1195 1418
1418 1195 1464
836 1319 1483
1319 836 1483
1483 836 1319
777 1304 1317
1317 777 1304
1304 777 1317
1439 599 1476
599 1439 1476
1476 599 1439
552 134 154
134 154 552
154 134 552
277 284 1452
284 277 1452
1452 277 284
352 1257 1443
1257 352 1443
1443 352 1257
1473 102 855
102 855 1473
855 102 1473
1083 1005 1454
1454 1005 1083
1005 1083 1454
584 499 915
499 584 915
915 499 584
630 140 426
140 426 630
426 140 630
215 148 1208
148 215 1208
1208 148 215
1075 7 255
7 255 1075
255 7 1075
202 325 1482
1482 202 325
325 202 1482
1249 462 554
462 554 1249
554 462 1249
208 190 1264
190 208 1264
1264 190 208
455 283 773
283 455 773
773 283 455
655 228 947
228 655 947
947 228 655
1216 69 958
69 958 1216
958 69 1216
1027 1159 1169
1169 1027 1159
1159 1027 1169
1377 425 1104
425 1104 1377
1104 425 1377
617 124 1461
124 617 1461
1461 124 617
1215 651 815
651 815 1215
815 651 1215
382 1176 1322
1322 382 1176
1176 382 1322
769 238 634
634 238 769
238 634 769
70 696 1300
696 70 1300
1300 70 696
978 204 1477
1477 204 978
204 978 1477
1342 484 1292
484 1292 1342
1292 484 1342
647 1094 1115
1094 647 1115
1115 647 1094
357 269 1242
1242 269 357
269 357 1242
275 229 840
840 229 275
229 275 840
378 164 473
473 164 378
164 378 473
1351 178 594
594 178 1351
178 594 1351
457 924 1337
1337 457 924
924 457 1337
298 526 601
601 298 526
526 298 601
1399 120 1426
120 1399 1426
1426 120 1399
1204 752 1347
752 1204 1347
1347 752 1204
408 10 853
10 408 853
853 10 408
931 916 1486
1486 916 931
916 931 1486
492 567 731
567 492 731
731 492 567
227 105 888
888 105 227
105 227 888
1412 322 1026
1026 322 1412
322 1026 1412
28 560 779
779 28 560
560 28 779
53 385 1285
1285 53 385
385 53 1285
1425 1141 1455
1141 1425 1455
1455 1141 1425
222 71 363
71 222 363
363 71 222
392 1051 1197
1051 392 1197
1197 392 1051
908 406 910
406 908 910
910 406 908
805 1187 1231
1187 805 1231
1231 805 1187
1146 365 747
365 747 1146
747 365 1146
60 522 825
825 60 522
522 60 825
1046 91 892
892 91 1046
91 892 1046
831 313 1192
313 831 1192
1192 313 831
669 977 1127
1127 669 977
977 669 1127
