11999 119679 137503
137503 11999 119679
119679 11999 137503
148233 26702 137321
26702 137321 148233
137321 26702 148233
131258 87151 132779
132779 87151 131258
87151 131258 132779
40316 54463 141547
54463 40316 141547
141547 40316 54463
128576 5726 43848
43848 5726 128576
5726 43848 128576
110849 115883 140571
115883 110849 140571
140571 110849 115883
14674 23317 92694
92694 14674 23317
23317 14674 92694
23904 28048 42932
28048 23904 42932
42932 23904 28048
66894 14253 49241
14253 49241 66894
49241 14253 66894
129580 41608 79139
79139 41608 129580
41608 79139 129580
86002 37728 111269
37728 86002 111269
111269 37728 86002
117785 40461 62460
62460 40461 117785
40461 62460 117785
50753 47138 51861
51861 47138 50753
47138 50753 51861
60010 85719 119665
119665 60010 85719
85719 60010 119665
30088 50249 109529
109529 30088 50249
50249 30088 109529
100086 35809 67804
35809 67804 100086
67804 35809 100086
48537 10130 142497
10130 48537 142497
142497 10130 48537
3592 73414 135600
135600 3592 73414
73414 3592 135600
99107 1450 133295
1450 99107 133295
133295 1450 99107
109627 15914 74788
15914 74788 109627
74788 15914 109627
19425 6850 116113
116113 6850 19425
6850 19425 116113
149354 22620 137974
22620 137974 149354
137974 22620 149354
37305 38572 142962
142962 37305 38572
38572 37305 142962
114266 13502 148700
148700 13502 114266
13502 114266 148700
101741 78316 106783
78316 101741 106783
106783 78316 101741
109191 123269 144641
144641 109191 123269
123269 109191 144641
50065 21816 57242
57242 21816 50065
21816 50065 57242
143855 24176 52583
24176 52583 143855
52583 24176 143855
39703 99719 149746
149746 39703 99719
99719 39703 149746
108634 44933 146635
44933 108634 146635
146635 44933 108634
77104 103136 115825
103136 77104 115825
115825 77104 103136
71919 40593 41661
40593 41661 71919
41661 40593 71919
39575 29797 137480
29797 39575 137480
137480 29797 39575
7977 18259 73699
73699 7977 18259
18259 7977 73699
54531 13381 116395
116395 13381 54531
13381 54531 116395
23300 78909 126341
126341 23300 78909
78909 23300 126341
96333 35943 145930
35943 96333 145930
145930 35943 96333
81079 79185 110294
79185 81079 110294
110294 79185 81079
88014 90523 131587
131587 88014 90523
90523 88014 131587
25695 57717 101324
101324 25695 57717
57717 25695 101324
65359 23174 131800
131800 23174 65359
23174 65359 131800
46951 37202 47272
47272 37202 46951
37202 46951 47272
86209 10780 94022
94022 10780 86209
10780 86209 94022
39560 23418 128354
23418 39560 128354
128354 23418 39560
136358 27306 140063
140063 27306 136358
27306 136358 140063
19772 43881 52661
52661 19772 43881
43881 19772 52661
17444 121380 145271
121380 17444 145271
145271 17444 121380
30825 8732 114550
114550 8732 30825
8732 30825 114550
75092 16778 113487
16778 75092 113487
113487 16778 75092
84021 55815 128856
55815 84021 128856
128856 55815 84021
50099 103357 115732
115732 50099 103357
103357 50099 115732
84062 26336 101449
26336 84062 101449
101449 26336 84062
106948 99226 111645
99226 106948 111645
111645 99226 106948
133334 26910 59137
26910 59137 133334
59137 26910 133334
12090 58096 73180
73180 12090 58096
58096 12090 73180
65685 52877 56147
56147 52877 65685
52877 56147 65685
36868 35647 67340
67340 35647 36868
35647 36868 67340
14493 119227 122757
119227 14493 122757
122757 14493 119227
28587 67891 134679
67891 28587 134679
134679 28587 67891
58139 25726 125996
125996 25726 58139
25726 58139 125996
50901 13792 149484
13792 50901 149484
149484 13792 50901
40606 61875 116074
61875 40606 116074
116074 40606 61875
149447 50269 53908
50269 53908 149447
53908 50269 149447
4314 21352 101961
21352 4314 101961
101961 4314 21352
111782 41677 121090
41677 111782 121090
121090 41677 111782
125942 14765 85967
85967 14765 125942
14765 85967 125942
137102 21353 96102
96102 21353 137102
21353 96102 137102
98187 51261 98695
98695 51261 98187
51261 98187 98695
136190 103878 143815
143815 103878 136190
103878 136190 143815
100073 43804 45049
43804 45049 100073
45049 43804 100073
52733 3963 10537
3963 10537 52733
10537 3963 52733
60180 19976 52812
52812 19976 60180
19976 52812 60180
76578 7375 65511
7375 65511 76578
65511 7375 76578
132923 11691 81907
11691 81907 132923
81907 11691 132923
61962 15512 109970
15512 61962 109970
109970 15512 61962
96252 101496 111650
111650 96252 101496
101496 96252 111650
79424 22461 47586
22461 47586 79424
47586 22461 79424
47824 89647 105862
105862 47824 89647
89647 47824 105862
59785 17677 108012
17677 59785 108012
108012 17677 59785
3333 5143 113504
113504 3333 5143
5143 3333 113504
95139 108969 119831
108969 95139 119831
119831 95139 108969
134429 55061 79691
55061 79691 134429
79691 55061 134429
145000 4507 19050
4507 19050 145000
19050 4507 145000
100848 65647 101631
101631 65647 100848
65647 100848 101631
74164 140715 147456
147456 74164 140715
140715 74164 147456
123041 16989 39452
39452 16989 123041
16989 39452 123041
146345 43734 139790
43734 139790 146345
139790 43734 146345
96841 21754 131796
131796 21754 96841
21754 96841 131796
79025 60626 108306
108306 60626 79025
60626 79025 108306
61778 29253 137699
137699 29253 61778
29253 61778 137699
120162 31830 52586
52586 31830 120162
31830 52586 120162
60281 117870 118013
118013 60281 117870
117870 60281 118013
486 6206 129546
6206 486 129546
129546 486 6206
40707 26558 69678
69678 26558 40707
26558 40707 69678
61587 81450 145853
81450 61587 145853
145853 61587 81450
29997 63504 113465
63504 29997 113465
113465 29997 63504
142871 30425 78367
78367 30425 142871
30425 78367 142871
105103 39337 111087
111087 39337 105103
39337 105103 111087
83380 20901 82588
82588 20901 83380
20901 82588 83380
59564 97526 149688
149688 59564 97526
97526 59564 149688
117459 22401 64400
64400 22401 117459
22401 64400 117459
35360 43450 74259
43450 35360 74259
74259 35360 43450
120792 39546 149923
39546 120792 149923
149923 39546 120792
89621 21675 43110
43110 21675 89621
21675 43110 89621
111418 86154 115638
115638 86154 111418
86154 111418 115638
128280 42072 82938
42072 82938 128280
82938 42072 128280
40605 67967 83214
83214 40605 67967
67967 40605 83214
88696 61546 106202
61546 88696 106202
106202 61546 88696
92182 22275 110677
110677 22275 92182
22275 92182 110677
70559 99020 122194
122194 70559 99020
99020 70559 122194
141663 27582 111851
27582 111851 141663
111851 27582 141663
97255 8032 66698
66698 8032 97255
8032 66698 97255
90176 40945 76517
40945 76517 90176
76517 40945 90176
78999 95821 120477
120477 78999 95821
95821 78999 120477
118215 45424 100870
100870 45424 118215
45424 100870 118215
93202 34916 72073
72073 34916 93202
34916 72073 93202
53727 28025 76491
28025 53727 76491
76491 28025 53727
134355 107465 118269
118269 107465 134355
107465 118269 134355
118355 87408 93614
87408 93614 118355
93614 87408 118355
109332 48919 72267
48919 72267 109332
72267 48919 109332
33514 91360 127279
127279 33514 91360
91360 33514 127279
92596 11846 38286
11846 38286 92596
38286 11846 92596
75805 51828 82448
82448 51828 75805
51828 75805 82448
118868 134070 145317
134070 118868 145317
145317 118868 134070
13124 40678 41645
41645 13124 40678
40678 13124 41645
33418 6193 55083
55083 6193 33418
6193 33418 55083
94817 50734 107826
50734 94817 107826
107826 50734 94817
98847 73102 131597
73102 98847 131597
131597 73102 98847
35951 21175 131657
131657 21175 35951
21175 35951 131657
102922 10276 149313
10276 102922 149313
149313 10276 102922
21849 110179 144116
144116 21849 110179
110179 21849 144116
112093 125593 138574
138574 112093 125593
125593 112093 138574
118511 61600 132403
61600 118511 132403
132403 61600 118511
13080 8065 82304
8065 13080 82304
82304 8065 13080
43232 17278 35331
17278 35331 43232
35331 17278 43232
34662 50620 140890
140890 34662 50620
50620 34662 140890
131713 67797 147340
147340 67797 131713
67797 131713 147340
37400 33980 89656
33980 37400 89656
89656 33980 37400
22347 27686 55922
55922 22347 27686
27686 22347 55922
60886 102 123506
102 60886 123506
123506 102 60886
122026 42912 121606
42912 121606 122026
121606 42912 122026
22095 53111 102988
102988 22095 53111
53111 22095 102988
97483 87566 114685
114685 87566 97483
87566 97483 114685
136879 19609 142827
142827 19609 136879
19609 136879 142827
81819 120237 122305
120237 81819 122305
122305 81819 120237
14964 35328 74947
74947 14964 35328
35328 14964 74947
57523 125663 148967
148967 57523 125663
125663 57523 148967
58647 40978 47005
47005 40978 58647
40978 47005 58647
115242 46576 135586
46576 115242 135586
135586 46576 115242
104798 36652 147635
36652 104798 147635
147635 36652 104798
85863 55945 101097
55945 85863 101097
101097 55945 85863
32762 103964 113577
103964 32762 113577
113577 32762 103964
94311 57273 85211
85211 57273 94311
57273 85211 94311
124864 89146 143462
89146 124864 143462
143462 89146 124864
24695 109894 135032
109894 24695 135032
135032 24695 109894
130038 33085 53885
53885 33085 130038
33085 53885 130038
65825 16963 138621
16963 65825 138621
138621 16963 65825
7248 25780 53708
25780 7248 53708
53708 7248 25780
130743 77428 128921
128921 77428 130743
77428 128921 130743
142928 119398 140044
140044 119398 142928
119398 140044 142928
134191 105587 138164
105587 134191 138164
138164 105587 134191
144048 35178 85395
35178 85395 144048
85395 35178 144048
68463 32372 65713
65713 32372 68463
32372 65713 68463
12453 106175 131412
131412 12453 106175
106175 12453 131412
28154 89757 124908
124908 28154 89757
89757 28154 124908
20007 72445 105518
72445 20007 105518
105518 20007 72445
109832 108024 114783
108024 109832 114783
114783 108024 109832
75993 2550 33260
33260 2550 75993
2550 33260 75993
78197 105308 126423
105308 78197 126423
126423 78197 105308
3232 121500 140423
140423 3232 121500
121500 3232 140423
116517 28982 51889
51889 28982 116517
28982 51889 116517
31558 16034 65573
16034 31558 65573
65573 16034 31558
105029 60756 78387
78387 60756 105029
60756 78387 105029
132704 144130 148509
144130 132704 148509
148509 132704 144130
26005 84413 106627
106627 26005 84413
84413 26005 106627
117388 6200 114775
114775 6200 117388
6200 114775 117388
121190 18568 134305
18568 121190 134305
134305 18568 121190
49621 22646 46151
22646 46151 49621
46151 22646 49621
88255 22922 78162
22922 78162 88255
78162 22922 88255
18632 21834 77670
77670 18632 21834
21834 18632 77670
134392 38649 111115
111115 38649 134392
38649 111115 134392
102868 36325 52399
36325 52399 102868
52399 36325 102868
44303 40741 137770
40741 44303 137770
137770 40741 44303
1859 35424 133757
133757 1859 35424
35424 1859 133757
57035 64450 105044
105044 57035 64450
64450 57035 105044
12010 31098 63665
31098 12010 63665
63665 12010 31098
104138 43815 46386
46386 43815 104138
43815 46386 104138
125724 34950 54923
54923 34950 125724
34950 54923 125724
103323 113120 140335
140335 103323 113120
113120 103323 140335
119596 29247 49540
29247 49540 119596
49540 29247 119596
12783 7360 106838
7360 12783 106838
106838 7360 12783
19762 25134 63414
63414 19762 25134
25134 19762 63414
35002 10521 113869
10521 35002 113869
113869 10521 35002
91338 117778 144563
144563 91338 117778
117778 91338 144563
80245 10105 100665
10105 80245 100665
100665 10105 80245
45689 33504 119344
33504 45689 119344
119344 33504 45689
68031 31035 149603
149603 31035 68031
31035 68031 149603
106822 31742 34492
34492 31742 106822
31742 34492 106822
78822 45878 59899
45878 59899 78822
59899 45878 78822
24492 26046 149685
26046 24492 149685
149685 24492 26046
21499 29732 75210
29732 21499 75210
75210 21499 29732
149519 68033 76939
68033 76939 149519
76939 68033 149519
26880 70902 127275
127275 26880 70902
70902 26880 127275
56480 1510 140966
140966 1510 56480
1510 56480 140966
50617 99895 120722
120722 50617 99895
99895 50617 120722
51085 52766 116324
52766 51085 116324
116324 51085 52766
69168 50763 148776
50763 69168 148776
148776 50763 69168
20798 2466 108055
108055 2466 20798
2466 20798 108055
100501 32709 43385
43385 32709 100501
32709 43385 100501
71971 109958 147626
109958 71971 147626
147626 71971 109958
36037 99658 108068
108068 36037 99658
99658 36037 108068
25820 2012 65224
65224 2012 25820
2012 25820 65224
57990 59014 104234
104234 57990 59014
59014 57990 104234
135118 26056 141116
141116 26056 135118
26056 135118 141116
124192 10247 14616
10247 14616 124192
14616 10247 124192
58839 79732 98771
98771 58839 79732
79732 58839 98771
57407 14350 48381
48381 14350 57407
14350 48381 57407
10981 28214 119385
28214 10981 119385
119385 10981 28214
3180 7306 42414
7306 3180 42414
42414 3180 7306
27711 2623 61365
61365 2623 27711
2623 27711 61365
79393 13285 148061
148061 13285 79393
13285 79393 148061
106806 126971 141683
141683 106806 126971
126971 106806 141683
4664 99557 127876
127876 4664 99557
99557 4664 127876
87358 17960 64287
17960 64287 87358
64287 17960 87358
136313 50768 137993
137993 50768 136313
50768 136313 137993
41118 525 144254
525 41118 144254
144254 525 41118
49920 65101 144510
65101 49920 144510
144510 49920 65101
86558 20109 132806
132806 20109 86558
20109 86558 132806
55478 61299 143255
143255 55478 61299
61299 55478 143255
67368 7052 45783
7052 45783 67368
45783 7052 67368
63633 108176 147777
108176 63633 147777
147777 63633 108176
4079 29404 146449
29404 4079 146449
146449 4079 29404
52003 720 39344
39344 720 52003
720 39344 52003
106346 1180 12103
1180 12103 106346
12103 1180 106346
66923 27653 89339
27653 66923 89339
89339 27653 66923
105453 29953 94240
94240 29953 105453
29953 94240 105453
129236 137232 141644
141644 129236 137232
137232 129236 141644
2367 76375 98875
76375 2367 98875
98875 2367 76375
145535 64358 113745
113745 64358 145535
64358 113745 145535
91559 2697 43494
43494 2697 91559
2697 43494 91559
71584 60352 85403
85403 60352 71584
60352 71584 85403
137583 83223 134750
83223 134750 137583
134750 83223 137583
33583 29172 121725
29172 33583 121725
121725 29172 33583
67478 16069 131471
16069 67478 131471
131471 16069 67478
25226 47187 110913
47187 25226 110913
110913 25226 47187
26274 6562 36323
36323 6562 26274
6562 26274 36323
104091 165 34149
34149 165 104091
165 34149 104091
25248 80936 113348
80936 25248 113348
113348 25248 80936
88880 30482 35384
30482 35384 88880
35384 30482 88880
27668 50816 76992
50816 27668 76992
76992 27668 50816
32466 135083 136105
135083 32466 136105
136105 32466 135083
114355 90056 142183
90056 114355 142183
142183 90056 114355
89832 52771 85986
52771 85986 89832
85986 52771 89832
83774 2314 58038
58038 2314 83774
2314 58038 83774
21817 66484 104037
66484 21817 104037
104037 21817 66484
7032 135543 146497
146497 7032 135543
135543 7032 146497
60212 29813 32312
32312 29813 60212
29813 32312 60212
65428 55769 107660
55769 65428 107660
107660 55769 65428
106561 18454 83906
18454 83906 106561
83906 18454 106561
18619 21181 148862
21181 18619 148862
148862 18619 21181
82908 96289 116581
96289 82908 116581
116581 82908 96289
71521 7642 31794
31794 7642 71521
7642 31794 71521
28044 93828 127701
127701 28044 93828
93828 28044 127701
26917 23311 34224
34224 23311 26917
23311 26917 34224
75150 85032 133820
133820 75150 85032
85032 75150 133820
39708 35686 121889
35686 39708 121889
121889 35686 39708
46311 56559 103328
103328 46311 56559
56559 46311 103328
25269 22262 27886
22262 25269 27886
27886 22262 25269
122984 104355 122997
104355 122984 122997
122997 104355 122984
31463 23273 143766
143766 23273 31463
23273 31463 143766
97597 37867 57409
37867 57409 97597
57409 37867 97597
59165 13259 51994
13259 51994 59165
51994 13259 59165
8121 82780 135230
135230 8121 82780
82780 8121 135230
16140 49057 100458
100458 16140 49057
49057 16140 100458
66117 88706 132326
132326 66117 88706
88706 66117 132326
99748 21407 54395
21407 54395 99748
54395 21407 99748
260 101376 137051
101376 260 137051
137051 260 101376
75348 92577 134126
134126 75348 92577
92577 75348 134126
127210 7335 116897
7335 116897 127210
116897 7335 127210
118068 74271 120041
74271 118068 120041
120041 74271 118068
130550 2579 13053
13053 2579 130550
2579 13053 130550
2077 3397 43980
43980 2077 3397
3397 2077 43980
127112 103032 139632
103032 127112 139632
139632 103032 127112
102675 118844 137325
118844 102675 137325
137325 102675 118844
109104 95787 120347
120347 95787 109104
95787 109104 120347
6127 79416 81177
81177 6127 79416
79416 6127 81177
32180 92888 108498
108498 32180 92888
92888 32180 108498
26716 35443 60388
35443 26716 60388
60388 26716 35443
95651 134147 142901
142901 95651 134147
134147 95651 142901
2725 14512 51362
51362 2725 14512
14512 2725 51362
112476 51672 112842
112842 51672 112476
51672 112476 112842
8344 50100 146060
50100 8344 146060
146060 8344 50100
7992 63438 109014
63438 7992 109014
109014 7992 63438
19890 86598 127411
86598 19890 127411
127411 19890 86598
113836 117218 135403
135403 113836 117218
117218 113836 135403
100924 30895 52784
52784 30895 100924
30895 52784 100924
82721 97221 111203
111203 82721 97221
97221 82721 111203
26667 9744 147536
147536 9744 26667
9744 26667 147536
121745 20123 80912
20123 80912 121745
80912 20123 121745
123618 25443 135720
135720 25443 123618
25443 123618 135720
59793 38013 109121
109121 38013 59793
38013 59793 109121
15395 7829 27433
7829 15395 27433
27433 7829 15395
37170 39103 140991
140991 37170 39103
39103 37170 140991
116475 4 112273
4 112273 116475
112273 4 116475
71499 55384 120445
120445 55384 71499
55384 71499 120445
99237 16127 123505
123505 16127 99237
16127 99237 123505
26948 24382 53754
24382 26948 53754
53754 24382 26948
99666 88343 124461
124461 88343 99666
88343 99666 124461
59374 95633 128723
128723 59374 95633
95633 59374 128723
123932 21904 49997
49997 21904 123932
21904 49997 123932
84649 13587 93206
93206 13587 84649
13587 84649 93206
107269 13244 45626
13244 45626 107269
45626 13244 107269
115559 26310 125801
26310 115559 125801
125801 26310 115559
117818 5353 71396
71396 5353 117818
5353 71396 117818
94254 18468 144537
144537 18468 94254
18468 94254 144537
99506 48669 116127
116127 48669 99506
48669 99506 116127
53414 61714 92002
92002 53414 61714
61714 53414 92002
142851 72535 123776
123776 72535 142851
72535 123776 142851
96011 85027 129383
85027 96011 129383
129383 85027 96011
825 65734 139161
65734 825 139161
139161 825 65734
42 15428 77496
77496 42 15428
15428 42 77496
74283 87909 142114
87909 74283 142114
142114 74283 87909
193 107493 127208
127208 193 107493
107493 193 127208
125361 52112 125199
52112 125199 125361
125199 52112 125361
26396 85945 96459
96459 26396 85945
85945 26396 96459
122705 11411 14789
14789 11411 122705
11411 14789 122705
4004 15881 112972
112972 4004 15881
15881 4004 112972
51313 23038 86956
86956 23038 51313
23038 51313 86956
48932 112655 116122
112655 48932 116122
116122 48932 112655
119119 124938 149038
124938 119119 149038
149038 119119 124938
49964 131014 146636
146636 49964 131014
131014 49964 146636
142276 42934 111526
111526 42934 142276
42934 111526 142276
147101 15947 131280
131280 15947 147101
15947 131280 147101
136339 116940 149207
116940 136339 149207
149207 116940 136339
57773 33437 52136
52136 33437 57773
33437 52136 57773
75358 100728 121212
100728 75358 121212
121212 75358 100728
102767 13582 32869
13582 32869 102767
32869 13582 102767
116852 57032 83528
83528 57032 116852
57032 83528 116852
26854 4457 124011
124011 4457 26854
4457 26854 124011
78177 7684 148811
148811 7684 78177
7684 78177 148811
107722 49308 100242
100242 49308 107722
49308 100242 107722
50774 37503 84361
84361 37503 50774
37503 50774 84361
20769 73867 94986
94986 20769 73867
73867 20769 94986
4271 55648 64961
55648 4271 64961
64961 4271 55648
122897 107450 129685
129685 107450 122897
107450 122897 129685
57950 44402 119288
119288 44402 57950
44402 57950 119288
87611 12886 132335
132335 12886 87611
12886 87611 132335
42299 695 52666
695 42299 52666
52666 695 42299
13493 121353 143810
143810 13493 121353
121353 13493 143810
95271 80252 91721
80252 91721 95271
91721 80252 95271
89018 69425 124707
124707 69425 89018
69425 89018 124707
139264 4097 69928
4097 69928 139264
69928 4097 139264
118699 32901 98878
98878 32901 118699
32901 98878 118699
29725 87946 120074
120074 29725 87946
87946 29725 120074
104627 18872 85368
18872 85368 104627
85368 18872 104627
8259 10974 147394
10974 8259 147394
147394 8259 10974
59453 52388 117038
117038 52388 59453
52388 59453 117038
83278 44803 56804
56804 44803 83278
44803 56804 83278
114153 89651 127068
89651 114153 127068
127068 89651 114153
145691 8100 143898
143898 8100 145691
8100 143898 145691
108653 19177 74857
19177 74857 108653
74857 19177 108653
62234 8933 24223
8933 24223 62234
24223 8933 62234
139209 136232 145801
145801 136232 139209
136232 139209 145801
91187 86507 100452
86507 91187 100452
100452 86507 91187
66559 58679 74060
58679 66559 74060
74060 58679 66559
131262 67690 76373
67690 76373 131262
76373 67690 131262
140211 46381 117881
117881 46381 140211
46381 117881 140211
10528 92007 117946
92007 10528 117946
117946 10528 92007
78721 11471 74597
74597 11471 78721
11471 74597 78721
15255 70623 72099
72099 15255 70623
70623 15255 72099
149223 16593 41592
41592 16593 149223
16593 41592 149223
42819 33512 34789
34789 33512 42819
33512 34789 42819
74452 18484 132536
132536 18484 74452
18484 74452 132536
33598 69964 128499
69964 33598 128499
128499 33598 69964
66967 58966 71357
71357 58966 66967
58966 66967 71357
56422 17231 135620
17231 56422 135620
135620 17231 56422
70455 59461 102369
102369 59461 70455
59461 70455 102369
84762 54428 58093
58093 54428 84762
54428 58093 84762
100012 12567 115948
115948 12567 100012
12567 100012 115948
59271 74451 85436
85436 59271 74451
74451 59271 85436
23709 18052 53901
53901 18052 23709
18052 23709 53901
54046 74960 140294
74960 54046 140294
140294 54046 74960
117954 35278 82489
82489 35278 117954
35278 82489 117954
35789 54149 93310
54149 35789 93310
93310 35789 54149
116742 91529 149172
149172 91529 116742
91529 116742 149172
3659 47785 106059
47785 3659 106059
106059 3659 47785
11350 1637 115148
115148 1637 11350
1637 11350 115148
4183 25005 95939
95939 4183 25005
25005 4183 95939
68949 4149 33790
33790 4149 68949
4149 33790 68949
59812 92279 97645
92279 59812 97645
97645 59812 92279
132210 370 11061
370 11061 132210
11061 370 132210
129278 25075 94459
94459 25075 129278
25075 94459 129278
53172 39689 143078
39689 53172 143078
143078 39689 53172
23237 20258 48422
20258 23237 48422
48422 20258 23237
120071 115822 132331
132331 115822 120071
115822 120071 132331
72964 9531 40268
40268 9531 72964
9531 40268 72964
6120 14455 30733
14455 6120 30733
30733 6120 14455
12366 46046 128040
128040 12366 46046
46046 12366 128040
53324 9435 46075
46075 9435 53324
9435 46075 53324
67092 94180 133369
133369 67092 94180
94180 67092 133369
146376 13903 131773
13903 131773 146376
131773 13903 146376
120797 27685 122226
122226 27685 120797
27685 120797 122226
59194 11633 141163
11633 59194 141163
141163 11633 59194
146660 5414 141017
141017 5414 146660
5414 141017 146660
64309 35004 130576
35004 64309 130576
130576 35004 64309
112220 19710 129950
19710 112220 129950
129950 19710 112220
138326 7128 135422
135422 7128 138326
7128 135422 138326
70964 15801 147088
15801 70964 147088
147088 15801 70964
104067 111112 125938
111112 104067 125938
125938 104067 111112
136821 47409 112302
112302 47409 136821
47409 112302 136821
3466 2329 8851
8851 2329 3466
2329 3466 8851
6414 37377 50788
37377 6414 50788
50788 6414 37377
33017 63193 103040
103040 33017 63193
63193 33017 103040
19453 1228 14191
14191 1228 19453
1228 14191 19453
83290 91006 142127
91006 83290 142127
142127 83290 91006
68544 22653 131668
22653 68544 131668
131668 22653 68544
51815 32621 53473
32621 51815 53473
53473 32621 51815
137092 24299 133493
133493 24299 137092
24299 133493 137092
118255 51404 66722
51404 66722 118255
66722 51404 118255
48170 6068 43539
6068 43539 48170
43539 6068 48170
42380 73621 122427
122427 42380 73621
73621 42380 122427
19763 79642 112123
112123 19763 79642
79642 19763 112123
91498 36053 103386
103386 36053 91498
36053 91498 103386
145994 8804 15517
8804 15517 145994
15517 8804 145994
109082 86073 98237
98237 86073 109082
86073 98237 109082
100013 49129 68675
49129 68675 100013
68675 49129 100013
21054 3027 130853
3027 21054 130853
130853 3027 21054
130546 109431 129567
109431 129567 130546
129567 109431 130546
36825 60479 94640
60479 36825 94640
94640 36825 60479
77186 87171 129756
129756 77186 87171
87171 77186 129756
109389 20494 128741
128741 20494 109389
20494 109389 128741
16154 133545 137016
137016 16154 133545
133545 16154 137016
116832 62806 133056
62806 116832 133056
133056 62806 116832
70582 5028 10341
5028 10341 70582
10341 5028 70582
36420 38453 114186
114186 36420 38453
38453 36420 114186
72254 83377 144803
144803 72254 83377
83377 72254 144803
118953 12098 62252
62252 12098 118953
12098 62252 118953
5752 1846 98756
98756 1846 5752
1846 5752 98756
31873 38715 52864
52864 31873 38715
38715 31873 52864
38985 4554 18682
18682 4554 38985
4554 18682 38985
53015 59730 97926
59730 53015 97926
97926 53015 59730
125697 29386 54392
54392 29386 125697
29386 54392 125697
107162 89370 134533
134533 89370 107162
89370 107162 134533
72470 360 86553
86553 360 72470
360 72470 86553
60555 44244 114864
114864 44244 60555
44244 60555 114864
102374 47465 146417
146417 47465 102374
47465 102374 146417
137370 6455 26715
6455 26715 137370
26715 6455 137370
58978 18899 48982
18899 48982 58978
48982 18899 58978
32632 10968 109401
109401 10968 32632
10968 32632 109401
53753 40332 131386
40332 53753 131386
131386 40332 53753
102392 85809 141189
85809 102392 141189
141189 85809 102392
48393 57909 97321
57909 48393 97321
97321 48393 57909
72839 45864 83736
45864 72839 83736
83736 45864 72839
45179 9121 38974
9121 38974 45179
38974 9121 45179
96413 62459 149551
149551 62459 96413
62459 96413 149551
125197 2583 47929
2583 47929 125197
47929 2583 125197
14038 135968 148770
148770 14038 135968
135968 14038 148770
24360 20839 40079
20839 24360 40079
40079 20839 24360
68137 95982 123061
123061 68137 95982
95982 68137 123061
145650 90225 137054
137054 90225 145650
90225 137054 145650
38676 123625 146972
123625 38676 146972
146972 38676 123625
59969 16257 84815
16257 59969 84815
84815 16257 59969
74320 50025 74105
74105 50025 74320
50025 74105 74320
61352 1242 90736
1242 61352 90736
90736 1242 61352
102155 39677 69148
69148 39677 102155
39677 69148 102155
29705 46409 125606
46409 29705 125606
125606 29705 46409
96786 63080 138898
63080 96786 138898
138898 63080 96786
41130 64498 86481
64498 41130 86481
86481 41130 64498
19204 58721 83694
83694 19204 58721
58721 19204 83694
75477 19687 43342
43342 19687 75477
19687 43342 75477
54330 39312 124064
124064 39312 54330
39312 54330 124064
54093 47042 84022
47042 54093 84022
84022 47042 54093
142671 69851 94234
69851 94234 142671
94234 69851 142671
19194 48473 118554
118554 19194 48473
48473 19194 118554
36690 102678 124939
102678 36690 124939
124939 36690 102678
27730 51665 143874
51665 27730 143874
143874 27730 51665
52469 49289 104214
104214 49289 52469
49289 52469 104214
43822 4125 44599
44599 4125 43822
4125 43822 44599
65461 6754 13901
13901 6754 65461
6754 13901 65461
56886 22364 113039
22364 56886 113039
113039 22364 56886
120827 66942 99012
99012 66942 120827
66942 99012 120827
38905 97662 123524
123524 38905 97662
97662 38905 123524
120192 81273 138512
138512 81273 120192
81273 120192 138512
122440 52617 86310
52617 86310 122440
86310 52617 122440
63619 72663 112406
112406 63619 72663
72663 63619 112406
51598 15220 113742
113742 15220 51598
15220 51598 113742
80276 44676 61367
61367 44676 80276
44676 61367 80276
84154 32974 69024
32974 69024 84154
69024 32974 84154
4308 82087 83997
82087 4308 83997
83997 4308 82087
28745 69241 100020
100020 28745 69241
69241 28745 100020
31973 40800 61325
61325 31973 40800
40800 31973 61325
87469 2083 86763
86763 2083 87469
2083 86763 87469
89700 126250 131221
126250 89700 131221
131221 89700 126250
23010 14445 84449
84449 14445 23010
14445 23010 84449
82765 60683 64440
64440 60683 82765
60683 64440 82765
133593 66969 103665
103665 66969 133593
66969 103665 133593
59117 34710 125550
34710 59117 125550
125550 34710 59117
46847 93333 100198
93333 46847 100198
100198 46847 93333
65771 32554 57082
32554 57082 65771
57082 32554 65771
18547 77068 112407
112407 18547 77068
77068 18547 112407
107071 10520 134821
134821 10520 107071
10520 107071 134821
78583 40575 81253
40575 78583 81253
81253 40575 78583
143478 19496 63366
63366 19496 143478
19496 63366 143478
123852 46900 82719
82719 46900 123852
46900 82719 123852
148293 24516 139554
139554 24516 148293
24516 139554 148293
126204 62487 64505
64505 62487 126204
62487 64505 126204
144898 64868 96812
96812 64868 144898
64868 96812 144898
105778 95051 139947
95051 105778 139947
139947 95051 105778
147942 21300 107204
107204 21300 147942
21300 107204 147942
41337 21242 65119
21242 41337 65119
65119 21242 41337
41558 91991 122439
122439 41558 91991
91991 41558 122439
106950 95044 109737
95044 106950 109737
109737 95044 106950
40755 12892 66271
12892 40755 66271
66271 12892 40755
98447 115178 129842
129842 98447 115178
115178 98447 129842
54538 53815 65435
53815 54538 65435
65435 53815 54538
125284 32322 132701
32322 125284 132701
132701 32322 125284
48622 59869 81257
59869 48622 81257
81257 48622 59869
42567 21687 40660
21687 40660 42567
40660 21687 42567
131494 71806 148684
148684 71806 131494
71806 131494 148684
55371 19825 128179
19825 55371 128179
128179 19825 55371
21038 109232 131124
131124 21038 109232
109232 21038 131124
86360 94994 101595
101595 86360 94994
94994 86360 101595
85745 63812 106003
106003 63812 85745
63812 85745 106003
4629 81713 111908
111908 4629 81713
81713 4629 111908
91113 16232 23560
16232 23560 91113
23560 16232 91113
91196 121714 138290
121714 91196 138290
138290 91196 121714
83654 10692 95568
10692 83654 95568
95568 10692 83654
80403 18462 55732
18462 55732 80403
55732 18462 80403
44865 58681 90291
90291 44865 58681
58681 44865 90291
112810 104507 108996
104507 108996 112810
108996 104507 112810
19913 696 122260
122260 696 19913
696 19913 122260
44941 94791 109839
94791 44941 109839
109839 44941 94791
44495 9475 36260
9475 36260 44495
36260 9475 44495
117465 66725 88056
88056 66725 117465
66725 88056 117465
58244 131111 141310
141310 58244 131111
131111 58244 141310
113814 56525 123133
123133 56525 113814
56525 113814 123133
91987 67958 140231
140231 67958 91987
67958 91987 140231
181 52057 129146
52057 181 129146
129146 181 52057
67011 42871 145319
145319 42871 67011
42871 67011 145319
38312 57906 68132
57906 38312 68132
68132 38312 57906
19562 45235 141695
141695 19562 45235
45235 19562 141695
11782 23833 131081
23833 11782 131081
131081 11782 23833
122418 43108 70373
70373 43108 122418
43108 70373 122418
78008 37979 122157
37979 78008 122157
122157 37979 78008
29831 42436 128100
128100 29831 42436
42436 29831 128100
99068 63990 118686
118686 63990 99068
63990 99068 118686
118991 49851 95403
95403 49851 118991
49851 95403 118991
58666 32734 57613
32734 57613 58666
57613 32734 58666
71933 1608 3716
3716 1608 71933
1608 3716 71933
34411 33495 38399
38399 33495 34411
33495 34411 38399
7034 45095 129542
45095 7034 129542
129542 7034 45095
143680 55759 104446
55759 104446 143680
104446 55759 143680
131862 135631 146838
135631 131862 146838
146838 131862 135631
112957 68331 145304
145304 68331 112957
68331 112957 145304
132376 69203 107495
107495 69203 132376
69203 107495 132376
75053 69941 133251
69941 75053 133251
133251 69941 75053
144767 44913 137608
137608 44913 144767
44913 137608 144767
75580 8630 30032
30032 8630 75580
8630 30032 75580
83294 70952 135476
70952 83294 135476
135476 70952 83294
114247 6079 124654
124654 6079 114247
6079 114247 124654
95652 51498 88756
51498 88756 95652
88756 51498 95652
104581 81014 106968
106968 81014 104581
81014 104581 106968
103116 131966 145660
131966 103116 145660
145660 103116 131966
92757 25775 137853
137853 25775 92757
25775 92757 137853
51422 807 12754
12754 807 51422
807 12754 51422
104513 7118 81607
7118 81607 104513
81607 7118 104513
95378 28301 69004
69004 28301 95378
28301 69004 95378
71815 28906 120199
120199 28906 71815
28906 71815 120199
37989 113513 122308
122308 37989 113513
113513 37989 122308
123961 10973 131460
10973 123961 131460
131460 10973 123961
103511 6186 111677
111677 6186 103511
6186 103511 111677
73730 26319 127792
127792 26319 73730
26319 73730 127792
58501 10066 109008
109008 10066 58501
10066 58501 109008
26279 119922 135294
135294 26279 119922
119922 26279 135294
19499 98962 123718
98962 19499 123718
123718 19499 98962
86739 109496 118201
118201 86739 109496
109496 86739 118201
122294 32927 135414
135414 32927 122294
32927 122294 135414
128316 6058 13183
6058 13183 128316
13183 6058 128316
110513 108003 118997
118997 108003 110513
108003 110513 118997
19830 123677 129672
123677 19830 129672
129672 19830 123677
63977 65632 142022
142022 63977 65632
65632 63977 142022
104758 37693 146490
37693 104758 146490
146490 37693 104758
76347 9921 128598
128598 9921 76347
9921 76347 128598
6105 47418 91395
91395 6105 47418
47418 6105 91395
13028 46986 119881
46986 13028 119881
119881 13028 46986
67695 23355 63949
63949 23355 67695
23355 63949 67695
133939 50789 149715
50789 133939 149715
149715 50789 133939
87591 23097 111522
23097 87591 111522
111522 23097 87591
145363 20793 35644
20793 35644 145363
35644 20793 145363
75025 93290 103292
103292 75025 93290
93290 75025 103292
87728 26838 43079
43079 26838 87728
26838 43079 87728
138842 97869 143425
97869 138842 143425
143425 97869 138842
17662 17965 59415
59415 17662 17965
17965 17662 59415
56300 79387 123251
123251 56300 79387
79387 56300 123251
118247 56135 117177
117177 56135 118247
56135 117177 118247
76810 70543 112578
112578 70543 76810
70543 76810 112578
17287 93478 128440
93478 17287 128440
128440 17287 93478
120862 129476 142270
129476 120862 142270
142270 120862 129476
143679 36287 125628
125628 36287 143679
36287 125628 143679
83006 35619 135748
35619 83006 135748
135748 35619 83006
41462 34625 104090
104090 34625 41462
34625 41462 104090
28347 65128 116588
65128 28347 116588
116588 28347 65128
70176 31222 65786
31222 65786 70176
65786 31222 70176
108897 6856 95166
95166 6856 108897
6856 95166 108897
90091 24744 84810
24744 84810 90091
84810 24744 90091
62856 51509 80431
51509 62856 80431
80431 51509 62856
29155 909 9589
909 9589 29155
9589 909 29155
111367 25502 37209
25502 37209 111367
37209 25502 111367
80344 23337 94408
94408 23337 80344
23337 80344 94408
60443 51503 107231
107231 51503 60443
51503 60443 107231
4261 108762 112079
108762 4261 112079
112079 4261 108762
87898 35762 79320
79320 35762 87898
35762 79320 87898
109667 102482 125482
125482 102482 109667
102482 109667 125482
143501 84058 95487
84058 95487 143501
95487 84058 143501
32634 52443 102335
102335 32634 52443
52443 32634 102335
129549 53014 94197
94197 53014 129549
53014 94197 129549
139745 13150 93734
93734 13150 139745
13150 93734 139745
123290 41829 108417
41829 108417 123290
108417 41829 123290
97524 48101 147471
48101 97524 147471
147471 48101 97524
56867 51415 58134
51415 56867 58134
58134 51415 56867
81081 64145 69523
69523 64145 81081
64145 69523 81081
124573 31421 66620
66620 31421 124573
31421 66620 124573
37704 42558 93055
42558 37704 93055
93055 37704 42558
54118 33146 104203
33146 54118 104203
104203 33146 54118
74583 20533 73698
20533 73698 74583
73698 20533 74583
90235 1386 121077
1386 90235 121077
121077 1386 90235
1849 119918 131558
119918 1849 131558
131558 1849 119918
143346 10361 21749
10361 21749 143346
21749 10361 143346
110150 48172 104440
104440 48172 110150
48172 104440 110150
46393 46012 55738
46012 46393 55738
55738 46012 46393
9562 52134 97878
52134 9562 97878
97878 9562 52134
24020 1148 137507
137507 1148 24020
1148 24020 137507
2648 59178 79676
59178 2648 79676
79676 2648 59178
148884 120014 122113
122113 120014 148884
120014 122113 148884
76174 66428 132409
132409 66428 76174
66428 76174 132409
43739 52833 141464
141464 43739 52833
52833 43739 141464
121917 19962 61898
19962 61898 121917
61898 19962 121917
93718 92885 130031
130031 92885 93718
92885 93718 130031
25909 27236 129800
27236 25909 129800
129800 25909 27236
89158 31129 51977
31129 51977 89158
51977 31129 89158
140858 20852 68375
68375 20852 140858
20852 68375 140858
21114 23542 137852
137852 21114 23542
23542 21114 137852
58424 2269 55280
2269 55280 58424
55280 2269 58424
66114 35036 43926
35036 43926 66114
43926 35036 66114
140435 36535 117380
36535 117380 140435
117380 36535 140435
104127 113344 136982
136982 104127 113344
113344 104127 136982
31707 10527 14762
14762 10527 31707
10527 14762 31707
56846 96950 109806
109806 56846 96950
96950 56846 109806
82524 111727 135482
135482 82524 111727
111727 82524 135482
109357 8884 133679
8884 109357 133679
133679 8884 109357
113951 51569 112136
112136 51569 113951
51569 112136 113951
100393 38511 58193
58193 38511 100393
38511 58193 100393
114082 31242 48454
48454 31242 114082
31242 48454 114082
68467 101978 141920
141920 68467 101978
101978 68467 141920
135604 15040 147023
147023 15040 135604
15040 135604 147023
53066 17427 134331
134331 17427 53066
17427 53066 134331
149297 16089 91743
16089 91743 149297
91743 16089 149297
85295 69152 140816
140816 69152 85295
69152 85295 140816
55358 53148 120825
120825 53148 55358
53148 55358 120825
36994 88064 88525
88525 36994 88064
88064 36994 88525
3609 29589 62867
62867 3609 29589
29589 3609 62867
28126 15308 68580
68580 15308 28126
15308 28126 68580
43961 82909 100472
100472 43961 82909
82909 43961 100472
141197 12326 119425
119425 12326 141197
12326 119425 141197
29162 113489 148447
148447 29162 113489
113489 29162 148447
58014 71969 135533
135533 58014 71969
71969 58014 135533
5444 95387 118077
95387 5444 118077
118077 5444 95387
135475 7768 100463
100463 7768 135475
7768 100463 135475
58821 17884 94526
94526 17884 58821
17884 58821 94526
17655 20823 87128
20823 17655 87128
87128 17655 20823
12465 104131 140070
140070 12465 104131
104131 12465 140070
131843 3586 141476
3586 131843 141476
141476 3586 131843
122626 91097 148319
148319 91097 122626
91097 122626 148319
96669 40340 49467
40340 49467 96669
49467 40340 96669
47982 15122 129846
129846 15122 47982
15122 47982 129846
115046 79600 109614
109614 79600 115046
79600 109614 115046
33371 1928 93761
1928 33371 93761
93761 1928 33371
45608 34406 130766
34406 45608 130766
130766 34406 45608
19149 81547 141903
81547 19149 141903
141903 19149 81547
71807 21560 121428
21560 71807 121428
121428 21560 71807
95039 80708 117839
80708 95039 117839
117839 80708 95039
15704 47894 108404
108404 15704 47894
47894 15704 108404
100929 65337 86994
65337 86994 100929
86994 65337 100929
32500 8167 37433
8167 32500 37433
37433 8167 32500
228 58274 63854
63854 228 58274
58274 228 63854
98860 22538 120380
120380 22538 98860
22538 98860 120380
14289 71857 148645
71857 14289 148645
148645 14289 71857
49478 43655 47642
43655 47642 49478
47642 43655 49478
79026 103928 109070
103928 79026 109070
109070 79026 103928
116210 31054 127633
31054 116210 127633
127633 31054 116210
79208 29795 101308
101308 29795 79208
29795 79208 101308
1439 14423 144294
144294 1439 14423
14423 1439 144294
95638 44887 100994
44887 95638 100994
100994 44887 95638
145583 52534 88279
88279 52534 145583
52534 88279 145583
68171 47814 79080
47814 68171 79080
79080 47814 68171
140583 63625 75374
75374 63625 140583
63625 75374 140583
3315 14012 99161
14012 3315 99161
99161 3315 14012
119111 38285 101856
38285 101856 119111
101856 38285 119111
24621 110094 120554
120554 24621 110094
110094 24621 120554
57796 2669 5598
2669 5598 57796
5598 2669 57796
30771 103009 124020
103009 30771 124020
124020 30771 103009
103298 38797 149163
38797 103298 149163
149163 38797 103298
72908 80389 148760
148760 72908 80389
80389 72908 148760
23544 5231 139238
139238 5231 23544
5231 23544 139238
54523 36617 147498
36617 54523 147498
147498 36617 54523
81120 14713 51708
51708 14713 81120
14713 51708 81120
12281 99414 100904
99414 12281 100904
100904 12281 99414
48646 63734 85932
63734 48646 85932
85932 48646 63734
69012 43281 131479
131479 43281 69012
43281 69012 131479
