243 363 1464
363 243 1464
1464 243 363
944 314 575
314 575 944
575 314 944
468 88 1479
1479 88 468
88 468 1479
1390 965 1157
965 1157 1390
1157 965 1390
45 529 1154
1154 45 529
529 45 1154
99 97 962
97 99 962
962 97 99
560 1265 1379
1265 560 1379
1379 560 1265
914 133 358
133 358 914
358 133 914
666 876 1391
1391 666 876
876 666 1391
781 755 1375
755 781 1375
1375 755 781
1328 188 1083
188 1083 1328
1083 188 1328
458 685 703
685 458 703
703 458 685
1413 562 1070
1070 562 1413
562 1070 1413
1468 322 835
322 835 1468
835 322 1468
812 275 1419
1419 275 812
275 812 1419
1096 388 512
388 512 1096
512 388 1096
996 548 1403
548 996 1403
1403 548 996
1078 893 1480
1480 893 1078
893 1078 1480
1451 161 838
161 838 1451
838 161 1451
169 1204 1250
1250 169 1204
1204 169 1250
746 103 898
103 746 898
898 103 746
29 248 1018
248 29 1018
1018 29 248
11 333 1161
1161 11 333
333 11 1161
833 505 1140
1140 505 833
505 833 1140
574 660 725
660 574 725
725 574 660
1022 875 1452
1452 875 1022
875 1022 1452
973 679 1015
679 973 1015
1015 679 973
15 664 766
664 15 766
766 15 664
1368 414 1240
414 1240 1368
1240 414 1368
931 356 1344
1344 356 931
356 931 1344
483 879 1310
879 483 1310
1310 483 879
171 1124 1447
1447 171 1124
1124 171 1447
705 837 1282
1282 705 837
837 705 1282
558 542 1008
1008 542 558
542 558 1008
886 254 831
831 254 886
254 831 886
681 1017 1110
1017 681 1110
1110 681 1017
92 547 1293
1293 92 547
547 92 1293
1048 297 545
545 297 1048
297 545 1048
656 241 506
241 506 656
506 241 656
296 368 1056
368 296 1056
1056 296 368
1176 14 649
14 649 1176
649 14 1176
900 157 207
207 157 900
157 207 900
1500 777 1033
777 1033 1500
1033 777 1500
449 230 438
230 438 449
438 230 449
182 826 859
826 182 859
859 182 826
181 84 567
84 181 567
567 84 181
371 938 1325
938 371 1325
1325 371 938
1155 72 220
220 72 1155
72 220 1155
148 1335 1496
1335 148 1496
1496 148 1335
380 564 814
814 380 564
564 380 814
749 1202 1256
1256 749 1202
1202 749 1256
707 520 724
520 707 724
724 520 707
848 716 1440
716 848 1440
1440 716 848
96 334 1191
1191 96 334
334 96 1191
1047 46 846
46 846 1047
846 46 1047
1023 399 1471
399 1023 1471
1471 399 1023
176 1434 1475
1434 176 1475
1475 176 1434
791 340 484
340 484 791
484 340 791
156 265 1108
1108 156 265
265 156 1108
1400 291 419
419 291 1400
291 419 1400
594 77 300
300 77 594
77 300 594
1119 778 1086
1086 778 1119
778 1086 1119
1334 64 1262
64 1262 1334
1262 64 1334
235 980 1234
980 235 1234
1234 235 980
67 185 1113
1113 67 185
185 67 1113
1198 50 1427
50 1198 1427
1427 50 1198
786 266 947
947 266 786
266 786 947
329 287 885
287 329 885
885 287 329
1064 284 920
284 920 1064
920 284 1064
1034 761 1357
1357 761 1034
761 1034 1357
670 301 657
657 301 670
301 657 670
817 825 1125
1125 817 825
825 817 1125
647 517 966
517 647 966
966 517 647
737 33 800
800 33 737
33 737 800
285 556 1192
556 285 1192
1192 285 556
658 554 1259
1259 554 658
554 658 1259
298 606 1187
1187 298 606
606 298 1187
911 417 1241
1241 417 911
417 911 1241
809 745 1090
1090 745 809
745 809 1090
1026 290 1482
290 1026 1482
1482 290 1026
403 635 803
635 403 803
803 403 635
1126 1248 1428
1248 1126 1428
1428 1126 1248
677 561 1134
561 677 1134
1134 561 677
587 456 1392
1392 456 587
456 587 1392
1266 179 257
257 179 1266
179 257 1266
731 239 796
796 239 731
239 731 796
1165 213 1005
213 1005 1165
1005 213 1165
932 1247 1414
1247 932 1414
1414 932 1247
110 435 1264
435 110 1264
1264 110 435
1396 357 1163
1163 357 1396
357 1163 1396
234 136 1319
136 234 1319
1319 136 234
411 479 1027
479 411 1027
1027 411 479
930 674 1348
674 930 1348
1348 674 930
1117 579 1355
579 1117 1355
1355 579 1117
1444 877 1193
877 1193 1444
1193 877 1444
1100 393 819
393 819 1100
819 393 1100
590 178 926
178 590 926
926 178 590
453 4 208
208 4 453
4 208 453
933 1275 1456
1456 933 1275
1275 933 1456
1253 366 515
366 515 1253
515 366 1253
9 452 913
452 9 913
913 9 452
1492 792 1135
792 1135 1492
1135 792 1492
836 626 934
934 626 836
626 836 934
1144 878 1139
878 1139 1144
1139 878 1144
880 299 413
413 299 880
299 413 880
252 1150 1324
1150 252 1324
1324 252 1150
708 436 485
436 485 708
485 436 708
168 711 908
711 168 908
908 168 711
135 821 1246
821 135 1246
1246 135 821
89 576 735
735 89 576
576 89 735
553 343 1254
1254 343 553
343 553 1254
1186 394 1051
1051 394 1186
394 1051 1186
1190 693 1408
693 1190 1408
1408 693 1190
865 119 967
967 119 865
119 865 967
743 751 1148
751 743 1148
1148 743 751
1308 1010 1410
1410 1010 1308
1010 1308 1410
1131 482 1053
1053 482 1131
482 1053 1131
1342 228 527
527 228 1342
228 527 1342
335 726 785
785 335 726
726 335 785
1206 598 954
954 598 1206
598 954 1206
1376 614 1478
614 1376 1478
1478 614 1376
1044 555 1080
555 1044 1080
1080 555 1044
1002 1019 1233
1233 1002 1019
1019 1002 1233
1470 514 1020
1020 514 1470
514 1020 1470
617 38 365
365 38 617
38 365 617
1094 180 1169
180 1094 1169
1169 180 1094
1046 1060 1498
1498 1046 1060
1060 1046 1498
769 236 763
763 236 769
236 763 769
828 765 1196
765 828 1196
1196 765 828
747 971 1267
1267 747 971
971 747 1267
632 83 1285
83 632 1285
1285 83 632
497 425 961
961 425 497
425 497 961
696 752 1316
752 696 1316
1316 696 752
847 1059 1207
1059 847 1207
1207 847 1059
1338 256 637
637 256 1338
256 637 1338
628 566 984
566 628 984
984 566 628
1109 140 591
140 591 1109
591 140 1109
1182 175 341
175 341 1182
341 175 1182
896 355 1249
355 896 1249
1249 355 896
1014 462 753
462 753 1014
753 462 1014
172 799 978
978 172 799
799 172 978
687 895 1244
1244 687 895
895 687 1244
43 35 697
35 43 697
697 35 43
492 543 624
624 492 543
543 492 624
141 1181 1405
1405 141 1181
1181 141 1405
337 360 441
441 337 360
360 337 441
782 989 1201
989 782 1201
1201 782 989
415 186 211
186 211 415
211 186 415
643 616 827
616 643 827
827 616 643
142 319 1158
319 142 1158
1158 142 319
422 149 588
588 149 422
149 422 588
1040 190 269
269 190 1040
190 269 1040
712 222 1236
222 712 1236
1236 222 712
1483 151 1097
1097 151 1483
151 1097 1483
292 428 959
428 292 959
959 292 428
887 101 651
101 651 887
651 101 887
218 94 469
469 94 218
94 218 469
1421 1230 1358
1230 1358 1421
1358 1230 1421
324 659 902
659 324 902
902 324 659
270 325 915
915 270 325
325 270 915
1417 120 773
120 773 1417
773 120 1417
26 1320 1341
1320 26 1341
1341 26 1320
384 489 958
489 384 958
958 384 489
237 139 1076
139 237 1076
1076 139 237
1001 680 869
869 680 1001
680 869 1001
794 1356 1436
1436 794 1356
1356 794 1436
779 259 861
861 259 779
259 779 861
1443 395 1497
395 1443 1497
1497 395 1443
23 793 955
955 23 793
793 23 955
8 507 850
507 8 850
850 8 507
650 546 611
546 611 650
611 546 650
1084 280 698
280 698 1084
698 280 1084
18 351 721
351 18 721
721 18 351
1429 714 1115
1115 714 1429
714 1115 1429
1245 219 1227
219 1227 1245
1227 219 1245
882 193 1200
193 882 1200
1200 193 882
450 57 153
153 57 450
57 153 450
488 1164 1459
1459 488 1164
1164 488 1459
919 106 964
106 919 964
964 106 919
1484 138 1343
138 1343 1484
1343 138 1484
577 53 864
53 577 864
864 53 577
10 584 1016
584 10 1016
1016 10 584
764 36 143
143 36 764
36 143 764
704 1188 1485
1485 704 1188
1188 704 1485
55 147 1384
147 55 1384
1384 55 147
126 544 1287
1287 126 544
544 126 1287
203 60 719
719 60 203
60 203 719
426 480 1162
1162 426 480
480 426 1162
1075 552 1085
552 1075 1085
1085 552 1075
1063 111 1180
111 1063 1180
1180 111 1063
1179 701 1012
1012 701 1179
701 1012 1179
491 375 631
631 375 491
375 491 631
225 177 385
177 225 385
385 177 225
538 692 888
692 538 888
888 538 692
1269 398 487
398 487 1269
487 398 1269
1395 51 59
59 51 1395
51 59 1395
1057 206 1431
206 1057 1431
1431 206 1057
345 3 927
3 345 927
927 3 345
267 194 918
918 194 267
194 267 918
904 897 1374
897 904 1374
1374 897 904
811 389 1321
1321 389 811
389 811 1321
1147 1229 1363
1363 1147 1229
1229 1147 1363
901 286 986
986 286 901
286 901 986
242 862 873
873 242 862
862 242 873
249 1042 1088
1042 249 1088
1088 249 1042
634 373 1221
1221 373 634
373 634 1221
131 19 317
19 131 317
317 19 131
418 464 924
464 418 924
924 418 464
410 434 676
434 410 676
676 410 434
805 379 420
420 379 805
379 420 805
776 1004 1364
1364 776 1004
1004 776 1364
293 723 1442
723 293 1442
1442 293 723
872 260 304
260 304 872
304 260 872
1111 943 1280
1280 943 1111
943 1111 1280
1463 7 718
718 7 1463
7 718 1463
839 439 1226
439 839 1226
1226 439 839
622 158 1352
1352 158 622
158 622 1352
132 500 1330
1330 132 500
500 132 1330
586 1129 1263
1263 586 1129
1129 586 1263
78 729 1385
1385 78 729
729 78 1385
32 40 184
184 32 40
40 32 184
223 559 1301
559 223 1301
1301 223 559
592 349 1081
1081 349 592
349 592 1081
623 585 1087
585 623 1087
1087 585 623
1346 68 205
68 205 1346
205 68 1346
444 1000 1142
1000 444 1142
1142 444 1000
1116 583 857
857 583 1116
583 857 1116
678 1298 1315
1298 678 1315
1315 678 1298
1258 700 1167
1167 700 1258
700 1167 1258
629 727 1420
1420 629 727
727 629 1420
160 736 1143
736 160 1143
1143 160 736
400 788 1432
1432 400 788
788 400 1432
935 28 323
323 28 935
28 323 935
801 405 1382
405 801 1382
1382 405 801
1174 1039 1437
1437 1039 1174
1039 1174 1437
91 757 1054
1054 91 757
757 91 1054
1369 65 221
65 221 1369
221 65 1369
1307 6 975
975 6 1307
6 975 1307
976 5 1311
1311 5 976
5 976 1311
470 824 1260
1260 470 824
824 470 1260
870 633 1037
1037 633 870
633 870 1037
1418 113 192
192 113 1418
113 192 1418
1299 118 871
871 118 1299
118 871 1299
1232 694 1318
1318 694 1232
694 1232 1318
1398 348 648
348 648 1398
648 348 1398
578 31 993
993 31 578
31 578 993
1416 174 1215
1215 174 1416
174 1215 1416
476 789 999
999 476 789
789 476 999
1441 447 1055
1055 447 1441
447 1055 1441
1153 641 1336
1336 641 1153
641 1153 1336
1077 1058 1136
1058 1077 1136
1136 1058 1077
427 597 619
597 427 619
619 427 597
1213 644 1032
644 1032 1213
1032 644 1213
443 645 856
645 443 856
856 443 645
1345 27 114
27 114 1345
114 27 1345
1347 372 557
372 557 1347
557 372 1347
125 455 1062
1062 125 455
455 125 1062
706 717 1146
717 706 1146
1146 706 717
968 54 867
54 867 968
867 54 968
1409 272 1149
272 1149 1409
1149 272 1409
382 988 1069
988 382 1069
1069 382 988
758 369 946
369 758 946
946 369 758
1302 600 909
909 600 1302
600 909 1302
1326 49 627
627 49 1326
49 627 1326
540 845 1006
1006 540 845
845 540 1006
1112 532 1450
1450 532 1112
532 1112 1450
1243 496 787
496 787 1243
787 496 1243
1435 429 844
429 844 1435
844 429 1435
1448 471 642
642 471 1448
471 642 1448
288 282 573
573 282 288
282 288 573
13 255 741
255 13 741
741 13 255
347 969 1173
1173 347 969
969 347 1173
516 87 929
87 516 929
929 87 516
853 1228 1381
1381 853 1228
1228 853 1381
612 246 1473
246 612 1473
1473 246 612
408 459 1130
1130 408 459
459 408 1130
134 104 874
874 104 134
104 134 874
1367 521 780
521 780 1367
780 521 1367
963 204 860
204 860 963
860 204 963
533 352 1487
1487 352 533
352 533 1487
1359 1121 1476
1476 1121 1359
1121 1359 1476
508 273 607
607 273 508
273 508 607
595 715 1159
715 595 1159
1159 595 715
306 308 699
308 306 699
699 306 308
276 939 1284
1284 276 939
939 276 1284
238 866 1439
866 238 1439
1439 238 866
108 1183 1203
1203 108 1183
1183 108 1203
1195 392 1141
392 1141 1195
1141 392 1195
686 474 615
474 615 686
615 474 686
210 25 390
390 25 210
25 210 390
768 274 1270
274 768 1270
1270 274 768
1486 144 940
144 940 1486
940 144 1486
990 56 1494
1494 56 990
56 990 1494
1120 12 1225
1225 12 1120
12 1120 1225
829 998 1052
998 829 1052
1052 829 998
1474 535 936
535 936 1474
936 535 1474
271 478 1397
478 271 1397
1397 271 478
187 163 424
163 187 424
424 163 187
951 397 1029
1029 397 951
397 951 1029
224 448 884
448 224 884
884 224 448
798 610 858
858 610 798
610 798 858
1371 834 1353
834 1353 1371
1353 834 1371
100 640 991
640 100 991
991 100 640
21 279 1211
279 21 1211
1211 21 279
1312 1128 1290
1128 1290 1312
1290 1128 1312
892 63 412
63 412 892
412 63 892
1389 240 477
477 240 1389
240 477 1389
122 378 1205
1205 122 378
378 122 1205
854 421 734
421 734 854
734 421 854
396 330 589
589 330 396
330 396 589
941 524 1322
1322 524 941
524 941 1322
278 20 437
20 278 437
437 20 278
1495 44 1314
1314 44 1495
44 1314 1495
263 667 802
667 263 802
802 263 667
1093 889 1411
889 1093 1411
1411 889 1093
1071 70 76
70 76 1071
76 70 1071
1272 433 549
549 433 1272
433 549 1272
85 268 907
268 85 907
907 85 268
762 551 1458
1458 551 762
551 762 1458
728 1 165
1 165 728
165 1 728
957 247 672
672 247 957
247 672 957
784 675 1067
1067 675 784
675 784 1067
1239 212 342
212 342 1239
342 212 1239
537 1317 1349
1349 537 1317
1317 537 1349
442 981 992
981 442 992
992 442 981
123 652 684
652 123 684
684 123 652
183 602 1360
602 183 1360
1360 183 602
1145 48 354
354 48 1145
48 354 1145
277 229 1289
229 277 1289
1289 229 277
61 570 894
570 61 894
894 61 570
695 231 928
231 695 928
928 231 695
581 311 1105
1105 311 581
311 581 1105
137 62 454
62 137 454
454 62 137
359 402 1036
1036 359 402
402 359 1036
702 362 1488
1488 362 702
362 702 1488
93 350 460
350 93 460
460 93 350
1354 498 1261
498 1261 1354
1261 498 1354
1151 669 1072
669 1072 1151
1072 669 1151
1257 327 1223
1223 327 1257
327 1223 1257
1462 316 1406
1406 316 1462
316 1406 1462
1011 81 251
251 81 1011
81 251 1011
1175 404 1104
1104 404 1175
404 1104 1175
159 771 1219
771 159 1219
1219 159 771
1212 461 1404
1404 461 1212
461 1212 1404
1209 423 668
668 423 1209
423 668 1209
987 808 1178
808 987 1178
1178 808 987
1309 71 568
568 71 1309
71 568 1309
465 202 849
202 465 849
849 202 465
690 289 1274
1274 289 690
289 690 1274
1281 1305 1423
1423 1281 1305
1305 1281 1423
1030 922 1329
922 1030 1329
1329 922 1030
1222 214 501
214 501 1222
501 214 1222
1216 326 432
326 432 1216
432 326 1216
899 307 795
307 795 899
795 307 899
709 58 232
232 58 709
58 232 709
1425 98 281
281 98 1425
98 281 1425
121 294 1035
1035 121 294
294 121 1035
1294 332 565
565 332 1294
332 565 1294
1224 511 1177
511 1177 1224
1177 511 1224
1061 536 1279
1279 536 1061
536 1061 1279
367 162 463
463 162 367
162 367 463
760 689 1337
1337 689 760
689 760 1337
539 416 486
486 416 539
416 486 539
1235 1166 1373
1373 1166 1235
1166 1235 1373
102 318 730
730 102 318
318 102 730
283 166 315
166 283 315
315 166 283
155 42 1304
42 155 1304
1304 42 155
1160 770 983
770 983 1160
983 770 1160
713 86 173
86 173 713
173 86 713
1217 774 1065
1065 774 1217
774 1065 1217
750 481 851
481 750 851
851 481 750
499 534 1132
534 499 1132
1132 499 534
1454 550 1103
1103 550 1454
550 1103 1454
1074 950 1313
950 1074 1313
1313 950 1074
813 195 1291
1291 195 813
195 813 1291
513 1028 1422
1422 513 1028
1028 513 1422
662 227 1043
1043 227 662
227 662 1043
430 22 519
519 22 430
22 430 519
47 217 733
217 47 733
733 47 217
1172 198 636
636 198 1172
198 636 1172
1477 740 1453
740 1453 1477
1453 740 1477
129 625 732
625 129 732
732 129 625
985 937 1340
937 985 1340
1340 937 985
2 377 387
377 2 387
387 2 377
1286 503 1333
503 1286 1333
1333 503 1286
1461 1066 1438
1066 1438 1461
1438 1066 1461
258 1433 1481
1433 258 1481
1481 258 1433
1455 336 979
336 979 1455
979 336 1455
1251 531 1045
1045 531 1251
531 1045 1251
582 759 1118
1118 582 759
759 582 1118
1296 386 630
386 630 1296
630 386 1296
467 376 832
832 376 467
376 467 832
960 1156 1377
1156 960 1377
1377 960 1156
1380 117 1031
1031 117 1380
117 1031 1380
1370 74 916
916 74 1370
74 916 1370
1184 609 1288
609 1184 1288
1288 609 1184
1099 445 1025
445 1025 1099
1025 445 1099
738 510 682
682 510 738
510 682 738
912 596 1068
596 912 1068
1068 596 912
361 956 1127
1127 361 956
956 361 1127
604 370 1350
1350 370 604
370 604 1350
1430 109 457
457 109 1430
109 457 1430
522 407 953
953 407 522
407 522 953
451 124 303
124 303 451
303 124 451
842 1138 1407
1407 842 1138
1138 842 1407
105 17 201
17 105 201
201 17 105
923 739 1214
739 923 1214
1214 739 923
661 466 841
841 466 661
466 661 841
1049 24 1457
24 1049 1457
1457 24 1049
309 790 952
790 309 952
952 309 790
720 34 130
34 130 720
130 34 720
948 807 1208
807 948 1208
1208 807 948
744 346 1102
346 744 1102
1102 346 744
603 253 1331
253 603 1331
1331 253 603
775 654 722
654 722 775
722 654 775
663 344 855
344 663 855
855 344 663
618 1388 1399
1399 618 1388
1388 618 1399
52 364 541
364 52 541
541 52 364
374 191 613
191 374 613
613 191 374
653 209 830
830 209 653
209 653 830
1050 409 816
816 409 1050
409 816 1050
1306 903 1323
1323 903 1306
903 1306 1323
1091 528 1231
1231 528 1091
528 1091 1231
1133 495 710
710 495 1133
495 710 1133
145 1038 1489
1489 145 1038
1038 145 1489
310 810 905
905 310 810
810 310 905
523 164 599
164 523 599
599 164 523
1372 197 1469
197 1372 1469
1469 197 1372
1107 673 1237
1237 673 1107
673 1107 1237
843 215 1466
1466 215 843
215 843 1466
431 1003 1079
1079 431 1003
1003 431 1079
974 605 1185
1185 605 974
605 974 1185
1007 154 982
154 982 1007
982 154 1007
244 321 1499
321 244 1499
1499 244 321
1446 16 199
16 199 1446
199 16 1446
41 493 638
638 41 493
493 41 638
806 1073 1351
1351 806 1073
1073 806 1351
823 572 1238
1238 572 823
572 823 1238
196 620 1024
1024 196 620
620 196 1024
1365 797 852
852 797 1365
797 852 1365
1210 1252 1327
1327 1210 1252
1252 1210 1327
90 621 1106
1106 90 621
621 90 1106
748 863 1387
1387 748 863
863 748 1387
691 170 216
216 170 691
170 216 691
295 312 1383
1383 295 312
312 295 1383
580 490 1101
490 580 1101
1101 490 580
245 1300 1378
1300 245 1378
1378 245 1300
1472 302 1295
1295 302 1472
302 1295 1472
383 1095 1220
1220 383 1095
1095 383 1220
1332 107 1170
1170 107 1332
107 1170 1332
115 1137 1445
1445 115 1137
1137 115 1445
1082 339 883
883 339 1082
339 883 1082
1460 530 1490
530 1460 1490
1490 530 1460
942 820 1449
1449 820 942
820 942 1449
1415 112 1273
1273 112 1415
112 1273 1415
1098 688 1278
1278 688 1098
688 1098 1278
1402 66 1493
66 1402 1493
1493 66 1402
167 37 95
37 95 167
95 37 167
571 569 970
970 569 571
569 571 970
381 563 1089
563 381 1089
1089 381 563
1009 69 1021
69 1009 1021
1021 69 1009
152 1114 1366
1366 152 1114
1114 152 1366
1424 890 1465
1465 890 1424
890 1424 1465
1276 189 525
189 525 1276
525 189 1276
226 921 995
921 226 995
995 226 921
1277 475 767
475 767 1277
767 475 1277
906 1255 1339
1339 906 1255
1255 906 1339
73 264 353
353 73 264
264 73 353
75 250 1393
1393 75 250
250 75 1393
127 200 601
601 127 200
200 127 601
783 262 772
262 772 783
772 262 783
1171 82 997
997 82 1171
82 997 1171
639 406 881
881 406 639
406 639 881
509 1168 1189
1189 509 1168
1168 509 1189
977 305 440
440 305 977
305 440 977
822 683 1197
1197 683 822
683 822 1197
665 116 1491
1491 116 665
116 665 1491
1297 593 1303
1303 593 1297
593 1297 1303
945 818 1218
1218 818 945
818 945 1218
1123 446 756
756 446 1123
446 756 1123
313 338 1122
1122 313 338
338 313 1122
1292 504 518
504 518 1292
518 504 1292
868 1242 1401
1242 868 1401
1401 868 1242
1426 128 328
128 328 1426
328 128 1426
401 473 1394
473 401 1394
1394 401 473
1041 655 1152
1152 655 1041
655 1041 1152
608 840 1386
840 608 1386
1386 608 840
949 261 1412
1412 261 949
261 949 1412
472 1271 1362
1362 472 1271
1271 472 1362
925 671 1361
671 925 1361
1361 671 925
391 79 502
502 79 391
79 391 502
1268 815 994
994 815 1268
815 994 1268
80 30 742
30 80 742
742 30 80
1092 331 526
526 331 1092
331 526 1092
917 1013 1199
1013 917 1199
1199 917 1013
972 320 910
320 910 972
910 320 972
233 146 891
891 146 233
146 233 891
646 754 1467
1467 646 754
754 646 1467
39 1194 1283
1283 39 1194
1194 39 1283
494 150 804
150 494 804
804 150 494
