54894 36277 92461
36277 54894 92461
92461 36277 54894
36159 91955 149122
91955 36159 149122
149122 36159 91955
122177 31650 90333
90333 31650 122177
31650 90333 122177
68270 56925 63129
56925 63129 68270
63129 56925 68270
90148 77243 94671
77243 90148 94671
94671 77243 90148
60440 20029 57613
20029 57613 60440
57613 20029 60440
43515 74402 113367
74402 43515 113367
113367 43515 74402
40213 79480 115902
115902 40213 79480
79480 40213 115902
62765 52899 114671
52899 62765 114671
114671 52899 62765
86674 132 65023
65023 132 86674
132 65023 86674
115057 20250 106291
106291 20250 115057
20250 106291 115057
136830 70363 130352
70363 130352 136830
130352 70363 136830
74979 75156 102562
102562 74979 75156
75156 74979 102562
97063 42467 72289
42467 72289 97063
72289 42467 97063
138162 66153 95356
95356 66153 138162
66153 95356 138162
90959 91772 120227
91772 90959 120227
120227 90959 91772
117374 29915 39342
29915 39342 117374
39342 29915 117374
72737 55559 124898
124898 55559 72737
55559 72737 124898
59123 8575 40910
40910 8575 59123
8575 40910 59123
68387 81204 98479
81204 68387 98479
98479 68387 81204
149281 16263 28070
16263 28070 149281
28070 16263 149281
131944 111395 139645
111395 131944 139645
139645 111395 131944
104500 111354 119570
111354 104500 119570
119570 104500 111354
128728 100238 147291
147291 100238 128728
100238 128728 147291
63692 21123 78554
21123 63692 78554
78554 21123 63692
108464 105182 146009
105182 108464 146009
146009 105182 108464
32939 100053 107901
100053 32939 107901
107901 32939 100053
71615 55174 122664
122664 55174 71615
55174 71615 122664
4651 19580 140738
19580 4651 140738
140738 4651 19580
96945 90163 125772
125772 90163 96945
90163 96945 125772
16053 55452 115179
55452 16053 115179
115179 16053 55452
40648 9183 145544
9183 40648 145544
145544 9183 40648
111789 47902 124326
47902 111789 124326
124326 47902 111789
202 1308 58431
1308 202 58431
58431 202 1308
96417 55220 70722
70722 55220 96417
55220 70722 96417
14259 57717 74415
74415 14259 57717
57717 14259 74415
2284 39130 105461
105461 2284 39130
39130 2284 105461
14404 85868 103921
103921 14404 85868
85868 14404 103921
20364 21118 30090
30090 20364 21118
21118 20364 30090
105350 40932 66251
66251 40932 105350
40932 66251 105350
42085 16314 115519
16314 42085 115519
115519 16314 42085
97149 66019 68654
66019 68654 97149
68654 66019 97149
20858 23017 77203
23017 20858 77203
77203 20858 23017
149237 48657 71983
71983 48657 149237
48657 71983 149237
47384 12386 91102
91102 12386 47384
12386 47384 91102
67293 7331 115540
7331 67293 115540
115540 7331 67293
102005 34869 148444
34869 102005 148444
148444 34869 102005
72134 9937 58769
9937 58769 72134
58769 9937 72134
74883 2630 41170
41170 2630 74883
2630 41170 74883
109795 79749 144990
79749 109795 144990
144990 79749 109795
30281 39939 56662
39939 30281 56662
56662 30281 39939
15510 31057 39162
39162 15510 31057
31057 15510 39162
80382 105799 123722
105799 80382 123722
123722 80382 105799
112216 95322 144350
144350 95322 112216
95322 112216 144350
140804 43921 118480
43921 118480 140804
118480 43921 140804
70413 50848 57398
57398 50848 70413
50848 57398 70413
77331 39087 89147
39087 77331 89147
89147 39087 77331
8010 140120 148173
140120 8010 148173
148173 8010 140120
2899 64825 84826
84826 2899 64825
64825 2899 84826
77400 27541 147068
147068 27541 77400
27541 77400 147068
139559 137321 149484
137321 139559 149484
149484 137321 139559
98278 31681 137751
137751 31681 98278
31681 98278 137751
55794 47547 144064
47547 55794 144064
144064 47547 55794
102035 58500 127701
58500 102035 127701
127701 58500 102035
87006 73986 133742
73986 87006 133742
133742 73986 87006
2688 86320 129125
86320 2688 129125
129125 2688 86320
1377 36062 148885
36062 1377 148885
148885 1377 36062
89928 29788 80542
80542 29788 89928
29788 80542 89928
114624 31046 61989
31046 61989 114624
61989 31046 114624
35576 52472 126835
52472 35576 126835
126835 35576 52472
52450 49989 129878
129878 49989 52450
49989 52450 129878
18746 9355 25138
9355 18746 25138
25138 9355 18746
73843 96479 107288
96479 73843 107288
107288 73843 96479
60035 53743 125020
53743 60035 125020
125020 53743 60035
95585 22813 126729
126729 22813 95585
22813 95585 126729
63382 37845 43480
43480 37845 63382
37845 43480 63382
130744 22693 83729
83729 22693 130744
22693 83729 130744
118095 54437 78460
54437 78460 118095
78460 54437 118095
81321 342 74102
74102 342 81321
342 74102 81321
100474 8605 77204
8605 77204 100474
77204 8605 100474
6921 74951 113304
74951 6921 113304
113304 6921 74951
86554 24464 48199
48199 24464 86554
24464 48199 86554
125713 9257 16608
9257 16608 125713
16608 9257 125713
68941 6561 42278
42278 6561 68941
6561 42278 68941
104045 86872 149018
149018 86872 104045
86872 104045 149018
41319 85943 111511
111511 41319 85943
85943 41319 111511
31000 1266 131392
131392 1266 31000
1266 31000 131392
42415 29783 119868
119868 29783 42415
29783 42415 119868
70496 21309 29064
21309 29064 70496
29064 21309 70496
94064 111234 123655
111234 94064 123655
123655 94064 111234
122496 13462 85551
13462 85551 122496
85551 13462 122496
113450 72799 131850
72799 113450 131850
131850 72799 113450
140441 98874 114074
114074 98874 140441
98874 114074 140441
144212 53462 70829
70829 53462 144212
53462 70829 144212
58557 77562 80961
80961 58557 77562
77562 58557 80961
42346 49196 135784
49196 42346 135784
135784 42346 49196
50952 50461 98404
98404 50461 50952
50461 50952 98404
126471 11326 73174
73174 11326 126471
11326 73174 126471
106970 11821 58430
58430 11821 106970
11821 58430 106970
122883 57891 133699
57891 122883 133699
133699 57891 122883
8405 22629 85446
22629 8405 85446
85446 8405 22629
63914 83378 91678
91678 63914 83378
83378 63914 91678
6272 134273 138426
134273 6272 138426
138426 6272 134273
6618 127564 128153
128153 6618 127564
127564 6618 128153
106244 18773 80904
80904 18773 106244
18773 80904 106244
146288 133239 139588
139588 133239 146288
133239 139588 146288
53042 106145 123047
106145 53042 123047
123047 53042 106145
22619 112231 149850
149850 22619 112231
112231 22619 149850
95242 81604 124781
81604 95242 124781
124781 81604 95242
126238 9061 128274
9061 126238 128274
128274 9061 126238
101023 45787 91899
45787 91899 101023
91899 45787 101023
149630 73381 138220
138220 73381 149630
73381 138220 149630
141062 34141 112596
112596 34141 141062
34141 112596 141062
58339 11555 15897
11555 15897 58339
15897 11555 58339
70222 7369 110688
110688 7369 70222
7369 70222 110688
18057 79421 82924
82924 18057 79421
79421 18057 82924
96473 93054 146889
146889 93054 96473
93054 96473 146889
23218 17686 85133
17686 23218 85133
85133 17686 23218
144257 50534 80267
80267 50534 144257
50534 80267 144257
120012 7166 130558
7166 120012 130558
130558 7166 120012
19012 66067 75758
75758 19012 66067
66067 19012 75758
136021 59487 98216
59487 98216 136021
98216 59487 136021
36726 5597 75385
75385 5597 36726
5597 36726 75385
26443 7613 135791
135791 7613 26443
7613 26443 135791
97062 55188 59788
55188 59788 97062
59788 55188 97062
1484 48049 126448
48049 1484 126448
126448 1484 48049
4348 23475 76732
76732 4348 23475
23475 4348 76732
112249 3464 97986
97986 3464 112249
3464 97986 112249
102403 13849 16990
13849 16990 102403
16990 13849 102403
54660 126662 148205
148205 54660 126662
126662 54660 148205
25363 19936 75676
75676 19936 25363
19936 25363 75676
18083 51749 93211
93211 18083 51749
51749 18083 93211
148371 7638 29224
7638 29224 148371
29224 7638 148371
65210 111388 116107
111388 65210 116107
116107 65210 111388
147243 67997 106873
67997 106873 147243
106873 67997 147243
62929 42859 126042
42859 62929 126042
126042 42859 62929
38188 77913 113392
77913 38188 113392
113392 38188 77913
54208 47993 62131
62131 47993 54208
47993 54208 62131
3674 66388 90290
90290 3674 66388
66388 3674 90290
78194 45782 94675
94675 45782 78194
45782 78194 94675
98414 11584 19335
19335 11584 98414
11584 19335 98414
98013 61813 71914
61813 71914 98013
71914 61813 98013
127565 60476 79399
79399 60476 127565
60476 79399 127565
90904 81829 85812
81829 85812 90904
85812 81829 90904
73194 91378 93761
93761 73194 91378
91378 73194 93761
147003 63398 134863
63398 134863 147003
134863 63398 147003
96039 6328 112891
112891 6328 96039
6328 96039 112891
121717 35655 133643
133643 35655 121717
35655 121717 133643
89300 25013 44200
25013 44200 89300
44200 25013 89300
33316 60375 95503
95503 33316 60375
60375 33316 95503
54169 10744 122821
122821 10744 54169
10744 54169 122821
140228 45767 71309
71309 45767 140228
45767 71309 140228
87859 60067 98634
98634 60067 87859
60067 87859 98634
77356 32867 118699
118699 32867 77356
32867 77356 118699
142522 111402 111637
111637 111402 142522
111402 111637 142522
24573 66363 148118
66363 24573 148118
148118 24573 66363
98180 88069 101627
88069 98180 101627
101627 88069 98180
111904 30036 52987
30036 52987 111904
52987 30036 111904
11160 94892 104255
94892 11160 104255
104255 11160 94892
61667 14315 118002
14315 61667 118002
118002 14315 61667
133853 12167 94153
12167 94153 133853
94153 12167 133853
48957 52189 88639
52189 48957 88639
88639 48957 52189
53619 57128 67497
57128 53619 67497
67497 53619 57128
59084 66782 74602
74602 59084 66782
66782 59084 74602
495 6435 131562
6435 495 131562
131562 495 6435
128987 67954 107198
67954 107198 128987
107198 67954 128987
120816 122418 142577
122418 120816 142577
142577 120816 122418
70683 36676 70632
70632 36676 70683
36676 70632 70683
38615 104321 146228
104321 38615 146228
146228 38615 104321
79264 27711 75174
27711 75174 79264
75174 27711 79264
75606 61158 78752
61158 75606 78752
78752 61158 75606
25983 26795 35052
35052 25983 26795
26795 25983 35052
39019 71607 147205
147205 39019 71607
71607 39019 147205
103138 125614 131115
125614 103138 131115
131115 103138 125614
42386 20086 97458
20086 42386 97458
97458 20086 42386
71842 78305 130126
130126 71842 78305
78305 71842 130126
37541 5937 65551
5937 37541 65551
65551 5937 37541
116690 23208 143053
143053 23208 116690
23208 116690 143053
16184 52708 121833
121833 16184 52708
52708 16184 121833
80439 56776 148195
56776 80439 148195
148195 56776 80439
147256 668 98208
668 98208 147256
98208 668 147256
128649 110367 129223
129223 110367 128649
110367 128649 129223
115744 10482 52622
10482 52622 115744
52622 10482 115744
15972 37694 81458
81458 15972 37694
37694 15972 81458
139875 70867 99599
70867 99599 139875
99599 70867 139875
42193 114967 143529
143529 42193 114967
114967 42193 143529
107841 31410 54058
31410 54058 107841
54058 31410 107841
98300 21908 139768
21908 98300 139768
139768 21908 98300
62442 132675 135106
132675 62442 135106
135106 62442 132675
35533 57201 62316
57201 35533 62316
62316 35533 57201
149124 39458 99116
39458 99116 149124
99116 39458 149124
42068 22109 34682
34682 22109 42068
22109 34682 42068
39730 12911 127801
127801 12911 39730
12911 39730 127801
93015 101483 131065
101483 93015 131065
131065 93015 101483
122911 8132 126117
8132 122911 126117
126117 8132 122911
52807 12209 47039
12209 47039 52807
47039 12209 52807
136622 74462 92562
74462 92562 136622
92562 74462 136622
94992 97783 110262
110262 94992 97783
97783 94992 110262
127050 91433 140245
140245 91433 127050
91433 127050 140245
129819 21463 90387
21463 90387 129819
90387 21463 129819
25387 71223 115969
115969 25387 71223
71223 25387 115969
114407 39339 99649
99649 39339 114407
39339 99649 114407
72561 60781 75098
75098 60781 72561
60781 72561 75098
614 114661 129781
129781 614 114661
114661 614 129781
9063 26110 72004
26110 9063 72004
72004 9063 26110
33816 60214 87790
87790 33816 60214
60214 33816 87790
75333 60259 68341
60259 68341 75333
68341 60259 75333
22944 93134 112551
112551 22944 93134
93134 22944 112551
119618 50189 146519
50189 119618 146519
146519 50189 119618
118760 58800 147044
147044 58800 118760
58800 118760 147044
67522 13012 102887
13012 67522 102887
102887 13012 67522
59357 23246 46064
46064 23246 59357
23246 46064 59357
148974 27172 51378
51378 27172 148974
27172 51378 148974
51189 36796 131441
131441 36796 51189
36796 51189 131441
40664 108050 134962
134962 40664 108050
108050 40664 134962
135331 6731 81506
6731 81506 135331
81506 6731 135331
11843 44451 95229
95229 11843 44451
44451 11843 95229
131101 111512 133041
111512 131101 133041
133041 111512 131101
115363 59126 98581
59126 98581 115363
98581 59126 115363
25863 25493 60617
60617 25493 25863
25493 25863 60617
60478 4240 38208
4240 38208 60478
38208 4240 60478
36480 31912 108529
108529 31912 36480
31912 36480 108529
87199 13442 68483
68483 13442 87199
13442 68483 87199
139388 95320 113920
113920 95320 139388
95320 113920 139388
124438 55266 90732
90732 55266 124438
55266 90732 124438
34040 14629 132883
14629 34040 132883
132883 14629 34040
11571 16636 40927
40927 11571 16636
16636 11571 40927
57683 50439 70466
50439 57683 70466
70466 50439 57683
43542 38751 121990
121990 38751 43542
38751 43542 121990
143943 30578 47451
30578 47451 143943
47451 30578 143943
68979 69812 83978
83978 68979 69812
69812 68979 83978
102923 8478 84414
8478 84414 102923
84414 8478 102923
40435 137689 147118
147118 40435 137689
137689 40435 147118
75116 8963 126888
126888 8963 75116
8963 75116 126888
53266 19220 71008
19220 53266 71008
71008 19220 53266
57306 17382 129917
17382 57306 129917
129917 17382 57306
103128 10990 36900
10990 36900 103128
36900 10990 103128
78286 57320 112950
112950 57320 78286
57320 78286 112950
3907 17420 127627
127627 3907 17420
17420 3907 127627
84175 40179 45031
45031 40179 84175
40179 45031 84175
21096 49351 141765
141765 21096 49351
49351 21096 141765
55152 19483 23625
23625 19483 55152
19483 23625 55152
72687 29437 43909
29437 43909 72687
43909 29437 72687
84174 24011 67970
67970 24011 84174
24011 67970 84174
7767 124252 144185
144185 7767 124252
124252 7767 144185
55992 20706 52206
52206 20706 55992
20706 52206 55992
104853 37765 146619
146619 37765 104853
37765 104853 146619
118231 28499 112445
112445 28499 118231
28499 112445 118231
101888 45680 137704
45680 101888 137704
137704 45680 101888
121557 3847 74041
3847 74041 121557
74041 3847 121557
21742 122652 128141
122652 21742 128141
128141 21742 122652
53023 50987 123054
50987 53023 123054
123054 50987 53023
35935 38862 58932
58932 35935 38862
38862 35935 58932
5709 61748 147506
147506 5709 61748
61748 5709 147506
127934 16334 44295
44295 16334 127934
16334 44295 127934
101600 73593 89602
73593 89602 101600
89602 73593 101600
21698 36504 52461
36504 21698 52461
52461 21698 36504
145050 57641 108153
57641 108153 145050
108153 57641 145050
687 70708 72647
70708 687 72647
72647 687 70708
16889 91336 108217
91336 16889 108217
108217 16889 91336
56100 49657 106975
106975 49657 56100
49657 56100 106975
146234 18417 22987
22987 18417 146234
18417 22987 146234
116792 32369 108929
108929 32369 116792
32369 108929 116792
16353 43953 77990
77990 16353 43953
43953 16353 77990
117844 40295 134091
40295 117844 134091
134091 40295 117844
25477 24678 107548
24678 25477 107548
107548 24678 25477
76553 8325 10374
8325 10374 76553
10374 8325 76553
52596 57521 111537
111537 52596 57521
57521 52596 111537
18819 45530 57726
57726 18819 45530
45530 18819 57726
106201 24504 79161
24504 79161 106201
79161 24504 106201
54625 12521 62573
62573 12521 54625
12521 54625 62573
35589 111818 117598
117598 35589 111818
111818 35589 117598
17863 140892 147751
140892 17863 147751
147751 17863 140892
111163 3297 65092
3297 65092 111163
65092 3297 111163
51630 3265 76526
76526 3265 51630
3265 51630 76526
134196 19631 25106
25106 19631 134196
19631 25106 134196
65250 18062 31705
18062 31705 65250
31705 18062 65250
149533 7727 119234
119234 7727 149533
7727 119234 149533
106461 43254 126105
126105 43254 106461
43254 106461 126105
30443 60750 112016
60750 30443 112016
112016 30443 60750
123712 103370 143533
143533 103370 123712
103370 123712 143533
146380 58955 68938
68938 58955 146380
58955 68938 146380
3817 28695 98669
28695 3817 98669
98669 3817 28695
144162 28358 149701
28358 144162 149701
149701 28358 144162
56199 31484 136234
136234 31484 56199
31484 56199 136234
69895 43536 58752
58752 43536 69895
43536 58752 69895
39090 22853 77228
22853 39090 77228
77228 22853 39090
59577 18466 109480
109480 18466 59577
18466 59577 109480
115300 140068 149861
149861 115300 140068
140068 115300 149861
72506 145541 148899
148899 72506 145541
145541 72506 148899
45655 15703 103619
15703 45655 103619
103619 15703 45655
31424 47319 106620
106620 31424 47319
47319 31424 106620
146086 41246 73659
73659 41246 146086
41246 73659 146086
99096 120514 133127
120514 99096 133127
133127 99096 120514
45523 9269 14556
9269 14556 45523
14556 9269 45523
125280 25208 66004
25208 66004 125280
66004 25208 125280
38733 47596 148598
47596 38733 148598
148598 38733 47596
29369 29361 147260
29361 29369 147260
147260 29361 29369
91834 78566 106139
106139 78566 91834
78566 91834 106139
53306 18638 143936
18638 53306 143936
143936 18638 53306
121347 60859 140792
140792 60859 121347
60859 121347 140792
107352 49450 58365
58365 49450 107352
49450 58365 107352
19924 37852 116336
116336 19924 37852
37852 19924 116336
113389 106137 136577
136577 106137 113389
106137 113389 136577
77539 84853 138582
84853 77539 138582
138582 77539 84853
111454 68769 113187
113187 68769 111454
68769 111454 113187
49939 89279 147731
89279 49939 147731
147731 49939 89279
92862 125817 133146
133146 92862 125817
125817 92862 133146
45008 138924 140015
138924 45008 140015
140015 45008 138924
84133 41253 91914
91914 41253 84133
41253 84133 91914
123497 11608 26842
26842 11608 123497
11608 26842 123497
69628 54120 121987
54120 69628 121987
121987 54120 69628
129619 18689 44348
18689 44348 129619
44348 18689 129619
68921 37692 143418
143418 37692 68921
37692 68921 143418
450 52516 59073
59073 450 52516
52516 450 59073
28056 1187 66776
66776 1187 28056
1187 28056 66776
99316 67937 94841
67937 94841 99316
94841 67937 99316
43992 100703 127896
127896 43992 100703
100703 43992 127896
78585 4572 12505
12505 4572 78585
4572 12505 78585
56850 97554 145743
145743 56850 97554
97554 56850 145743
15111 5717 86566
5717 15111 86566
86566 5717 15111
41965 715 129891
129891 715 41965
715 41965 129891
31237 38031 103296
103296 31237 38031
38031 31237 103296
84679 8305 71222
71222 8305 84679
8305 71222 84679
49496 23512 137612
137612 23512 49496
23512 49496 137612
6834 51962 69338
51962 6834 69338
69338 6834 51962
11045 58630 58681
58681 11045 58630
58630 11045 58681
7659 7816 8966
8966 7659 7816
7816 7659 8966
25671 119298 135071
119298 25671 135071
135071 25671 119298
25650 83508 116097
83508 25650 116097
116097 25650 83508
127376 21593 74490
74490 21593 127376
21593 74490 127376
66575 50588 104578
50588 66575 104578
104578 50588 66575
41917 106511 107916
107916 41917 106511
106511 41917 107916
48686 33919 140147
140147 33919 48686
33919 48686 140147
39161 78009 147902
147902 39161 78009
78009 39161 147902
118592 16845 123188
123188 16845 118592
16845 118592 123188
57045 40875 46768
46768 40875 57045
40875 46768 57045
78824 58979 101880
58979 78824 101880
101880 58979 78824
77447 33123 141134
33123 77447 141134
141134 33123 77447
50819 59956 68729
59956 50819 68729
68729 50819 59956
14419 36778 68360
36778 14419 68360
68360 14419 36778
35480 2969 101790
101790 2969 35480
2969 35480 101790
99832 27518 136463
136463 27518 99832
27518 99832 136463
37787 77319 136206
136206 37787 77319
77319 37787 136206
63320 11810 34995
34995 11810 63320
11810 34995 63320
75881 77191 136098
77191 75881 136098
136098 75881 77191
10095 110908 149249
149249 10095 110908
110908 10095 149249
145143 87090 113947
87090 113947 145143
113947 87090 145143
144996 38906 143751
38906 143751 144996
143751 38906 144996
62391 10617 100294
100294 10617 62391
10617 62391 100294
107990 12365 101586
101586 12365 107990
12365 101586 107990
127914 39353 85103
85103 39353 127914
39353 85103 127914
105707 4692 22176
22176 4692 105707
4692 22176 105707
23983 20671 105720
20671 23983 105720
105720 20671 23983
9778 79162 121349
79162 9778 121349
121349 9778 79162
57763 118582 142576
118582 57763 142576
142576 57763 118582
38630 138327 140082
138327 38630 140082
140082 38630 138327
108906 67624 83625
67624 83625 108906
83625 67624 108906
7458 5482 98788
5482 7458 98788
98788 5482 7458
103587 20373 143912
143912 20373 103587
20373 103587 143912
28088 13161 84909
13161 28088 84909
84909 13161 28088
16486 125750 141519
125750 16486 141519
141519 16486 125750
24708 57085 112448
112448 24708 57085
57085 24708 112448
145761 12034 71845
12034 71845 145761
71845 12034 145761
125499 128970 141483
141483 125499 128970
128970 125499 141483
117592 52630 130688
130688 52630 117592
52630 117592 130688
39519 87924 118492
118492 39519 87924
87924 39519 118492
3150 68713 89022
89022 3150 68713
68713 3150 89022
128385 730 22018
22018 730 128385
730 22018 128385
21817 10896 137734
137734 10896 21817
10896 21817 137734
124092 19210 36162
19210 36162 124092
36162 19210 124092
65991 98787 114324
114324 65991 98787
98787 65991 114324
106830 96729 130084
96729 106830 130084
130084 96729 106830
49507 72676 133579
72676 49507 133579
133579 49507 72676
54415 34684 46996
34684 46996 54415
46996 34684 54415
64255 92017 131776
131776 64255 92017
92017 64255 131776
42936 41091 91127
41091 42936 91127
91127 41091 42936
132233 4345 116762
4345 116762 132233
116762 4345 132233
12601 11413 26881
26881 11413 12601
11413 12601 26881
65103 40897 84762
84762 40897 65103
40897 65103 84762
69575 40565 44466
44466 40565 69575
40565 44466 69575
97913 96216 134206
134206 96216 97913
96216 97913 134206
42168 133167 149051
133167 42168 149051
149051 42168 133167
18840 79962 149563
149563 18840 79962
79962 18840 149563
9027 55011 135748
55011 9027 135748
135748 9027 55011
93517 71912 82070
82070 71912 93517
71912 82070 93517
17800 67308 133767
67308 17800 133767
133767 17800 67308
22052 131167 137489
131167 22052 137489
137489 22052 131167
82388 35206 140548
35206 82388 140548
140548 35206 82388
60183 131 27424
27424 131 60183
131 27424 60183
37863 23952 41036
23952 37863 41036
41036 23952 37863
49264 115091 115496
115091 49264 115496
115496 49264 115091
28449 81841 118001
118001 28449 81841
81841 28449 118001
45071 103977 123721
123721 45071 103977
103977 45071 123721
90343 62887 128371
62887 90343 128371
128371 62887 90343
59408 3570 141306
141306 3570 59408
3570 59408 141306
74581 17132 35635
35635 17132 74581
17132 35635 74581
88205 41539 136532
136532 41539 88205
41539 88205 136532
94619 67077 68626
68626 67077 94619
67077 68626 94619
468 22087 101966
101966 468 22087
22087 468 101966
128965 830 34904
34904 830 128965
830 34904 128965
46147 69679 134350
134350 46147 69679
69679 46147 134350
27313 4349 95709
95709 4349 27313
4349 27313 95709
10785 7008 14668
14668 7008 10785
7008 10785 14668
149424 122242 127059
122242 127059 149424
127059 122242 149424
70249 54290 113145
54290 70249 113145
113145 54290 70249
49897 11273 53768
11273 49897 53768
53768 11273 49897
141666 7345 61455
7345 61455 141666
61455 7345 141666
105497 71470 85104
71470 85104 105497
85104 71470 105497
51402 31751 44427
44427 31751 51402
31751 44427 51402
110712 35401 138834
35401 110712 138834
138834 35401 110712
16283 29180 37997
37997 16283 29180
29180 16283 37997
66731 96823 120689
120689 66731 96823
96823 66731 120689
103720 45529 61132
61132 45529 103720
45529 61132 103720
28378 133646 145580
145580 28378 133646
133646 28378 145580
22155 28636 47123
47123 22155 28636
28636 22155 47123
13419 10011 145441
10011 13419 145441
145441 10011 13419
124573 28052 131642
131642 28052 124573
28052 124573 131642
11270 49468 74261
49468 11270 74261
74261 11270 49468
137563 105751 148575
105751 137563 148575
148575 105751 137563
40765 20963 96749
96749 20963 40765
20963 40765 96749
108004 14213 136363
14213 108004 136363
136363 14213 108004
9812 13691 141858
13691 9812 141858
141858 9812 13691
111285 100979 107058
107058 100979 111285
100979 107058 111285
139660 7030 19399
7030 19399 139660
19399 7030 139660
146504 29942 81186
81186 29942 146504
29942 81186 146504
61986 41669 121250
121250 41669 61986
41669 61986 121250
104857 63882 139809
63882 104857 139809
139809 63882 104857
122952 20651 71782
71782 20651 122952
20651 71782 122952
61901 8519 145551
145551 8519 61901
8519 61901 145551
143935 58640 91861
58640 91861 143935
91861 58640 143935
95361 83149 89742
83149 89742 95361
89742 83149 95361
39297 96913 131312
96913 39297 131312
131312 39297 96913
34505 61364 141560
61364 34505 141560
141560 34505 61364
136568 44279 73495
73495 44279 136568
44279 73495 136568
34973 75921 90888
75921 34973 90888
90888 34973 75921
1518 15014 26518
26518 1518 15014
15014 1518 26518
137230 14309 97979
97979 14309 137230
14309 97979 137230
99045 3402 32528
3402 32528 99045
32528 3402 99045
42687 35479 122479
35479 42687 122479
122479 35479 42687
107210 62257 106913
62257 106913 107210
106913 62257 107210
75579 91549 148425
91549 75579 148425
148425 75579 91549
135471 24098 80193
80193 24098 135471
24098 80193 135471
9716 12884 41552
12884 9716 41552
41552 9716 12884
68804 53324 74885
74885 53324 68804
53324 68804 74885
7201 46099 61186
46099 7201 61186
61186 7201 46099
7642 33053 105162
33053 7642 105162
105162 7642 33053
115839 73256 140934
140934 73256 115839
73256 115839 140934
109833 26350 118576
118576 26350 109833
26350 109833 118576
40406 74297 109349
74297 40406 109349
109349 40406 74297
138774 35393 97606
35393 97606 138774
97606 35393 138774
56714 15065 124198
15065 56714 124198
124198 15065 56714
97218 5855 91186
5855 91186 97218
91186 5855 97218
114498 16312 54396
54396 16312 114498
16312 54396 114498
105930 17623 99356
99356 17623 105930
17623 99356 105930
6568 5215 39435
39435 5215 6568
5215 6568 39435
118104 29367 132893
29367 118104 132893
132893 29367 118104
91252 37189 124601
37189 91252 124601
124601 37189 91252
19137 21925 68774
68774 19137 21925
21925 19137 68774
140103 16649 69816
69816 16649 140103
16649 69816 140103
65835 31186 95573
95573 31186 65835
31186 65835 95573
15119 130938 148586
148586 15119 130938
130938 15119 148586
44648 62136 134992
62136 44648 134992
134992 44648 62136
12929 1274 46791
46791 1274 12929
1274 12929 46791
6735 68368 143005
68368 6735 143005
143005 6735 68368
147644 49637 53408
49637 53408 147644
53408 49637 147644
39919 24657 112907
112907 24657 39919
24657 39919 112907
18412 10409 87836
10409 18412 87836
87836 10409 18412
138104 27951 104965
27951 104965 138104
104965 27951 138104
135979 4398 135942
135942 4398 135979
4398 135942 135979
29141 69853 148138
69853 29141 148138
148138 29141 69853
27946 19973 59455
19973 27946 59455
59455 19973 27946
70123 48091 52170
52170 48091 70123
48091 52170 70123
60665 80604 102396
80604 60665 102396
102396 60665 80604
111119 63397 119846
63397 111119 119846
119846 63397 111119
51635 58917 113639
113639 51635 58917
58917 51635 113639
26341 58277 140839
58277 26341 140839
140839 26341 58277
129042 45981 115356
45981 115356 129042
115356 45981 129042
8929 12512 116377
116377 8929 12512
12512 8929 116377
87150 4845 137243
4845 87150 137243
137243 4845 87150
53180 75352 139037
139037 53180 75352
75352 53180 139037
65993 133237 146345
133237 65993 146345
146345 65993 133237
5520 42016 132909
132909 5520 42016
42016 5520 132909
100061 25651 108100
108100 25651 100061
25651 100061 108100
26916 108019 130371
108019 26916 130371
130371 26916 108019
36213 43748 124190
43748 36213 124190
124190 36213 43748
90647 39811 134401
134401 39811 90647
39811 90647 134401
93965 65255 102465
65255 93965 102465
102465 65255 93965
69508 17948 140546
140546 17948 69508
17948 69508 140546
142445 36155 121132
121132 36155 142445
36155 121132 142445
34796 55109 141310
141310 34796 55109
55109 34796 141310
113230 52574 52758
52574 52758 113230
52758 52574 113230
127254 15775 96179
96179 15775 127254
15775 96179 127254
83689 27011 108198
108198 27011 83689
27011 83689 108198
24644 110816 128933
128933 24644 110816
110816 24644 128933
84356 6038 75734
6038 75734 84356
75734 6038 84356
128929 73232 76928
76928 73232 128929
73232 76928 128929
21407 12400 26269
12400 21407 26269
26269 12400 21407
120474 14118 87255
14118 87255 120474
87255 14118 120474
21966 28613 130074
130074 21966 28613
28613 21966 130074
102242 96348 103334
96348 102242 103334
103334 96348 102242
30970 3705 136357
136357 3705 30970
3705 30970 136357
55460 21202 33662
33662 21202 55460
21202 33662 55460
103645 7264 9875
7264 9875 103645
9875 7264 103645
146328 99731 127011
127011 99731 146328
99731 127011 146328
137668 27887 97435
27887 97435 137668
97435 27887 137668
44414 66625 97328
97328 44414 66625
66625 44414 97328
119123 58646 93463
58646 93463 119123
93463 58646 119123
132276 52538 58766
58766 52538 132276
52538 58766 132276
26686 69261 137355
137355 26686 69261
69261 26686 137355
58128 36525 44753
36525 44753 58128
44753 36525 58128
63888 87592 92408
87592 63888 92408
92408 63888 87592
76413 35127 87138
87138 35127 76413
35127 76413 87138
91304 24502 82611
24502 82611 91304
82611 24502 91304
54382 56702 69200
69200 54382 56702
56702 54382 69200
114046 30646 55273
55273 30646 114046
30646 55273 114046
99708 46511 64160
64160 46511 99708
46511 64160 99708
119011 26964 96826
26964 96826 119011
96826 26964 119011
95199 99267 102417
99267 95199 102417
102417 95199 99267
47062 42309 48663
48663 42309 47062
42309 47062 48663
15641 59025 137901
59025 15641 137901
137901 15641 59025
96285 10635 113934
10635 96285 113934
113934 10635 96285
8207 52064 118634
118634 8207 52064
52064 8207 118634
57336 40835 104319
104319 40835 57336
40835 57336 104319
126826 25961 111630
25961 111630 126826
111630 25961 126826
62638 38242 114841
114841 38242 62638
38242 62638 114841
107250 10769 125357
125357 10769 107250
10769 107250 125357
105093 28818 36157
36157 28818 105093
28818 36157 105093
49086 45145 101739
101739 45145 49086
45145 49086 101739
25620 86236 139034
86236 25620 139034
139034 25620 86236
45141 64214 71415
64214 45141 71415
71415 45141 64214
4445 60532 97632
97632 4445 60532
60532 4445 97632
41262 122025 139448
122025 41262 139448
139448 41262 122025
108765 78281 81830
78281 81830 108765
81830 78281 108765
122961 6979 86196
86196 6979 122961
6979 86196 122961
43074 40294 137587
40294 43074 137587
137587 40294 43074
144734 13946 137961
137961 13946 144734
13946 137961 144734
146640 1110 12211
1110 12211 146640
12211 1110 146640
112351 73881 94578
73881 94578 112351
94578 73881 112351
142862 86705 113290
113290 86705 142862
86705 113290 142862
89937 24779 116014
116014 24779 89937
24779 89937 116014
57834 100830 116439
116439 57834 100830
100830 57834 116439
101742 71950 78388
71950 78388 101742
78388 71950 101742
21879 89254 113672
113672 21879 89254
89254 21879 113672
75797 48859 116750
48859 75797 116750
116750 48859 75797
141999 33623 143804
33623 141999 143804
143804 33623 141999
149629 22236 144472
22236 144472 149629
144472 22236 149629
133903 51615 94127
94127 51615 133903
51615 94127 133903
95454 43317 123594
43317 95454 123594
123594 43317 95454
72844 125985 128803
128803 72844 125985
125985 72844 128803
55769 63499 109421
63499 55769 109421
109421 55769 63499
143855 14489 36255
36255 14489 143855
14489 36255 143855
36171 62880 66356
62880 36171 66356
66356 36171 62880
61893 22683 38922
22683 38922 61893
38922 22683 61893
60223 35600 109648
35600 60223 109648
109648 35600 60223
140884 66817 107578
107578 66817 140884
66817 107578 140884
113837 48523 71440
48523 71440 113837
71440 48523 113837
819 54916 67691
54916 819 67691
67691 819 54916
24535 19094 72936
72936 19094 24535
19094 24535 72936
133490 17541 41346
17541 41346 133490
41346 17541 133490
29565 43928 107410
107410 29565 43928
43928 29565 107410
149648 33277 82684
82684 33277 149648
33277 82684 149648
24782 85836 129602
85836 24782 129602
129602 24782 85836
135070 7495 14242
14242 7495 135070
7495 14242 135070
29508 119127 122676
119127 29508 122676
122676 29508 119127
40341 30159 73476
73476 30159 40341
30159 40341 73476
54935 114062 142552
114062 54935 142552
142552 54935 114062
111156 37573 73103
37573 73103 111156
73103 37573 111156
78442 76152 92651
76152 78442 92651
92651 76152 78442
108879 2563 84146
2563 84146 108879
84146 2563 108879
27932 84816 115920
115920 27932 84816
84816 27932 115920
132630 118621 139319
139319 118621 132630
118621 132630 139319
15415 87983 149970
87983 15415 149970
149970 15415 87983
68538 91187 100789
100789 68538 91187
91187 68538 100789
48634 58786 99006
99006 48634 58786
58786 48634 99006
5295 6850 69406
6850 5295 69406
69406 5295 6850
88785 6837 45660
6837 45660 88785
45660 6837 88785
79682 61107 90048
61107 79682 90048
90048 61107 79682
71937 10484 75918
75918 10484 71937
10484 71937 75918
33383 99771 129484
129484 33383 99771
99771 33383 129484
92872 39329 40514
39329 40514 92872
40514 39329 92872
100756 95987 109752
95987 100756 109752
109752 95987 100756
117717 16296 60044
16296 60044 117717
60044 16296 117717
41951 70763 75625
70763 41951 75625
75625 41951 70763
49194 5655 37264
37264 5655 49194
5655 37264 49194
41601 18534 34868
34868 18534 41601
18534 34868 41601
19493 52985 94465
52985 19493 94465
94465 19493 52985
96629 11638 91904
91904 11638 96629
11638 91904 96629
23400 104531 120625
120625 23400 104531
104531 23400 120625
68785 52543 138181
138181 52543 68785
52543 68785 138181
73022 3351 91872
3351 73022 91872
91872 3351 73022
71824 59550 87484
87484 59550 71824
59550 71824 87484
141120 72953 120655
72953 120655 141120
120655 72953 141120
128312 34313 66657
66657 34313 128312
34313 66657 128312
62251 14570 74075
74075 14570 62251
14570 62251 74075
87042 71682 149207
149207 71682 87042
71682 87042 149207
44779 59512 64929
64929 44779 59512
59512 44779 64929
20591 49397 71821
49397 20591 71821
71821 20591 49397
19469 20599 131407
131407 19469 20599
20599 19469 131407
93187 15256 115306
15256 93187 115306
115306 15256 93187
38259 118551 139542
118551 38259 139542
139542 38259 118551
49443 83944 84135
83944 49443 84135
84135 49443 83944
123501 79516 98985
98985 79516 123501
79516 98985 123501
44738 4098 132282
4098 44738 132282
132282 4098 44738
138775 10163 109520
109520 10163 138775
10163 109520 138775
72218 64338 86248
86248 64338 72218
64338 72218 86248
90373 46310 108439
108439 46310 90373
46310 90373 108439
14105 59566 146698
146698 14105 59566
59566 14105 146698
113281 66890 108122
108122 66890 113281
66890 108122 113281
89213 25336 84449
25336 84449 89213
84449 25336 89213
25082 123880 144517
144517 25082 123880
123880 25082 144517
7420 59812 81471
59812 7420 81471
81471 7420 59812
139907 59194 90613
59194 90613 139907
90613 59194 139907
30863 50690 148559
148559 30863 50690
50690 30863 148559
80498 13095 104331
13095 80498 104331
104331 13095 80498
82944 29259 51416
29259 51416 82944
51416 29259 82944
131812 5219 88694
5219 88694 131812
88694 5219 131812
32304 79708 148929
79708 32304 148929
148929 32304 79708
78189 25232 31005
31005 25232 78189
25232 31005 78189
48077 36175 123696
36175 48077 123696
123696 36175 48077
124998 8508 38181
8508 38181 124998
38181 8508 124998
52670 44929 45789
44929 45789 52670
45789 44929 52670
12266 113092 129309
113092 12266 129309
129309 12266 113092
21211 22116 50185
50185 21211 22116
22116 21211 50185
62969 12652 72890
72890 12652 62969
12652 62969 72890
40056 43599 64544
43599 40056 64544
64544 40056 43599
148648 32872 113742
32872 113742 148648
113742 32872 148648
73641 86200 115510
86200 73641 115510
115510 73641 86200
24872 123731 145224
145224 24872 123731
123731 24872 145224
61146 9578 137259
9578 61146 137259
137259 9578 61146
45524 95195 109951
95195 45524 109951
109951 45524 95195
19049 53708 147580
53708 19049 147580
147580 19049 53708
42788 18518 79531
18518 42788 79531
79531 18518 42788
147517 49864 107722
49864 107722 147517
107722 49864 147517
124343 28143 52233
28143 52233 124343
52233 28143 124343
65033 14216 141938
141938 14216 65033
14216 65033 141938
50261 37310 75021
75021 37310 50261
37310 50261 75021
50140 100265 124327
100265 50140 124327
124327 50140 100265
80742 1085 61775
61775 1085 80742
1085 61775 80742
96029 23538 87967
87967 23538 96029
23538 87967 96029
49769 41441 133136
41441 49769 133136
133136 41441 49769
56549 91314 115846
91314 56549 115846
115846 56549 91314
123784 32628 72105
32628 72105 123784
72105 32628 123784
1070 8756 92716
92716 1070 8756
8756 1070 92716
82336 9464 146615
9464 82336 146615
146615 9464 82336
59858 1202 69209
69209 1202 59858
1202 59858 69209
91164 12236 80191
12236 80191 91164
80191 12236 91164
102392 34986 84413
84413 34986 102392
34986 84413 102392
147894 529 113511
113511 529 147894
529 113511 147894
146873 32638 104212
32638 104212 146873
104212 32638 146873
118518 132815 146429
132815 118518 146429
146429 118518 132815
108237 39918 111324
111324 39918 108237
39918 108237 111324
21762 20472 82296
82296 20472 21762
20472 21762 82296
23307 80092 89006
89006 23307 80092
80092 23307 89006
142292 67118 70689
70689 67118 142292
67118 70689 142292
116879 62481 84352
84352 62481 116879
62481 84352 116879
55122 26314 49039
26314 49039 55122
49039 26314 55122
145594 87097 95602
87097 95602 145594
95602 87097 145594
143447 64996 75934
75934 64996 143447
64996 75934 143447
42200 5439 137832
137832 5439 42200
5439 42200 137832
49826 31927 40275
31927 40275 49826
40275 31927 49826
2828 106637 149481
149481 2828 106637
106637 2828 149481
71407 107699 120832
120832 71407 107699
107699 71407 120832
35331 84327 106058
106058 35331 84327
84327 35331 106058
7436 36597 55488
36597 7436 55488
55488 7436 36597
98055 62332 140960
62332 98055 140960
140960 62332 98055
20444 88808 140467
88808 20444 140467
140467 20444 88808
128796 112631 128503
128503 112631 128796
112631 128503 128796
66199 32442 52182
52182 32442 66199
32442 52182 66199
539 58470 85928
85928 539 58470
58470 539 85928
19025 79956 137154
137154 19025 79956
79956 19025 137154
64565 74564 108657
74564 64565 108657
108657 64565 74564
40814 2234 91330
91330 2234 40814
2234 40814 91330
27468 421 728
728 421 27468
421 728 27468
134724 32014 98601
98601 32014 134724
32014 98601 134724
69771 1811 139654
1811 69771 139654
139654 1811 69771
13789 549 28797
549 13789 28797
28797 549 13789
29957 46600 97939
46600 29957 97939
97939 29957 46600
48604 29881 117346
29881 48604 117346
117346 29881 48604
36109 11802 22042
11802 22042 36109
22042 11802 36109
63289 9757 41731
41731 9757 63289
9757 41731 63289
39533 102557 148034
148034 39533 102557
102557 39533 148034
7553 58420 92756
92756 7553 58420
58420 7553 92756
10296 18464 27450
18464 10296 27450
27450 10296 18464
32188 61064 81156
61064 32188 81156
81156 32188 61064
268 29104 89206
89206 268 29104
29104 268 89206
3326 74168 110358
74168 3326 110358
110358 3326 74168
63928 51278 74409
51278 63928 74409
74409 51278 63928
129043 73249 109330
73249 109330 129043
109330 73249 129043
78962 10502 140610
10502 78962 140610
140610 10502 78962
114689 100974 130588
130588 100974 114689
100974 114689 130588
140917 1235 33873
1235 33873 140917
33873 1235 140917
109052 64379 114301
64379 109052 114301
114301 64379 109052
128378 33693 72001
72001 33693 128378
33693 72001 128378
28765 70246 142503
142503 28765 70246
70246 28765 142503
49126 89786 130562
89786 49126 130562
130562 49126 89786
72784 30299 72751
72751 30299 72784
30299 72751 72784
36543 51494 138340
51494 36543 138340
138340 36543 51494
84205 616 18452
18452 616 84205
616 18452 84205
38991 26400 91801
91801 26400 38991
26400 38991 91801
65454 38253 107249
107249 38253 65454
38253 65454 107249
122001 52513 73993
73993 52513 122001
52513 73993 122001
83087 36121 72970
72970 36121 83087
36121 72970 83087
11295 12056 59028
59028 11295 12056
12056 11295 59028
27997 41679 137756
41679 27997 137756
137756 27997 41679
118148 90740 122837
122837 90740 118148
90740 118148 122837
130769 11411 141426
11411 130769 141426
141426 11411 130769
39743 15552 120911
120911 15552 39743
15552 39743 120911
99308 12089 27747
12089 27747 99308
27747 12089 99308
106565 6146 110273
6146 106565 110273
110273 6146 106565
20264 52577 129418
129418 20264 52577
52577 20264 129418
76629 17057 34584
17057 34584 76629
34584 17057 76629
132817 33384 138948
