1201 3784 4557
4557 1201 3784
3784 1201 4557
10178 7900 8004
8004 7900 10178
7900 8004 10178
12770 6504 11353
6504 11353 12770
11353 6504 12770
3445 1530 7340
1530 3445 7340
7340 1530 3445
9228 2789 13020
13020 2789 9228
2789 9228 13020
11845 229 13406
13406 229 11845
229 11845 13406
2075 2061 10676
2061 2075 10676
10676 2061 2075
9579 1768 7866
7866 1768 9579
1768 7866 9579
12088 1723 5722
1723 5722 12088
5722 1723 12088
13099 7646 12230
7646 12230 13099
12230 7646 13099
3625 4031 6978
6978 3625 4031
4031 3625 6978
8322 4860 14259
4860 8322 14259
14259 4860 8322
13855 10405 12943
12943 10405 13855
10405 12943 13855
2888 12370 14744
12370 2888 14744
14744 2888 12370
2404 5164 8438
8438 2404 5164
5164 2404 8438
1680 6273 11335
6273 1680 11335
11335 1680 6273
14324 3022 8271
3022 8271 14324
8271 3022 14324
8333 2679 14968
2679 8333 14968
14968 2679 8333
11317 4327 14341
14341 4327 11317
4327 11317 14341
350 28 3454
28 350 3454
3454 28 350
11749 1257 9680
9680 1257 11749
1257 9680 11749
5925 13433 14130
13433 5925 14130
14130 5925 13433
8415 10927 11539
11539 8415 10927
10927 8415 11539
8730 999 2525
999 2525 8730
2525 999 8730
8058 4143 14440
4143 8058 14440
14440 4143 8058
14177 10286 12737
12737 10286 14177
10286 12737 14177
5861 3061 4552
4552 3061 5861
3061 4552 5861
14554 6336 11578
6336 11578 14554
11578 6336 14554
2462 6807 13768
6807 2462 13768
13768 2462 6807
13999 6792 10052
6792 10052 13999
10052 6792 13999
6008 2803 6759
6759 2803 6008
2803 6008 6759
5973 13108 14985
14985 5973 13108
13108 5973 14985
881 2722 8558
8558 881 2722
2722 881 8558
3672 8661 14037
8661 3672 14037
14037 3672 8661
4786 7517 14890
14890 4786 7517
7517 4786 14890
4244 3447 9239
9239 3447 4244
3447 4244 9239
9411 3010 8791
8791 3010 9411
3010 8791 9411
4438 6755 8468
8468 4438 6755
6755 4438 8468
910 969 8985
969 910 8985
8985 910 969
7656 12564 12970
12564 7656 12970
12970 7656 12564
7546 1548 11147
11147 1548 7546
1548 7546 11147
11199 1615 10551
10551 1615 11199
1615 10551 11199
5944 186 5924
186 5924 5944
5924 186 5944
1301 4339 9912
9912 1301 4339
4339 1301 9912
2122 10438 13846
13846 2122 10438
10438 2122 13846
4130 14949 14977
14949 4130 14977
14977 4130 14949
4122 6049 6816
6049 4122 6816
6816 4122 6049
6595 3754 7220
3754 6595 7220
7220 3754 6595
1179 4999 8295
8295 1179 4999
4999 1179 8295
10261 2502 5673
2502 5673 10261
5673 2502 10261
8161 9865 13056
13056 8161 9865
9865 8161 13056
14240 80 12620
12620 80 14240
80 12620 14240
6682 7353 12799
7353 6682 12799
12799 6682 7353
10346 5940 13836
13836 5940 10346
5940 10346 13836
650 7014 11550
7014 650 11550
11550 650 7014
13195 7192 11406
7192 11406 13195
11406 7192 13195
6557 8574 9770
9770 6557 8574
8574 6557 9770
1459 10804 12629
12629 1459 10804
10804 1459 12629
2372 2624 7140
2624 2372 7140
7140 2372 2624
8844 9549 10530
9549 8844 10530
10530 8844 9549
2205 9360 9666
9360 2205 9666
9666 2205 9360
11872 6533 13349
13349 6533 11872
6533 11872 13349
65 4875 14288
14288 65 4875
4875 65 14288
6915 4441 4914
4441 4914 6915
4914 4441 6915
5499 1828 13231
13231 1828 5499
1828 5499 13231
581 2629 12835
12835 581 2629
2629 581 12835
6101 3890 9872
9872 3890 6101
3890 6101 9872
10957 6719 10826
6719 10826 10957
10826 6719 10957
9699 320 6744
320 6744 9699
6744 320 9699
13350 5267 10752
10752 5267 13350
5267 10752 13350
2158 1563 5180
1563 2158 5180
5180 1563 2158
4142 97 12199
97 4142 12199
12199 97 4142
7174 2598 4119
2598 4119 7174
4119 2598 7174
8818 3901 8712
8712 3901 8818
3901 8712 8818
9264 5758 7096
7096 5758 9264
5758 7096 9264
50 9257 11201
11201 50 9257
9257 50 11201
12696 8621 10097
8621 10097 12696
10097 8621 12696
10289 3255 6229
6229 3255 10289
3255 6229 10289
7632 721 13132
721 7632 13132
13132 721 7632
3649 2247 14190
2247 3649 14190
14190 2247 3649
3783 2967 4307
2967 3783 4307
4307 2967 3783
10104 6522 11685
6522 10104 11685
11685 6522 10104
4695 9290 14342
9290 4695 14342
14342 4695 9290
8918 4759 10087
4759 8918 10087
10087 4759 8918
11965 4469 10308
4469 10308 11965
10308 4469 11965
3537 8207 13216
8207 3537 13216
13216 3537 8207
3029 11017 11595
11595 3029 11017
11017 3029 11595
9488 96 7855
96 7855 9488
7855 96 9488
4209 242 2541
2541 242 4209
242 2541 4209
3541 1978 2253
1978 2253 3541
2253 1978 3541
7763 812 9493
9493 812 7763
812 7763 9493
5828 9138 10511
9138 5828 10511
10511 5828 9138
3834 1521 5575
5575 1521 3834
1521 3834 5575
13878 2691 2824
2691 2824 13878
2824 2691 13878
43 4045 9407
4045 43 9407
9407 43 4045
4457 7357 11665
11665 4457 7357
7357 4457 11665
11702 5565 10229
10229 5565 11702
5565 10229 11702
8203 2441 11772
11772 2441 8203
2441 8203 11772
3887 1385 7395
1385 3887 7395
7395 1385 3887
1898 8539 12402
8539 1898 12402
12402 1898 8539
14778 60 4736
4736 60 14778
60 4736 14778
11992 10036 11072
10036 11072 11992
11072 10036 11992
13533 5592 12264
12264 5592 13533
5592 12264 13533
15 371 4148
4148 15 371
371 15 4148
11813 6356 11079
6356 11079 11813
11079 6356 11813
7672 7777 10582
10582 7672 7777
7777 7672 10582
380 142 4120
4120 142 380
142 380 4120
6031 12009 13338
13338 6031 12009
12009 6031 13338
8535 6366 12130
6366 8535 12130
12130 6366 8535
5935 12309 14795
14795 5935 12309
12309 5935 14795
4065 551 2747
2747 551 4065
551 2747 4065
10333 8751 13795
13795 8751 10333
8751 10333 13795
9424 4642 12440
12440 4642 9424
4642 9424 12440
7200 1322 12901
12901 1322 7200
1322 7200 12901
2535 13995 14748
14748 2535 13995
13995 2535 14748
7717 7343 13486
7343 7717 13486
13486 7343 7717
9584 4360 7185
4360 7185 9584
7185 4360 9584
14133 9406 12844
12844 9406 14133
9406 12844 14133
14189 6150 8449
8449 6150 14189
6150 8449 14189
10598 8024 13803
8024 10598 13803
13803 8024 10598
923 9992 10932
9992 923 10932
10932 923 9992
236 7759 13002
13002 236 7759
7759 236 13002
7942 734 11459
734 7942 11459
11459 734 7942
11001 3060 14016
14016 3060 11001
3060 11001 14016
2198 2396 11052
11052 2198 2396
2396 2198 11052
4737 1732 10723
1732 4737 10723
10723 1732 4737
8311 856 5271
5271 856 8311
856 5271 8311
7243 12875 13702
12875 7243 13702
13702 7243 12875
8028 6963 7048
7048 6963 8028
6963 7048 8028
13441 13549 13553
13553 13441 13549
13549 13441 13553
13151 3548 7885
7885 3548 13151
3548 7885 13151
7760 69 276
69 276 7760
276 69 7760
14089 2880 12443
2880 12443 14089
12443 2880 14089
3781 464 1744
1744 464 3781
464 1744 3781
935 6437 7858
6437 935 7858
7858 935 6437
14212 1762 8141
1762 8141 14212
8141 1762 14212
1951 11487 12608
12608 1951 11487
11487 1951 12608
668 3161 9871
9871 668 3161
3161 668 9871
11089 675 12638
675 11089 12638
12638 675 11089
3115 6520 14658
14658 3115 6520
6520 3115 14658
6604 5441 14371
14371 5441 6604
5441 6604 14371
12877 1470 5512
5512 1470 12877
1470 5512 12877
8729 3492 4830
4830 3492 8729
3492 4830 8729
9511 6579 11149
6579 9511 11149
11149 6579 9511
7388 3385 11148
11148 3385 7388
3385 7388 11148
13617 4198 11794
11794 4198 13617
4198 11794 13617
9176 296 857
296 857 9176
857 296 9176
6989 2150 6435
6435 2150 6989
2150 6435 6989
3177 1391 3052
1391 3052 3177
3052 1391 3177
2416 4936 11202
11202 2416 4936
4936 2416 11202
6855 10625 14424
10625 6855 14424
14424 6855 10625
14710 2155 13984
13984 2155 14710
2155 13984 14710
3376 3301 4895
4895 3301 3376
3301 3376 4895
3889 7154 14955
7154 3889 14955
14955 3889 7154
3372 2021 3230
3230 2021 3372
2021 3230 3372
11330 5457 9349
5457 9349 11330
9349 5457 11330
7650 9528 11176
9528 7650 11176
11176 7650 9528
10395 2673 12741
2673 10395 12741
12741 2673 10395
4189 3666 9051
3666 4189 9051
9051 3666 4189
11054 3646 8592
8592 3646 11054
3646 8592 11054
7003 8785 11477
11477 7003 8785
8785 7003 11477
6199 8647 8739
8739 6199 8647
8647 6199 8739
13709 1229 11300
1229 11300 13709
11300 1229 13709
11652 5500 8970
8970 5500 11652
5500 8970 11652
9256 1002 11909
1002 9256 11909
11909 1002 9256
3770 8092 8195
8195 3770 8092
8092 3770 8195
2433 2696 10597
2696 2433 10597
10597 2433 2696
6827 308 13879
13879 308 6827
308 6827 13879
14680 13334 13921
13921 13334 14680
13334 13921 14680
6794 5048 5903
5048 5903 6794
5903 5048 6794
3555 6646 8387
8387 3555 6646
6646 3555 8387
4269 1004 13149
13149 1004 4269
1004 4269 13149
9885 6471 6729
6729 6471 9885
6471 6729 9885
13762 2529 3947
3947 2529 13762
2529 3947 13762
4259 2818 13895
2818 4259 13895
13895 2818 4259
4680 2004 3964
2004 3964 4680
3964 2004 4680
13743 5510 6784
6784 5510 13743
5510 6784 13743
4380 4937 14272
14272 4380 4937
4937 4380 14272
7636 9047 11513
9047 7636 11513
11513 7636 9047
9125 8582 12018
12018 8582 9125
8582 9125 12018
2388 5005 13344
5005 2388 13344
13344 2388 5005
7619 4486 12898
4486 7619 12898
12898 4486 7619
9315 13290 14108
13290 9315 14108
14108 9315 13290
9132 368 3501
3501 368 9132
368 3501 9132
5332 11648 12466
12466 5332 11648
11648 5332 12466
14435 9954 12292
12292 9954 14435
9954 12292 14435
13574 2177 5438
5438 2177 13574
2177 5438 13574
12337 5353 13930
5353 12337 13930
13930 5353 12337
12858 9212 9671
9671 9212 12858
9212 9671 12858
3821 14264 14929
14929 3821 14264
14264 3821 14929
2151 4718 10993
10993 2151 4718
4718 2151 10993
3955 5598 12360
5598 3955 12360
12360 3955 5598
2791 105 2405
2405 105 2791
105 2405 2791
6996 35 868
868 35 6996
35 868 6996
11859 7377 12851
7377 11859 12851
12851 7377 11859
14601 5264 14430
5264 14430 14601
14430 5264 14601
11554 11370 14194
11370 11554 14194
14194 11370 11554
3771 1526 14139
14139 1526 3771
1526 3771 14139
3860 6535 14102
14102 3860 6535
6535 3860 14102
7320 10294 11274
11274 7320 10294
10294 7320 11274
7258 2584 4461
2584 4461 7258
4461 2584 7258
5851 1838 13387
13387 1838 5851
1838 5851 13387
211 2146 4332
4332 211 2146
2146 211 4332
4535 6182 14379
14379 4535 6182
6182 4535 14379
4061 1502 8579
8579 1502 4061
1502 4061 8579
5609 4187 14746
4187 5609 14746
14746 4187 5609
6162 10546 12214
12214 6162 10546
10546 6162 12214
2162 2613 11593
11593 2162 2613
2613 2162 11593
4842 6134 9704
6134 4842 9704
9704 4842 6134
11278 5208 9605
5208 9605 11278
9605 5208 11278
6819 38 7458
38 6819 7458
7458 38 6819
12074 1091 6436
1091 6436 12074
6436 1091 12074
3262 5712 8863
8863 3262 5712
5712 3262 8863
13371 6878 12887
6878 12887 13371
12887 6878 13371
4626 12176 12841
12176 4626 12841
12841 4626 12176
13255 12846 13517
12846 13255 13517
13517 12846 13255
13467 7331 12729
12729 7331 13467
7331 12729 13467
10288 224 7694
7694 224 10288
224 7694 10288
4846 5339 12995
12995 4846 5339
5339 4846 12995
14188 1793 10419
10419 1793 14188
1793 10419 14188
1519 2360 7042
7042 1519 2360
2360 1519 7042
2954 7231 14734
14734 2954 7231
7231 2954 14734
5158 10010 10430
10430 5158 10010
10010 5158 10430
7001 5251 10042
5251 7001 10042
10042 5251 7001
3917 3637 9151
3637 3917 9151
9151 3637 3917
6264 1164 2524
2524 1164 6264
1164 2524 6264
11152 1945 14701
1945 11152 14701
14701 1945 11152
4596 4072 5551
4072 4596 5551
5551 4072 4596
10830 2052 6685
6685 2052 10830
2052 6685 10830
7946 4293 7588
7588 4293 7946
4293 7588 7946
4322 6796 11169
6796 4322 11169
11169 4322 6796
13083 9561 10599
10599 9561 13083
9561 10599 13083
1407 1344 9633
9633 1344 1407
1344 1407 9633
1590 2350 12349
12349 1590 2350
2350 1590 12349
9195 1232 6854
6854 1232 9195
1232 6854 9195
11216 5076 9302
5076 9302 11216
9302 5076 11216
7470 7439 9677
7439 7470 9677
9677 7439 7470
6103 3105 3707
3105 3707 6103
3707 3105 6103
10815 7248 14846
7248 10815 14846
14846 7248 10815
1953 8010 13710
13710 1953 8010
8010 1953 13710
3628 2195 14163
2195 3628 14163
14163 2195 3628
14438 918 8810
918 8810 14438
8810 918 14438
2879 4325 12366
12366 2879 4325
4325 2879 12366
9318 5562 13460
13460 5562 9318
5562 9318 13460
13256 8267 9461
9461 8267 13256
8267 9461 13256
6204 7601 12621
7601 6204 12621
12621 6204 7601
12053 5573 9977
9977 5573 12053
5573 9977 12053
1036 3397 11189
11189 1036 3397
3397 1036 11189
11021 1429 7324
7324 1429 11021
1429 7324 11021
713 11399 14811
11399 713 14811
14811 713 11399
459 9710 14555
14555 459 9710
9710 459 14555
13004 5199 7427
5199 7427 13004
7427 5199 13004
11007 5365 14466
5365 11007 14466
14466 5365 11007
8084 3563 13006
13006 3563 8084
3563 8084 13006
1599 1067 14827
14827 1067 1599
1067 1599 14827
7484 12736 14905
14905 7484 12736
12736 7484 14905
4560 2419 13840
2419 4560 13840
13840 2419 4560
3950 1146 10713
1146 3950 10713
10713 1146 3950
6628 7994 11405
7994 6628 11405
11405 6628 7994
2184 8103 14098
14098 2184 8103
8103 2184 14098
2401 5885 14099
14099 2401 5885
5885 2401 14099
13430 450 13366
13366 450 13430
450 13366 13430
10138 3793 4882
3793 4882 10138
4882 3793 10138
14756 4712 6119
4712 6119 14756
6119 4712 14756
12618 139 8767
139 8767 12618
8767 139 12618
5998 149 9225
9225 149 5998
149 5998 9225
6002 11082 12619
12619 6002 11082
11082 6002 12619
13820 7068 8214
7068 8214 13820
8214 7068 13820
14469 4109 12763
4109 12763 14469
12763 4109 14469
9691 1358 6214
6214 1358 9691
1358 6214 9691
13196 1503 12310
12310 1503 13196
1503 12310 13196
8778 5153 12628
5153 8778 12628
12628 5153 8778
7812 6843 13493
6843 7812 13493
13493 6843 7812
11018 2988 3168
2988 3168 11018
3168 2988 11018
7708 6473 13128
13128 6473 7708
6473 7708 13128
14270 1882 7791
1882 7791 14270
7791 1882 14270
11708 4551 10359
4551 10359 11708
10359 4551 11708
8552 9113 13960
13960 8552 9113
9113 8552 13960
1506 608 1059
1059 608 1506
608 1059 1506
8324 4365 12908
12908 4365 8324
4365 8324 12908
8212 12553 14484
12553 8212 14484
14484 8212 12553
113 12640 13342
12640 113 13342
13342 113 12640
6582 7293 12021
7293 6582 12021
12021 6582 7293
1556 7998 12123
7998 1556 12123
12123 1556 7998
12757 4625 9039
4625 9039 12757
9039 4625 12757
3882 609 3605
3605 609 3882
609 3605 3882
12037 11973 13626
11973 12037 13626
13626 11973 12037
7460 6452 6593
6452 6593 7460
6593 6452 7460
14815 2616 12748
2616 12748 14815
12748 2616 14815
5191 7875 9147
9147 5191 7875
7875 5191 9147
2633 6531 13473
13473 2633 6531
6531 2633 13473
8722 2548 8081
2548 8081 8722
8081 2548 8722
4479 3433 5607
3433 4479 5607
5607 3433 4479
8206 8629 9188
9188 8206 8629
8629 8206 9188
9787 1891 9761
9761 1891 9787
1891 9761 9787
12698 4564 13267
13267 4564 12698
4564 12698 13267
3422 5650 11429
11429 3422 5650
5650 3422 11429
7823 7402 12935
7402 7823 12935
12935 7402 7823
3616 12324 12732
12732 3616 12324
12324 3616 12732
3786 2998 5563
2998 3786 5563
5563 2998 3786
11757 3773 14129
14129 3773 11757
3773 11757 14129
6060 4501 13505
13505 4501 6060
4501 6060 13505
10865 10317 14402
14402 10317 10865
10317 10865 14402
7917 8526 9852
9852 7917 8526
8526 7917 9852
11548 6301 13385
6301 11548 13385
13385 6301 11548
1473 4706 9456
9456 1473 4706
4706 1473 9456
4930 5569 10763
10763 4930 5569
5569 4930 10763
12451 3493 3533
3493 3533 12451
3533 3493 12451
10754 2044 12983
2044 10754 12983
12983 2044 10754
2265 2637 13587
2637 2265 13587
13587 2265 2637
2434 10228 14966
14966 2434 10228
10228 2434 14966
497 4434 7045
4434 497 7045
7045 497 4434
11253 6450 12758
12758 6450 11253
6450 11253 12758
10533 8916 9882
8916 9882 10533
9882 8916 10533
14399 1140 12778
1140 12778 14399
12778 1140 14399
8961 10820 11804
11804 8961 10820
10820 8961 11804
8619 2242 13695
13695 2242 8619
2242 8619 13695
9190 5018 14106
14106 5018 9190
5018 9190 14106
7432 12017 12845
12845 7432 12017
12017 7432 12845
8516 7549 12653
12653 7549 8516
7549 8516 12653
8201 12401 14105
12401 8201 14105
14105 8201 12401
2283 6811 10425
6811 2283 10425
10425 2283 6811
14223 7423 11302
7423 11302 14223
11302 7423 14223
2226 5220 10741
10741 2226 5220
5220 2226 10741
13327 5465 6337
5465 6337 13327
6337 5465 13327
3708 3073 13773
13773 3073 3708
3073 3708 13773
7864 5608 9465
9465 5608 7864
5608 7864 9465
10818 5369 6305
5369 6305 10818
6305 5369 10818
11471 1280 9005
1280 9005 11471
9005 1280 11471
3327 12364 14964
12364 3327 14964
14964 3327 12364
5406 8056 9983
8056 5406 9983
9983 5406 8056
2807 2423 11111
2423 2807 11111
11111 2423 2807
3994 11584 14919
11584 3994 14919
14919 3994 11584
4528 4575 8742
4575 4528 8742
8742 4528 4575
14797 9908 12873
12873 9908 14797
9908 12873 14797
3921 7135 9180
7135 3921 9180
9180 3921 7135
10006 5127 10902
10902 5127 10006
5127 10006 10902
9080 12643 14313
12643 9080 14313
14313 9080 12643
5681 3927 8622
3927 5681 8622
8622 3927 5681
5455 8746 14235
8746 5455 14235
14235 5455 8746
4076 6988 13044
13044 4076 6988
6988 4076 13044
597 5523 12097
5523 597 12097
12097 597 5523
13736 5032 11782
5032 11782 13736
11782 5032 13736
5293 2470 10465
2470 5293 10465
10465 2470 5293
699 6758 9328
9328 699 6758
6758 699 9328
2066 1778 6269
6269 1778 2066
1778 2066 6269
13657 7734 8407
8407 7734 13657
7734 8407 13657
6486 11217 12593
11217 6486 12593
12593 6486 11217
8640 3970 6206
3970 6206 8640
6206 3970 8640
6695 1202 8341
8341 1202 6695
1202 6695 8341
1601 998 12615
998 1601 12615
12615 998 1601
2845 374 12042
12042 374 2845
374 2845 12042
5020 3576 12879
3576 5020 12879
12879 3576 5020
4373 6367 6517
6367 4373 6517
6517 4373 6367
6248 21 8598
21 6248 8598
8598 21 6248
10233 8689 10040
10040 8689 10233
8689 10040 10233
6114 1596 9645
9645 1596 6114
1596 6114 9645
9837 1300 4218
1300 4218 9837
4218 1300 9837
7076 8481 8668
8481 7076 8668
8668 7076 8481
9869 2062 3606
2062 3606 9869
3606 2062 9869
6815 5808 13788
5808 6815 13788
13788 5808 6815
362 3151 9975
9975 362 3151
3151 362 9975
5086 390 1327
1327 390 5086
390 1327 5086
7419 531 13827
531 7419 13827
13827 531 7419
14004 4570 6262
6262 4570 14004
4570 6262 14004
11839 3218 8211
3218 8211 11839
8211 3218 11839
8422 347 11700
11700 347 8422
347 8422 11700
10327 9836 11078
9836 10327 11078
11078 9836 10327
2774 2953 6010
2953 2774 6010
6010 2774 2953
6842 5318 5558
5558 5318 6842
5318 5558 6842
6637 501 11124
11124 501 6637
501 6637 11124
5444 9558 11838
11838 5444 9558
9558 5444 11838
9088 1905 12147
1905 9088 12147
12147 1905 9088
1514 5663 8405
5663 1514 8405
8405 1514 5663
7268 5416 9735
9735 5416 7268
5416 7268 9735
2303 8945 10941
8945 2303 10941
10941 2303 8945
12979 1664 7572
1664 7572 12979
7572 1664 12979
136 3547 10495
10495 136 3547
3547 136 10495
4984 7587 10718
7587 4984 10718
10718 4984 7587
10287 3210 14653
3210 10287 14653
14653 3210 10287
13457 2087 8192
8192 2087 13457
2087 8192 13457
7049 10954 14731
14731 7049 10954
10954 7049 14731
10298 11918 12939
12939 10298 11918
11918 10298 12939
4160 14296 14817
14296 4160 14817
14817 4160 14296
6544 9901 13280
9901 6544 13280
13280 6544 9901
1348 1961 1982
1982 1348 1961
1961 1348 1982
5829 6906 14674
14674 5829 6906
6906 5829 14674
11760 506 12675
506 11760 12675
12675 506 11760
8272 2991 14539
2991 8272 14539
14539 2991 8272
14124 12552 12900
12900 12552 14124
12552 12900 14124
13854 9993 11473
11473 9993 13854
9993 11473 13854
8078 4356 14492
14492 4356 8078
4356 8078 14492
3058 8137 10363
10363 3058 8137
8137 3058 10363
2593 775 6639
775 2593 6639
6639 775 2593
11664 7263 13459
7263 11664 13459
13459 7263 11664
8488 1593 6086
1593 6086 8488
6086 1593 8488
7315 11642 12032
12032 7315 11642
11642 7315 12032
6711 3614 12531
3614 6711 12531
12531 3614 6711
7852 8905 13537
13537 7852 8905
8905 7852 13537
1872 1050 5552
1050 1872 5552
5552 1050 1872
524 7769 9881
9881 524 7769
7769 524 9881
13212 810 9484
9484 810 13212
810 9484 13212
11476 5481 9098
5481 9098 11476
9098 5481 11476
8865 5825 13288
5825 8865 13288
13288 5825 8865
11740 1594 12403
12403 1594 11740
1594 11740 12403
1070 11936 14022
11936 1070 14022
14022 1070 11936
41 6750 9530
9530 41 6750
6750 41 9530
12714 10197 12527
10197 12527 12714
12527 10197 12714
9890 7496 9994
7496 9890 9994
9994 7496 9890
108 2268 10426
10426 108 2268
2268 108 10426
14166 9398 12917
9398 12917 14166
12917 9398 14166
5330 588 4783
4783 588 5330
588 4783 5330
12483 1293 12112
1293 12112 12483
12112 1293 12483
14821 2783 10390
10390 2783 14821
2783 10390 14821
13872 11778 14183
14183 11778 13872
11778 13872 14183
11638 7495 12272
7495 11638 12272
12272 7495 11638
11692 2805 3446
2805 3446 11692
3446 2805 11692
8293 1738 12140
1738 8293 12140
12140 1738 8293
11763 2304 13461
13461 2304 11763
2304 11763 13461
9943 8053 9812
9812 8053 9943
8053 9812 9943
5574 904 3667
3667 904 5574
904 3667 5574
3196 3412 11890
3412 3196 11890
11890 3196 3412
7450 854 14883
14883 854 7450
854 7450 14883
8016 8287 9367
9367 8016 8287
8287 8016 9367
14870 1184 9859
1184 9859 14870
9859 1184 14870
6770 7914 13936
13936 6770 7914
7914 6770 13936
2339 189 2136
2136 189 2339
189 2136 2339
7715 6078 8404
6078 7715 8404
8404 6078 7715
2318 10086 13777
10086 2318 13777
13777 2318 10086
9779 4375 8553
8553 4375 9779
4375 8553 9779
644 2370 9496
2370 644 9496
9496 644 2370
6092 4475 5778
4475 5778 6092
5778 4475 6092
1081 5616 10841
5616 1081 10841
10841 1081 5616
647 3798 7325
3798 647 7325
7325 647 3798
5227 6721 9028
6721 5227 9028
9028 5227 6721
11003 10274 12290
10274 11003 12290
12290 10274 11003
6833 327 2159
327 2159 6833
2159 327 6833
11272 4346 9292
9292 4346 11272
4346 9292 11272
14980 711 12494
12494 711 14980
711 12494 14980
11591 1210 5003
5003 1210 11591
1210 5003 11591
13632 12297 14534
12297 13632 14534
14534 12297 13632
1895 9244 14923
14923 1895 9244
9244 1895 14923
1630 2442 13194
13194 1630 2442
2442 1630 13194
14059 4484 13394
13394 4484 14059
4484 13394 14059
12379 11677 14934
11677 12379 14934
14934 11677 12379
4349 9186 9886
9886 4349 9186
9186 4349 9886
13034 1970 11037
1970 11037 13034
11037 1970 13034
14373 1151 3876
1151 3876 14373
3876 1151 14373
11739 8758 14516
8758 11739 14516
14516 8758 11739
1518 5182 6019
5182 1518 6019
6019 1518 5182
9116 939 13726
939 9116 13726
13726 939 9116
11293 2033 4478
4478 2033 11293
2033 4478 11293
8954 6344 13124
6344 8954 13124
13124 6344 8954
2259 5810 6474
5810 2259 6474
6474 2259 5810
465 1106 6426
1106 465 6426
6426 465 1106
9622 1010 3221
1010 3221 9622
3221 1010 9622
2667 8124 13758
13758 2667 8124
8124 2667 13758
11400 8262 10132
10132 8262 11400
8262 10132 11400
12967 8097 12998
8097 12967 12998
12998 8097 12967
8576 421 4918
421 4918 8576
4918 421 8576
9354 1088 6392
6392 1088 9354
1088 6392 9354
12755 1547 6868
6868 1547 12755
1547 6868 12755
84 1075 7947
1075 84 7947
7947 84 1075
4738 1587 8736
8736 1587 4738
1587 4738 8736
14556 2422 13822
2422 13822 14556
13822 2422 14556
6775 11334 14585
11334 6775 14585
14585 6775 11334
6487 11298 14167
14167 6487 11298
11298 6487 14167
9035 1388 2777
2777 1388 9035
1388 2777 9035
10567 5102 6709
5102 6709 10567
6709 5102 10567
1531 7421 12756
12756 1531 7421
7421 1531 12756
3426 2618 14521
2618 3426 14521
14521 2618 3426
13162 2911 7756
2911 7756 13162
7756 2911 13162
3 4611 7238
4611 3 7238
7238 3 4611
2678 3349 14651
3349 2678 14651
14651 2678 3349
12293 561 2838
561 2838 12293
2838 561 12293
3804 3514 6259
3514 3804 6259
6259 3514 3804
345 4715 5943
4715 345 5943
5943 345 4715
10386 1279 6362
1279 6362 10386
6362 1279 10386
7868 5260 13992
5260 7868 13992
13992 5260 7868
13469 3528 13016
13016 3528 13469
3528 13016 13469
11040 4939 10660
10660 4939 11040
4939 10660 11040
12775 1142 2554
2554 1142 12775
1142 2554 12775
10380 7787 8416
8416 7787 10380
7787 8416 10380
4699 10521 11025
11025 4699 10521
10521 4699 11025
750 3008 7424
7424 750 3008
3008 750 7424
10729 3923 9685
3923 9685 10729
9685 3923 10729
14209 6965 10439
10439 6965 14209
6965 10439 14209
7846 2279 8312
2279 7846 8312
8312 2279 7846
8409 12861 13551
13551 8409 12861
12861 8409 13551
11520 10709 13340
10709 11520 13340
13340 10709 11520
1256 3914 10686
3914 1256 10686
10686 1256 3914
6160 1188 2819
2819 1188 6160
1188 2819 6160
3775 6714 8353
6714 3775 8353
8353 3775 6714
12423 7007 11714
7007 11714 12423
11714 7007 12423
10892 5067 7389
5067 7389 10892
7389 5067 10892
2717 5901 10605
10605 2717 5901
5901 2717 10605
14668 11084 11347
11347 11084 14668
11084 11347 14668
12344 1178 4177
4177 1178 12344
1178 4177 12344
4931 11184 14733
11184 4931 14733
14733 4931 11184
330 7359 13117
13117 330 7359
7359 330 13117
11562 10658 14185
10658 11562 14185
14185 10658 11562
7088 81 3828
3828 81 7088
81 3828 7088
5855 946 13557
946 5855 13557
13557 946 5855
14050 5900 6012
5900 6012 14050
6012 5900 14050
9216 5029 6185
5029 6185 9216
6185 5029 9216
7653 973 10259
973 7653 10259
10259 973 7653
11391 3688 9249
3688 9249 11391
9249 3688 11391
9643 7093 13311
7093 9643 13311
13311 7093 9643
13464 56 14219
14219 56 13464
56 13464 14219
158 478 10402
478 158 10402
10402 158 478
14261 8907 12787
12787 8907 14261
8907 12787 14261
9294 3863 10550
10550 3863 9294
3863 9294 10550
6798 6186 10280
6186 6798 10280
10280 6186 6798
7146 12479 12578
12578 7146 12479
12479 7146 12578
12261 3030 5983
5983 3030 12261
3030 5983 12261
10417 684 14144
14144 684 10417
684 10417 14144
7172 7084 14355
14355 7084 7172
7084 7172 14355
195 5520 14347
5520 195 14347
14347 195 5520
8795 1379 8279
8279 1379 8795
1379 8279 8795
14602 2323 6680
6680 2323 14602
2323 6680 14602
13728 3313 3999
3313 3999 13728
3999 3313 13728
6961 3772 10249
3772 6961 10249
10249 3772 6961
14136 3788 12949
3788 12949 14136
12949 3788 14136
1631 7418 7877
7877 1631 7418
7418 1631 7877
11818 6580 8013
8013 6580 11818
6580 8013 11818
1217 872 10665
10665 872 1217
872 1217 10665
8252 9686 10385
9686 8252 10385
10385 8252 9686
8152 2930 12197
2930 8152 12197
12197 2930 8152
62 1416 3416
3416 62 1416
1416 62 3416
14873 2319 14385
14385 2319 14873
2319 14385 14873
14403 1317 9924
1317 9924 14403
9924 1317 14403
748 7984 10863
7984 748 10863
10863 748 7984
4916 10081 12532
10081 4916 12532
12532 4916 10081
3567 4101 11858
4101 3567 11858
11858 3567 4101
7883 9501 14053
14053 7883 9501
9501 7883 14053
290 4468 14720
4468 290 14720
14720 290 4468
239 8908 13645
13645 239 8908
8908 239 13645
533 4494 13863
4494 533 13863
13863 533 4494
13475 1400 5163
5163 1400 13475
1400 5163 13475
8142 4734 7203
4734 7203 8142
7203 4734 8142
10568 2658 10881
10881 2658 10568
2658 10568 10881
5674 2091 8386
2091 5674 8386
8386 2091 5674
8697 7781 8925
7781 8697 8925
8925 7781 8697
12800 291 2164
291 2164 12800
2164 291 12800
6313 5555 6151
6151 5555 6313
5555 6151 6313
6898 3064 12164
3064 6898 12164
12164 3064 6898
8325 1981 9017
1981 8325 9017
9017 1981 8325
10223 179 13814
179 10223 13814
13814 179 10223
11807 867 14310
867 11807 14310
14310 867 11807
2455 2627 14596
14596 2455 2627
2627 2455 14596
13749 5812 11852
5812 11852 13749
11852 5812 13749
11806 6467 10679
6467 10679 11806
10679 6467 11806
13192 3065 7028
3065 7028 13192
7028 3065 13192
1433 917 9587
917 1433 9587
9587 917 1433
6187 2117 3534
2117 3534 6187
3534 2117 6187
8633 6872 8721
8721 6872 8633
6872 8633 8721
196 481 8475
8475 196 481
481 196 8475
7615 6158 12745
12745 6158 7615
6158 7615 12745
1037 7582 10835
7582 1037 10835
10835 1037 7582
10221 13232 14158
13232 10221 14158
14158 10221 13232
3884 460 7557
7557 460 3884
460 3884 7557
6941 7813 12262
12262 6941 7813
7813 6941 12262
7016 376 3761
3761 376 7016
376 3761 7016
10869 6488 7532
7532 6488 10869
6488 7532 10869
6920 1152 7284
7284 1152 6920
1152 6920 7284
4246 8392 10617
8392 4246 10617
10617 4246 8392
8127 12249 12651
12651 8127 12249
12249 8127 12651
2152 4285 4358
4285 2152 4358
4358 2152 4285
7376 1528 6610
1528 6610 7376
6610 1528 7376
162 2278 13796
13796 162 2278
2278 162 13796
12385 178 6105
6105 178 12385
178 6105 12385
2452 1774 12118
1774 2452 12118
12118 1774 2452
1971 194 8873
194 1971 8873
8873 194 1971
9719 5920 8537
8537 5920 9719
5920 8537 9719
9121 2106 10606
10606 2106 9121
2106 9121 10606
9120 4371 8557
4371 8557 9120
8557 4371 9120
6935 1549 9515
9515 1549 6935
1549 6935 9515
2266 2636 9119
2636 2266 9119
9119 2266 2636
14588 12689 13286
12689 13286 14588
13286 12689 14588
14566 6094 14244
6094 14244 14566
14244 6094 14566
6883 3549 12482
3549 6883 12482
12482 3549 6883
9402 943 2730
2730 943 9402
943 2730 9402
7480 6600 10505
6600 7480 10505
10505 6600 7480
11076 2826 8755
2826 8755 11076
8755 2826 11076
12731 1696 10700
1696 10700 12731
10700 1696 12731
2444 10215 10447
10447 2444 10215
10215 2444 10447
11571 1497 4518
1497 4518 11571
4518 1497 11571
6643 908 2829
2829 908 6643
908 2829 6643
9658 4645 6141
4645 6141 9658
6141 4645 9658
9646 228 3703
228 3703 9646
3703 228 9646
11327 1739 5704
5704 1739 11327
1739 5704 11327
13857 1560 9634
9634 1560 13857
1560 9634 13857
6756 5325 8185
5325 6756 8185
8185 5325 6756
7641 5172 6566
6566 5172 7641
5172 6566 7641
3037 565 14840
14840 565 3037
565 3037 14840
12108 1172 3258
1172 3258 12108
3258 1172 12108
9846 11835 13516
11835 9846 13516
13516 9846 11835
14483 5142 10126
5142 10126 14483
10126 5142 14483
3704 14562 14961
14961 3704 14562
14562 3704 14961
4714 4779 12850
12850 4714 4779
4779 4714 12850
9388 3300 7594
7594 3300 9388
3300 7594 9388
7956 4417 9196
9196 4417 7956
4417 7956 9196
11104 3655 14868
14868 3655 11104
3655 11104 14868
11945 9129 14358
9129 11945 14358
14358 9129 11945
13356 3098 13647
13647 3098 13356
3098 13356 13647
11267 7081 7131
7081 7131 11267
7131 7081 11267
8833 10034 12601
10034 8833 12601
12601 8833 10034
5201 300 14577
300 5201 14577
14577 300 5201
11955 2904 7870
7870 2904 11955
2904 7870 11955
14706 2 14818
14818 2 14706
2 14706 14818
5494 1510 14291
14291 1510 5494
1510 5494 14291
13800 12407 12831
12831 12407 13800
12407 12831 13800
653 796 2236
796 653 2236
2236 653 796
9813 1889 11106
1889 9813 11106
11106 1889 9813
13416 4503 12318
12318 4503 13416
4503 12318 13416
10476 8562 9161
9161 8562 10476
8562 9161 10476
14301 617 2921
2921 617 14301
617 2921 14301
8531 3383 5747
3383 5747 8531
5747 3383 8531
12536 1144 6543
6543 1144 12536
1144 6543 12536
6147 1833 7843
7843 1833 6147
1833 6147 7843
7391 1237 7798
7798 1237 7391
1237 7391 7798
3006 736 11307
736 3006 11307
11307 736 3006
7853 7738 8797
7738 7853 8797
8797 7738 7853
10775 5364 6100
6100 5364 10775
5364 6100 10775
4409 8976 14452
8976 4409 14452
14452 4409 8976
4290 171 5175
171 4290 5175
5175 171 4290
268 9595 9627
9595 268 9627
9627 268 9595
12486 6063 11856
6063 11856 12486
11856 6063 12486
9128 2490 7743
7743 2490 9128
2490 7743 9128
10611 1180 13737
13737 1180 10611
1180 10611 13737
1783 1758 14950
1758 1783 14950
14950 1758 1783
13525 7030 9206
7030 9206 13525
9206 7030 13525
13253 8501 9987
8501 9987 13253
9987 8501 13253
7194 2060 7507
2060 7194 7507
7507 2060 7194
2471 5022 14842
14842 2471 5022
5022 2471 14842
10652 8254 14253
14253 8254 10652
8254 10652 14253
7647 7060 14061
7060 7647 14061
14061 7060 7647
13308 933 10733
10733 933 13308
933 10733 13308
1760 8075 11281
11281 1760 8075
8075 1760 11281
1448 663 8823
663 1448 8823
8823 663 1448
6011 7644 7739
7739 6011 7644
7644 6011 7739
5606 4295 4498
4295 4498 5606
4498 4295 5606
4546 5978 9003
5978 4546 9003
9003 4546 5978
13746 8904 11125
8904 11125 13746
11125 8904 13746
4093 431 13325
431 4093 13325
13325 431 4093
2707 3727 9157
9157 2707 3727
3727 2707 9157
8515 2102 7503
2102 7503 8515
7503 2102 8515
970 4007 13012
4007 970 13012
13012 970 4007
4873 6082 9553
9553 4873 6082
6082 4873 9553
1532 5502 7753
7753 1532 5502
5502 1532 7753
4277 12580 14277
12580 4277 14277
14277 4277 12580
14901 2854 4962
2854 4962 14901
4962 2854 14901
2237 7312 8048
7312 2237 8048
8048 2237 7312
7674 2820 12899
2820 7674 12899
12899 2820 7674
10456 5425 6725
6725 5425 10456
5425 6725 10456
659 6809 8895
8895 659 6809
6809 659 8895
14832 11171 12369
12369 11171 14832
11171 12369 14832
5541 6156 14920
6156 5541 14920
14920 5541 6156
2453 3592 14392
3592 2453 14392
14392 2453 3592
12242 12122 13877
13877 12122 12242
12122 12242 13877
6168 1860 13246
1860 6168 13246
13246 1860 6168
979 4541 12448
12448 979 4541
4541 979 12448
9809 5329 10079
10079 5329 9809
5329 9809 10079
4225 5967 8139
8139 4225 5967
5967 4225 8139
14573 13102 14838
13102 14573 14838
14838 13102 14573
978 575 2207
575 978 2207
2207 575 978
2201 9879 12110
12110 2201 9879
9879 2201 12110
6418 2549 8234
2549 6418 8234
8234 2549 6418
5196 34 3872
3872 34 5196
34 3872 5196
12581 5174 6270
5174 6270 12581
6270 5174 12581
13983 10844 12417
10844 12417 13983
12417 10844 13983
14670 8912 10187
10187 8912 14670
8912 10187 14670
12029 4724 12168
12168 4724 12029
4724 12029 12168
5533 452 5476
5476 452 5533
452 5476 5533
10807 5932 12007
5932 10807 12007
12007 5932 10807
12626 1013 7335
7335 1013 12626
1013 7335 12626
4969 3668 8047
3668 4969 8047
8047 3668 4969
11628 6395 10009
6395 10009 11628
10009 6395 11628
14830 7012 12241
12241 7012 14830
7012 12241 14830
9319 5917 7269
7269 5917 9319
5917 7269 9319
9611 820 5435
5435 820 9611
820 5435 9611
5007 7505 14428
14428 5007 7505
7505 5007 14428
11586 1033 6267
6267 1033 11586
1033 6267 11586
1122 4539 12087
12087 1122 4539
4539 1122 12087
3650 4747 11177
4747 3650 11177
11177 3650 4747
2163 4168 11716
11716 2163 4168
4168 2163 11716
1101 5114 10108
5114 1101 10108
10108 1101 5114
11287 2868 7046
2868 7046 11287
7046 2868 11287
11815 5850 9609
5850 9609 11815
9609 5850 11815
2400 10044 14103
10044 2400 14103
14103 2400 10044
3706 10352 12285
10352 3706 12285
12285 3706 10352
2999 6115 9040
6115 2999 9040
9040 2999 6115
14352 9880 10859
10859 9880 14352
9880 10859 14352
14694 928 8106
8106 928 14694
928 8106 14694
10019 8343 13764
8343 10019 13764
13764 8343 10019
6274 6051 11637
11637 6051 6274
6051 6274 11637
7520 1896 5803
5803 1896 7520
1896 5803 7520
691 2043 6693
6693 691 2043
2043 691 6693
3226 13972 14790
14790 3226 13972
13972 3226 14790
13106 475 4163
475 4163 13106
4163 475 13106
6991 7251 9130
9130 6991 7251
7251 6991 9130
3051 1268 13859
13859 1268 3051
1268 3051 13859
1681 1657 4754
4754 1657 1681
1657 1681 4754
12460 578 6099
6099 578 12460
578 6099 12460
906 1863 9971
1863 906 9971
9971 906 1863
1561 5905 11358
11358 1561 5905
5905 1561 11358
615 2653 9358
9358 615 2653
2653 615 9358
2670 4402 13346
4402 2670 13346
13346 2670 4402
12335 1628 14220
14220 1628 12335
1628 12335 14220
9329 1118 4098
1118 4098 9329
4098 1118 9329
4437 3148 5156
3148 4437 5156
5156 3148 4437
14087 422 4597
422 4597 14087
4597 422 14087
10649 11563 14944
14944 10649 11563
11563 10649 14944
9717 1635 14412
1635 9717 14412
14412 1635 9717
11617 3112 6007
3112 6007 11617
6007 3112 11617
13789 4213 7098
4213 7098 13789
7098 4213 13789
10486 1475 9972
1475 9972 10486
9972 1475 10486
4388 3154 3333
3154 3333 4388
3333 3154 4388
2503 7515 8348
7515 2503 8348
8348 2503 7515
3516 4609 9593
4609 3516 9593
9593 3516 4609
1025 7491 7607
7607 1025 7491
7491 1025 7607
12375 1012 13098
1012 12375 13098
13098 1012 12375
5380 134 14495
134 5380 14495
14495 134 5380
5637 5016 9370
9370 5016 5637
5016 5637 9370
7153 423 6175
6175 423 7153
423 6175 7153
6984 5770 11030
11030 5770 6984
5770 6984 11030
5342 310 5820
5820 310 5342
310 5342 5820
5121 1123 9079
1123 5121 9079
9079 1123 5121
6285 9071 11611
11611 6285 9071
9071 6285 11611
10502 8213 11230
11230 8213 10502
8213 10502 11230
2914 4106 13765
4106 2914 13765
13765 2914 4106
9272 4996 11916
4996 9272 11916
11916 4996 9272
7467 2654 6937
6937 2654 7467
2654 6937 7467
1719 10549 13868
13868 1719 10549
10549 1719 13868
4540 1716 4077
4077 1716 4540
1716 4077 4540
2251 13351 14304
14304 2251 13351
13351 2251 14304
6323 2194 8116
8116 2194 6323
2194 6323 8116
7108 6325 12808
12808 6325 7108
6325 7108 12808
4044 10201 10434
10434 4044 10201
10201 4044 10434
13954 7667 9050
7667 9050 13954
9050 7667 13954
12993 10011 13941
10011 12993 13941
13941 10011 12993
11409 3356 9235
3356 9235 11409
9235 3356 11409
12786 12652 14627
12652 12786 14627
14627 12652 12786
10350 2218 2830
2830 2218 10350
2218 2830 10350
1659 7471 11048
7471 1659 11048
11048 1659 7471
11303 4088 9915
9915 4088 11303
4088 9915 11303
7449 274 2835
2835 274 7449
274 2835 7449
1956 6161 9396
9396 1956 6161
6161 1956 9396
191 2130 5723
2130 191 5723
5723 191 2130
10071 5928 9811
5928 9811 10071
9811 5928 10071
1360 1856 7993
1856 1360 7993
7993 1360 1856
2193 1779 11869
1779 2193 11869
11869 1779 2193
9105 6239 13324
6239 9105 13324
13324 6239 9105
13874 6607 10494
10494 6607 13874
6607 10494 13874
2595 4832 9473
4832 2595 9473
9473 2595 4832
8888 1104 8870
1104 8870 8888
8870 1104 8888
2250 2569 6716
6716 2250 2569
2569 2250 6716
1688 3338 5118
3338 1688 5118
5118 1688 3338
14135 1910 5645
5645 1910 14135
1910 5645 14135
11296 12015 13377
12015 11296 13377
13377 11296 12015
12047 1008 7952
7952 1008 12047
1008 7952 12047
5913 8077 13490
8077 5913 13490
13490 5913 8077
3295 13687 14450
13687 3295 14450
14450 3295 13687
3056 6613 10180
10180 3056 6613
6613 3056 10180
9864 398 12665
398 9864 12665
12665 398 9864
4450 6412 7336
6412 4450 7336
7336 4450 6412
10257 1751 5177
1751 5177 10257
5177 1751 10257
7478 1928 9086
9086 1928 7478
1928 7478 9086
12766 2034 12404
2034 12404 12766
12404 2034 12766
2197 886 6475
6475 886 2197
886 2197 6475
3316 8670 10397
8670 3316 10397
10397 3316 8670
10705 5960 9760
5960 9760 10705
9760 5960 10705
7445 13611 14252
13611 7445 14252
14252 7445 13611
1740 1461 4704
4704 1461 1740
1461 1740 4704
9578 6149 14117
14117 6149 9578
6149 9578 14117
14062 2252 11988
2252 11988 14062
11988 2252 14062
12869 5136 5889
5136 5889 12869
5889 5136 12869
8716 1678 13126
1678 8716 13126
13126 1678 8716
10889 4874 11410
4874 10889 11410
11410 4874 10889
14671 1403 6548
6548 1403 14671
1403 6548 14671
5883 972 9961
972 5883 9961
9961 972 5883
9712 7590 14513
7590 9712 14513
14513 7590 9712
7635 12607 13563
12607 7635 13563
13563 7635 12607
12420 2841 7029
2841 7029 12420
7029 2841 12420
11797 3057 11059
3057 11059 11797
11059 3057 11797
2228 12175 14237
12175 2228 14237
14237 2228 12175
6198 1034 7835
1034 6198 7835
7835 1034 6198
11373 10850 11575
11575 10850 11373
10850 11373 11575
2734 1900 13592
13592 1900 2734
1900 2734 13592
5160 8034 9844
9844 5160 8034
8034 5160 9844
8965 7735 14406
14406 7735 8965
7735 8965 14406
3404 11450 14816
14816 3404 11450
11450 3404 14816
5790 106 8439
8439 106 5790
106 5790 8439
10235 3227 7562
3227 7562 10235
7562 3227 10235
12368 8725 8943
8725 8943 12368
8943 8725 12368
10937 5951 8050
8050 5951 10937
5951 8050 10937
14084 8303 13456
8303 13456 14084
13456 8303 14084
11634 3016 5097
3016 5097 11634
5097 3016 11634
305 8417 11572
11572 305 8417
8417 305 11572
446 182 3211
3211 182 446
182 446 3211
2280 3806 6079
6079 2280 3806
3806 2280 6079
8605 5324 12433
12433 5324 8605
5324 8605 12433
8342 8228 13834
8228 8342 13834
13834 8228 8342
11765 10260 12223
12223 10260 11765
10260 11765 12223
4660 3291 12690
12690 3291 4660
3291 4660 12690
14344 4542 11658
4542 11658 14344
11658 4542 14344
1640 791 8595
8595 791 1640
791 1640 8595
12871 8727 9532
8727 9532 12871
9532 8727 12871
9508 161 3155
3155 161 9508
161 3155 9508
10711 5849 7859
7859 5849 10711
5849 7859 10711
11432 526 7151
7151 526 11432
526 7151 11432
12288 9395 10498
10498 9395 12288
9395 10498 12288
8975 3040 9481
9481 3040 8975
3040 8975 9481
3568 1285 3765
1285 3568 3765
3765 1285 3568
8017 8095 11376
8095 8017 11376
11376 8017 8095
1372 2167 4853
4853 1372 2167
2167 1372 4853
5954 4383 7906
7906 4383 5954
4383 5954 7906
2558 1893 4979
1893 2558 4979
4979 1893 2558
9307 59 7605
59 7605 9307
7605 59 9307
12754 5726 12498
12498 5726 12754
5726 12498 12754
3285 4430 8678
4430 3285 8678
8678 3285 4430
11039 11982 13421
11982 11039 13421
13421 11039 11982
12892 1967 4537
1967 4537 12892
4537 1967 12892
6995 4442 9597
4442 6995 9597
9597 4442 6995
12395 4412 4753
4412 4753 12395
4753 4412 12395
13686 58 14112
58 13686 14112
14112 58 13686
11768 6295 6420
6420 6295 11768
6295 6420 11768
8113 13495 14784
13495 8113 14784
14784 8113 13495
14441 1710 5813
1710 5813 14441
5813 1710 14441
7025 3959 4634
3959 4634 7025
4634 3959 7025
1394 7031 12107
7031 1394 12107
12107 1394 7031
2878 4400 13331
4400 2878 13331
13331 2878 4400
3543 360 3509
360 3509 3543
3509 360 3543
12994 2898 10657
2898 10657 12994
10657 2898 12994
9697 1586 14688
1586 9697 14688
14688 1586 9697
13685 5170 13918
13918 5170 13685
5170 13685 13918
9681 5748 14251
14251 5748 9681
5748 9681 14251
1513 12186 12279
12186 1513 12279
12279 1513 12186
12647 3437 13558
3437 12647 13558
13558 3437 12647
13881 3134 14678
3134 13881 14678
14678 3134 13881
11878 8856 13683
13683 8856 11878
8856 11878 13683
8223 3162 11088
3162 8223 11088
11088 3162 8223
13293 14114 14927
14927 13293 14114
14114 13293 14927
8243 8419 10633
8419 8243 10633
10633 8243 8419
9155 8250 14331
14331 8250 9155
