10048 5753 6966
6966 5753 10048
5753 6966 10048
7358 11560 14034
14034 7358 11560
11560 7358 14034
5226 5513 14028
5513 5226 14028
14028 5226 5513
11680 5733 14763
5733 11680 14763
14763 5733 11680
9213 2514 5001
2514 5001 9213
5001 2514 9213
1829 1771 13284
13284 1771 1829
1771 1829 13284
14597 3064 9964
3064 9964 14597
9964 3064 14597
1170 11052 12005
11052 1170 12005
12005 1170 11052
4015 632 13245
13245 632 4015
632 4015 13245
1992 4315 13120
13120 1992 4315
4315 1992 13120
4911 6003 13717
13717 4911 6003
6003 4911 13717
14187 1970 10036
1970 10036 14187
10036 1970 14187
5775 7273 13397
13397 5775 7273
7273 5775 13397
6383 9559 13155
13155 6383 9559
9559 6383 13155
8412 13329 14846
14846 8412 13329
13329 8412 14846
7306 7363 13317
7363 7306 13317
13317 7306 7363
1850 174 12592
174 1850 12592
12592 174 1850
11661 312 7190
7190 312 11661
312 7190 11661
8351 7769 11400
7769 8351 11400
11400 7769 8351
11509 736 13618
13618 736 11509
736 11509 13618
5258 8402 12161
12161 5258 8402
8402 5258 12161
3300 5330 13770
13770 3300 5330
5330 3300 13770
5428 2228 7018
2228 5428 7018
7018 2228 5428
8251 1520 13772
1520 8251 13772
13772 1520 8251
3336 7067 7106
7067 3336 7106
7106 3336 7067
9755 10762 11863
11863 9755 10762
10762 9755 11863
10716 11098 14886
11098 10716 14886
14886 10716 11098
4850 6431 7355
6431 4850 7355
7355 4850 6431
4565 1932 6762
1932 4565 6762
6762 1932 4565
9104 6852 6999
6999 6852 9104
6852 6999 9104
6476 2068 6748
6748 2068 6476
2068 6476 6748
14855 3200 8414
3200 8414 14855
8414 3200 14855
2431 13480 14982
14982 2431 13480
13480 2431 14982
2508 6021 9406
9406 2508 6021
6021 2508 9406
3597 6203 13346
6203 3597 13346
13346 3597 6203
4706 2398 4413
4413 2398 4706
2398 4413 4706
3787 5437 13335
13335 3787 5437
5437 3787 13335
12163 897 6339
6339 897 12163
897 6339 12163
11424 3554 12735
12735 3554 11424
3554 11424 12735
5981 3811 9457
9457 3811 5981
3811 5981 9457
9288 3771 7780
7780 3771 9288
3771 7780 9288
8855 6416 7401
7401 6416 8855
6416 7401 8855
3353 7705 12713
7705 3353 12713
12713 3353 7705
1366 156 10918
156 1366 10918
10918 156 1366
2910 11499 14667
14667 2910 11499
11499 2910 14667
10228 3743 7052
3743 7052 10228
7052 3743 10228
4640 25 7156
25 4640 7156
7156 25 4640
498 1425 2267
1425 498 2267
2267 498 1425
13853 3235 6084
6084 3235 13853
3235 6084 13853
1468 11710 11806
11806 1468 11710
11710 1468 11806
1188 905 2434
905 1188 2434
2434 905 1188
1201 2197 9347
2197 1201 9347
9347 1201 2197
3994 5909 8700
8700 3994 5909
5909 3994 8700
656 1379 6022
1379 656 6022
6022 656 1379
2517 184 12465
12465 184 2517
184 2517 12465
3763 5504 9781
5504 3763 9781
9781 3763 5504
6273 2859 5876
5876 2859 6273
2859 5876 6273
4322 2256 14308
14308 2256 4322
2256 4322 14308
7798 10328 14966
14966 7798 10328
10328 7798 14966
9501 4619 7840
7840 4619 9501
4619 7840 9501
9074 714 13305
714 9074 13305
13305 714 9074
1235 1874 8052
8052 1235 1874
1874 1235 8052
5145 5073 6826
6826 5073 5145
5073 5145 6826
9797 154 12191
12191 154 9797
154 9797 12191
757 4641 14369
4641 757 14369
14369 757 4641
10483 6426 13912
13912 6426 10483
6426 10483 13912
13438 6481 8371
6481 8371 13438
8371 6481 13438
7663 2293 4668
4668 2293 7663
2293 4668 7663
6497 10080 10670
10080 6497 10670
10670 6497 10080
9611 6160 6925
6925 6160 9611
6160 6925 9611
10846 5359 12379
5359 10846 12379
12379 5359 10846
4726 3887 11443
11443 3887 4726
3887 4726 11443
9309 8888 10980
10980 8888 9309
8888 9309 10980
3937 4282 4468
4282 3937 4468
4468 3937 4282
4039 5930 11617
5930 4039 11617
11617 4039 5930
6988 1352 7642
1352 6988 7642
7642 1352 6988
4192 340 3636
3636 340 4192
340 3636 4192
12657 2955 3240
2955 3240 12657
3240 2955 12657
107 2747 7598
2747 107 7598
7598 107 2747
11549 7066 14810
14810 7066 11549
7066 11549 14810
14220 1466 3304
1466 3304 14220
3304 1466 14220
7381 2817 5486
2817 5486 7381
5486 2817 7381
9247 2182 5749
5749 2182 9247
2182 5749 9247
6752 3669 6309
6309 3669 6752
3669 6309 6752
7314 7078 11315
7078 7314 11315
11315 7078 7314
2275 8339 14653
8339 2275 14653
14653 2275 8339
7191 1076 11331
1076 7191 11331
11331 1076 7191
12835 9052 9427
9052 9427 12835
9427 9052 12835
11565 8393 14088
8393 11565 14088
14088 8393 11565
11959 975 12044
12044 975 11959
975 11959 12044
11872 3388 7426
7426 3388 11872
3388 7426 11872
14858 6886 6968
6886 6968 14858
6968 6886 14858
7843 2325 10692
10692 2325 7843
2325 7843 10692
394 4941 7490
7490 394 4941
4941 394 7490
11619 2460 10631
2460 10631 11619
10631 2460 11619
11909 5172 5649
5172 5649 11909
5649 5172 11909
13380 7082 9165
9165 7082 13380
7082 9165 13380
891 9554 10789
9554 891 10789
10789 891 9554
5216 8088 8922
8922 5216 8088
8088 5216 8922
9900 4860 11086
11086 4860 9900
4860 9900 11086
3588 43 14562
43 3588 14562
14562 43 3588
12777 4458 9658
4458 9658 12777
9658 4458 12777
10987 7248 12937
7248 10987 12937
12937 7248 10987
14049 743 3114
743 3114 14049
3114 743 14049
3602 6128 10044
6128 3602 10044
10044 3602 6128
3165 2820 14641
14641 2820 3165
2820 3165 14641
5175 4109 4166
4166 4109 5175
4109 4166 5175
11622 12287 13009
12287 11622 13009
13009 11622 12287
10875 1078 5588
5588 1078 10875
1078 5588 10875
7715 7614 9391
9391 7614 7715
7614 7715 9391
11253 6475 13119
6475 11253 13119
13119 6475 11253
1144 7911 9252
9252 1144 7911
7911 1144 9252
8587 9316 12390
12390 8587 9316
9316 8587 12390
11556 3741 14711
14711 3741 11556
3741 11556 14711
2185 5820 9942
5820 2185 9942
9942 2185 5820
9076 1997 10950
1997 9076 10950
10950 1997 9076
6286 579 4851
579 4851 6286
4851 579 6286
6492 4187 9596
9596 4187 6492
4187 6492 9596
7516 1682 3285
3285 1682 7516
1682 3285 7516
14934 4866 9935
4866 9935 14934
9935 4866 14934
7328 7265 14479
14479 7265 7328
7265 7328 14479
7127 2604 4020
4020 2604 7127
2604 4020 7127
14651 7425 11733
7425 11733 14651
11733 7425 14651
1171 5102 12425
5102 1171 12425
12425 1171 5102
14321 1623 8237
1623 8237 14321
8237 1623 14321
512 3475 14458
3475 512 14458
14458 512 3475
3030 8056 10775
8056 3030 10775
10775 3030 8056
5712 10369 13358
13358 5712 10369
10369 5712 13358
880 6548 11695
11695 880 6548
6548 880 11695
3623 12193 13968
12193 3623 13968
13968 3623 12193
13720 46 9890
46 9890 13720
9890 46 13720
2715 9382 14571
9382 2715 14571
14571 2715 9382
8923 4922 12016
12016 4922 8923
4922 8923 12016
1994 12216 13956
12216 1994 13956
13956 1994 12216
922 1940 10378
10378 922 1940
1940 922 10378
1216 5121 13608
13608 1216 5121
5121 1216 13608
12256 12063 12343
12343 12063 12256
12063 12256 12343
12739 5621 14110
14110 5621 12739
5621 12739 14110
12821 7934 8288
7934 8288 12821
8288 7934 12821
2223 10336 13450
13450 2223 10336
10336 2223 13450
12383 10737 12280
10737 12280 12383
12280 10737 12383
8049 6702 11753
6702 8049 11753
11753 6702 8049
14388 4230 4267
4230 4267 14388
4267 4230 14388
10209 7004 13040
7004 10209 13040
13040 7004 10209
4631 6185 10709
6185 4631 10709
10709 4631 6185
1151 549 3065
3065 549 1151
549 1151 3065
8051 4847 12467
12467 4847 8051
4847 8051 12467
5737 13943 14526
14526 5737 13943
13943 5737 14526
7766 11224 13334
13334 7766 11224
11224 7766 13334
4980 12050 13856
13856 4980 12050
12050 4980 13856
4852 3619 14774
14774 3619 4852
3619 4852 14774
7215 9641 13726
9641 7215 13726
13726 7215 9641
1502 10697 13549
13549 1502 10697
10697 1502 13549
7371 1534 6629
1534 6629 7371
6629 1534 7371
10414 1830 7851
1830 7851 10414
7851 1830 10414
12769 8857 10663
8857 10663 12769
10663 8857 12769
4297 566 8295
8295 566 4297
566 4297 8295
924 3238 3617
3617 924 3238
3238 924 3617
9643 4731 12590
4731 9643 12590
12590 4731 9643
9504 2726 9512
2726 9504 9512
9512 2726 9504
2166 2080 8291
8291 2080 2166
2080 2166 8291
14958 1262 10057
1262 10057 14958
10057 1262 14958
14076 2609 13880
2609 13880 14076
13880 2609 14076
1491 3099 9910
3099 1491 9910
9910 1491 3099
9893 409 8461
8461 409 9893
409 8461 9893
4023 12019 12868
12868 4023 12019
12019 4023 12868
6051 1642 11642
1642 6051 11642
11642 1642 6051
11723 4061 13474
13474 4061 11723
4061 11723 13474
6176 2311 10821
2311 6176 10821
10821 2311 6176
1106 6260 7208
7208 1106 6260
6260 1106 7208
3910 3517 5593
5593 3517 3910
3517 3910 5593
4321 9 14670
9 4321 14670
14670 9 4321
8282 11711 14470
14470 8282 11711
11711 8282 14470
7231 13594 14100
14100 7231 13594
13594 7231 14100
3185 1544 3539
1544 3185 3539
3539 1544 3185
9791 5279 11227
5279 9791 11227
11227 5279 9791
696 8990 11646
11646 696 8990
8990 696 11646
4328 1143 4019
1143 4019 4328
4019 1143 4328
3688 551 8342
551 3688 8342
8342 551 3688
13722 9511 11109
11109 9511 13722
9511 11109 13722
8047 8383 12453
8383 8047 12453
12453 8047 8383
4554 9300 14113
9300 4554 14113
14113 4554 9300
7770 2367 5334
5334 2367 7770
2367 5334 7770
634 6052 13354
6052 634 13354
13354 634 6052
6198 6464 12482
12482 6198 6464
6464 6198 12482
11326 411 7497
411 7497 11326
7497 411 11326
10105 435 11889
11889 435 10105
435 10105 11889
3693 4071 8423
4071 3693 8423
8423 3693 4071
4002 5006 6048
6048 4002 5006
5006 4002 6048
1892 1660 13086
13086 1660 1892
1660 1892 13086
6283 3191 5434
3191 5434 6283
5434 3191 6283
1563 3438 7612
7612 1563 3438
3438 1563 7612
5617 5868 12189
12189 5617 5868
5868 5617 12189
12996 5019 12544
12544 5019 12996
5019 12544 12996
8550 4259 10952
4259 8550 10952
10952 4259 8550
3465 3412 10069
10069 3412 3465
3412 3465 10069
6023 7039 11170
11170 6023 7039
7039 6023 11170
11162 3159 9235
3159 9235 11162
9235 3159 11162
1333 1140 12041
1140 1333 12041
12041 1140 1333
5654 2260 9616
9616 2260 5654
2260 5654 9616
12564 383 6081
6081 383 12564
383 6081 12564
12308 6983 10959
6983 10959 12308
10959 6983 12308
13563 1640 11191
1640 11191 13563
11191 1640 13563
9676 147 7951
7951 147 9676
147 7951 9676
12289 9030 10571
9030 10571 12289
10571 9030 12289
10536 9913 11230
11230 9913 10536
9913 10536 11230
5973 7927 8204
8204 5973 7927
7927 5973 8204
8321 6525 13355
6525 8321 13355
13355 6525 8321
10387 477 8149
8149 477 10387
477 8149 10387
879 405 5169
5169 405 879
405 879 5169
3187 915 1555
915 1555 3187
1555 915 3187
6717 6030 9481
6030 6717 9481
9481 6030 6717
7773 1883 13437
13437 1883 7773
1883 7773 13437
1479 7055 7254
7254 1479 7055
7055 1479 7254
2258 7890 13707
13707 2258 7890
7890 2258 13707
8061 7576 9849
7576 8061 9849
9849 7576 8061
8176 713 4432
713 4432 8176
4432 713 8176
12984 15 1839
15 1839 12984
1839 15 12984
3013 9307 12681
12681 3013 9307
9307 3013 12681
12963 3181 14834
3181 12963 14834
14834 3181 12963
8190 26 8645
26 8190 8645
8645 26 8190
4690 4046 8837
4046 4690 8837
8837 4046 4690
2006 4751 4880
4751 2006 4880
4880 2006 4751
14589 1044 10525
1044 10525 14589
10525 1044 14589
3047 7320 14269
14269 3047 7320
7320 3047 14269
11615 4063 7494
7494 4063 11615
4063 7494 11615
499 1053 13233
13233 499 1053
1053 499 13233
7602 12314 13190
12314 7602 13190
13190 7602 12314
8528 1010 14425
14425 1010 8528
1010 8528 14425
13235 890 8017
890 8017 13235
8017 890 13235
2659 8205 8708
8708 2659 8205
8205 2659 8708
6228 7696 14022
7696 6228 14022
14022 6228 7696
3344 2830 9465
9465 2830 3344
2830 3344 9465
8336 4985 14606
4985 8336 14606
14606 4985 8336
7768 5463 13935
13935 5463 7768
5463 7768 13935
13667 5438 14784
14784 5438 13667
5438 13667 14784
10812 6969 8741
8741 6969 10812
6969 8741 10812
7188 2278 12523
2278 7188 12523
12523 2278 7188
11871 2312 7025
7025 2312 11871
2312 7025 11871
481 2949 9402
9402 481 2949
2949 481 9402
13687 6200 8256
8256 6200 13687
6200 8256 13687
5958 3552 14875
14875 3552 5958
3552 5958 14875
6619 4257 11591
11591 4257 6619
4257 6619 11591
14332 3584 12054
3584 12054 14332
12054 3584 14332
2798 6615 11639
6615 2798 11639
11639 2798 6615
2585 11594 14523
11594 2585 14523
14523 2585 11594
2386 4344 12840
4344 2386 12840
12840 2386 4344
5732 14137 14419
14137 5732 14419
14419 5732 14137
598 3173 6305
3173 598 6305
6305 598 3173
11357 4634 8733
4634 8733 11357
8733 4634 11357
11531 2685 12394
2685 11531 12394
12394 2685 11531
10303 11819 13236
11819 10303 13236
13236 10303 11819
5492 558 3476
558 3476 5492
3476 558 5492
11645 1041 9725
1041 9725 11645
9725 1041 11645
14700 11742 12610
12610 11742 14700
11742 12610 14700
6749 5299 5366
5366 5299 6749
5299 5366 6749
13605 9023 13890
13890 9023 13605
9023 13605 13890
12593 127 5301
127 5301 12593
5301 127 12593
8660 11791 13980
11791 8660 13980
13980 8660 11791
7071 2355 3898
2355 3898 7071
3898 2355 7071
4153 3270 5446
5446 3270 4153
3270 4153 5446
5809 188 737
737 188 5809
188 737 5809
10642 4209 13158
13158 4209 10642
4209 10642 13158
12092 11215 14891
11215 12092 14891
14891 11215 12092
14077 347 679
679 347 14077
347 679 14077
2290 3746 6034
3746 2290 6034
6034 2290 3746
5692 8678 13279
13279 5692 8678
8678 5692 13279
11810 3590 9312
3590 9312 11810
9312 3590 11810
11442 93 12034
12034 93 11442
93 11442 12034
913 94 6474
6474 94 913
94 913 6474
11113 5188 8490
8490 5188 11113
5188 8490 11113
5075 5012 12268
5012 5075 12268
12268 5012 5075
533 1847 3766
1847 533 3766
3766 533 1847
4789 2788 8650
2788 4789 8650
8650 2788 4789
2387 5098 7108
7108 2387 5098
5098 2387 7108
6972 531 6768
6768 531 6972
531 6768 6972
3825 3566 9106
9106 3566 3825
3566 3825 9106
5848 233 9896
233 5848 9896
9896 233 5848
11743 733 2115
2115 733 11743
733 2115 11743
11492 4177 6986
4177 6986 11492
6986 4177 11492
14529 11598 12310
12310 11598 14529
11598 12310 14529
3032 5570 10661
5570 3032 10661
10661 3032 5570
5567 1456 2038
1456 2038 5567
2038 1456 5567
13072 564 10820
10820 564 13072
564 10820 13072
10088 4821 10398
4821 10088 10398
10398 4821 10088
7166 1513 11216
11216 1513 7166
1513 7166 11216
14438 2900 7518
2900 7518 14438
7518 2900 14438
11824 3260 5560
3260 5560 11824
5560 3260 11824
13885 2878 6404
2878 6404 13885
6404 2878 13885
8630 5509 6795
5509 6795 8630
6795 5509 8630
11032 5415 10901
10901 5415 11032
5415 10901 11032
3019 3744 7709
3744 3019 7709
7709 3019 3744
12206 5466 14940
14940 5466 12206
5466 12206 14940
769 2959 6291
6291 769 2959
2959 769 6291
9495 3471 15000
15000 3471 9495
3471 9495 15000
9262 13130 14348
13130 9262 14348
14348 9262 13130
7415 9107 14209
9107 7415 14209
14209 7415 9107
8899 6274 12121
6274 8899 12121
12121 6274 8899
821 3398 11269
3398 821 11269
11269 821 3398
8488 4180 5460
5460 4180 8488
4180 5460 8488
14495 5156 6953
6953 5156 14495
5156 6953 14495
14509 385 11790
385 11790 14509
11790 385 14509
11158 1115 1607
1607 1115 11158
1115 1607 11158
4882 8219 8894
8894 4882 8219
8219 4882 8894
9064 1806 10714
1806 9064 10714
10714 1806 9064
2273 8877 14149
14149 2273 8877
8877 2273 14149
1783 525 3845
525 1783 3845
3845 525 1783
13829 6681 11332
11332 6681 13829
6681 11332 13829
13087 4926 11007
11007 4926 13087
4926 11007 13087
5929 3654 12042
3654 5929 12042
12042 3654 5929
7560 1296 4503
4503 1296 7560
1296 4503 7560
3545 2867 4271
4271 2867 3545
2867 3545 4271
9212 3372 4523
4523 3372 9212
3372 4523 9212
7540 2834 13649
2834 7540 13649
13649 2834 7540
11394 2405 4189
2405 4189 11394
4189 2405 11394
13063 1845 7297
7297 1845 13063
1845 7297 13063
10764 5688 12036
5688 10764 12036
12036 5688 10764
3685 7647 9822
7647 3685 9822
9822 3685 7647
13241 798 9230
9230 798 13241
798 9230 13241
13974 7209 14639
14639 7209 13974
7209 13974 14639
12997 3905 4261
4261 3905 12997
3905 4261 12997
6111 333 456
333 456 6111
456 333 6111
2627 7488 8368
7488 2627 8368
8368 2627 7488
3175 767 1378
767 1378 3175
1378 767 3175
602 1109 11751
1109 602 11751
11751 602 1109
9044 6982 11783
6982 9044 11783
11783 6982 9044
9673 8242 14914
8242 9673 14914
14914 8242 9673
13146 13286 13368
13368 13146 13286
13286 13146 13368
8736 4920 14727
4920 8736 14727
14727 4920 8736
3365 2102 4365
4365 2102 3365
2102 3365 4365
3483 6944 8375
6944 3483 8375
8375 3483 6944
1436 2124 14496
2124 1436 14496
14496 1436 2124
1400 6662 7421
6662 1400 7421
7421 1400 6662
6180 5952 7100
7100 5952 6180
5952 6180 7100
1776 9034 9156
9156 1776 9034
9034 1776 9156
5252 4633 13409
13409 4633 5252
4633 5252 13409
7321 2084 11271
2084 7321 11271
11271 2084 7321
10703 6267 14736
14736 6267 10703
6267 10703 14736
11340 2876 6085
6085 2876 11340
2876 6085 11340
13228 4801 11769
11769 4801 13228
4801 11769 13228
2183 4438 12232
12232 2183 4438
4438 2183 12232
5238 11211 11245
11245 5238 11211
11211 5238 11245
10267 4933 7659
4933 7659 10267
7659 4933 10267
2614 6967 8674
6967 2614 8674
8674 2614 6967
5804 5361 7480
5361 5804 7480
7480 5361 5804
1265 3950 8928
3950 1265 8928
8928 1265 3950
11318 6041 6442
6041 6442 11318
6442 6041 11318
8813 4052 12139
12139 4052 8813
4052 8813 12139
13482 2165 13509
13509 2165 13482
2165 13482 13509
9916 136 13383
13383 136 9916
136 9916 13383
9228 9710 14698
9710 9228 14698
14698 9228 9710
10529 10130 11732
10130 10529 11732
11732 10130 10529
14426 12812 14532
14532 12812 14426
12812 14426 14532
14874 438 11229
438 11229 14874
11229 438 14874
9642 4392 11297
11297 4392 9642
4392 9642 11297
6597 4744 10016
10016 4744 6597
4744 6597 10016
6065 1045 7080
7080 1045 6065
1045 6065 7080
7498 1085 3702
1085 3702 7498
3702 1085 7498
10287 4525 7910
7910 4525 10287
4525 7910 10287
4875 2433 8682
8682 2433 4875
2433 4875 8682
4325 9936 12588
9936 4325 12588
12588 4325 9936
1276 6905 10822
6905 1276 10822
10822 1276 6905
5462 11759 13593
11759 5462 13593
13593 5462 11759
3331 1651 3537
3537 1651 3331
1651 3331 3537
14284 1330 13445
1330 13445 14284
13445 1330 14284
14970 931 11685
11685 931 14970
931 11685 14970
9766 8726 12968
8726 9766 12968
12968 8726 9766
8416 8830 13431
13431 8416 8830
8830 8416 13431
14762 7500 10914
7500 10914 14762
10914 7500 14762
7579 1410 1547
1410 1547 7579
1547 1410 7579
8301 1439 8989
1439 8301 8989
8989 1439 8301
9284 7277 10424
10424 7277 9284
7277 9284 10424
3896 101 13031
101 3896 13031
13031 101 3896
8945 565 3054
565 3054 8945
3054 565 8945
6449 9282 13174
13174 6449 9282
9282 6449 13174
14087 2832 8129
2832 8129 14087
8129 2832 14087
1324 3371 14947
3371 1324 14947
14947 1324 3371
10498 5426 12430
12430 5426 10498
5426 10498 12430
2708 9528 14107
9528 2708 14107
14107 2708 9528
5284 9092 10282
9092 5284 10282
10282 5284 9092
9066 4051 7666
7666 4051 9066
4051 7666 9066
8010 10934 12553
12553 8010 10934
10934 8010 12553
14838 8335 10390
10390 8335 14838
8335 10390 14838
5522 1538 10891
1538 5522 10891
10891 1538 5522
3516 6849 11151
6849 3516 11151
11151 3516 6849
3425 827 7710
7710 827 3425
827 3425 7710
2728 11147 12912
11147 2728 12912
12912 2728 11147
5637 1646 7736
7736 1646 5637
1646 5637 7736
14037 5911 6722
6722 5911 14037
5911 6722 14037
1724 4493 11299
4493 1724 11299
11299 1724 4493
817 1678 9671
1678 817 9671
9671 817 1678
507 10062 14186
10062 507 14186
14186 507 10062
6462 1114 11204
11204 1114 6462
1114 6462 11204
4311 12335 14573
14573 4311 12335
12335 4311 14573
3271 1275 12902
1275 3271 12902
12902 1275 3271
14261 8975 10084
8975 10084 14261
10084 8975 14261
13179 3520 9688
3520 9688 13179
9688 3520 13179
11256 5129 14469
14469 5129 11256
5129 11256 14469
10700 8046 8996
8996 8046 10700
8046 8996 10700
7316 2605 4017
4017 2605 7316
2605 4017 7316
3474 310 7104
310 3474 7104
7104 310 3474
14880 7244 10309
10309 7244 14880
7244 10309 14880
14503 1857 5420
5420 1857 14503
1857 5420 14503
227 4678 6261
4678 227 6261
6261 227 4678
7228 500 794
500 794 7228
794 500 7228
13535 2520 5232
5232 2520 13535
2520 5232 13535
1579 496 2494
496 1579 2494
2494 496 1579
590 2540 9283
9283 590 2540
2540 590 9283
9609 7032 7799
7032 7799 9609
7799 7032 9609
8440 3851 5310
3851 5310 8440
5310 3851 8440
12413 8860 11846
8860 11846 12413
11846 8860 12413
11304 3965 4442
3965 4442 11304
4442 3965 11304
13389 5585 10686
5585 10686 13389
10686 5585 13389
12024 5520 14600
5520 12024 14600
14600 5520 12024
10388 7864 7948
7864 7948 10388
7948 7864 10388
6625 2415 11069
11069 2415 6625
2415 6625 11069
9090 396 8629
396 8629 9090
8629 396 9090
7161 3805 14933
14933 3805 7161
3805 7161 14933
5606 847 5476
5476 847 5606
847 5476 5606
3208 6293 8157
8157 3208 6293
6293 3208 8157
12811 4288 6993
6993 4288 12811
4288 6993 12811
9202 5300 9334
5300 9202 9334
9334 5300 9202
7617 3132 13312
13312 3132 7617
3132 7617 13312
12377 2041 3626
2041 3626 12377
3626 2041 12377
7034 8859 9072
8859 7034 9072
9072 7034 8859
1008 6979 11360
11360 1008 6979
6979 1008 11360
11308 8891 12661
8891 11308 12661
12661 8891 11308
5224 2896 11914
11914 2896 5224
2896 5224 11914
10704 7796 14135
14135 7796 10704
7796 10704 14135
12110 11588 13658
13658 11588 12110
11588 12110 13658
9447 4450 9705
4450 9447 9705
9705 4450 9447
3802 5439 14356
5439 3802 14356
14356 3802 5439
28 6266 13929
6266 28 13929
13929 28 6266
4949 2534 14092
14092 2534 4949
2534 4949 14092
692 638 6324
638 692 6324
6324 638 692
64 2689 3242
2689 64 3242
3242 64 2689
11478 5197 5312
5312 5197 11478
5197 5312 11478
7554 9515 14097
14097 7554 9515
9515 7554 14097
12771 7431 12838
12838 7431 12771
7431 12771 12838
8961 11865 13825
13825 8961 11865
11865 8961 13825
9536 6545 12372
6545 9536 12372
12372 6545 9536
6095 3727 10141
3727 6095 10141
10141 3727 6095
7318 11989 14766
14766 7318 11989
11989 7318 14766
10334 3667 12026
3667 10334 12026
12026 3667 10334
7456 1557 10731
1557 7456 10731
10731 1557 7456
12093 1526 10370
10370 1526 12093
1526 10370 12093
12858 3169 14771
14771 3169 12858
3169 12858 14771
8474 3461 6017
6017 3461 8474
3461 6017 8474
11239 311 8117
8117 311 11239
311 8117 11239
5534 3659 5568
5568 3659 5534
3659 5534 5568
7137 5704 13745
5704 7137 13745
13745 5704 7137
14314 6258 14304
6258 14304 14314
14304 6258 14314
1174 10500 14683
10500 1174 14683
14683 1174 10500
9865 6448 12648
6448 9865 12648
12648 6448 9865
5194 329 11295
329 5194 11295
11295 329 5194
7481 2485 6860
6860 2485 7481
2485 6860 7481
11042 13847 14836
14836 11042 13847
13847 11042 14836
13479 6093 6712
6093 6712 13479
6712 6093 13479
5106 5475 13058
5475 5106 13058
13058 5106 5475
13899 8032 14864
8032 13899 14864
14864 8032 13899
7621 4084 11882
11882 4084 7621
4084 7621 11882
8710 9533 10201
9533 8710 10201
10201 8710 9533
6756 6872 8199
8199 6756 6872
6872 6756 8199
11697 7826 13997
7826 11697 13997
13997 7826 11697
6394 1165 12900
12900 1165 6394
1165 6394 12900
1359 7105 14554
7105 1359 14554
14554 1359 7105
10253 7797 13347
7797 10253 13347
13347 7797 10253
14520 9928 11274
9928 11274 14520
11274 9928 14520
14396 5088 7389
5088 7389 14396
7389 5088 14396
2807 8547 8549
8549 2807 8547
8547 2807 8549
6718 7114 7324
7324 6718 7114
7114 6718 7324
2374 597 5671
597 2374 5671
5671 597 2374
13440 3056 9778
9778 3056 13440
3056 9778 13440
10123 4745 11306
11306 4745 10123
4745 10123 11306
13845 11835 13217
11835 13217 13845
13217 11835 13845
8444 2438 10575
2438 8444 10575
10575 2438 8444
11296 7882 12594
7882 11296 12594
12594 7882 11296
6775 112 10126
112 6775 10126
10126 112 6775
751 9136 14575
9136 751 14575
14575 751 9136
2523 2926 4366
4366 2523 2926
2926 2523 4366
11729 1241 7594
7594 1241 11729
1241 7594 11729
14056 8311 13530
8311 13530 14056
13530 8311 14056
9530 2639 5153
2639 5153 9530
5153 2639 9530
11748 3075 7009
7009 3075 11748
3075 7009 11748
9785 2240 13709
2240 9785 13709
13709 2240 9785
8273 951 9774
951 8273 9774
9774 951 8273
3178 2076 8453
8453 2076 3178
2076 3178 8453
10456 2836 7823
2836 7823 10456
7823 2836 10456
4304 1424 7115
7115 1424 4304
1424 4304 7115
505 455 3463
455 505 3463
3463 455 505
6923 528 8919
8919 528 6923
528 6923 8919
2505 4025 13406
4025 2505 13406
13406 2505 4025
4983 2619 5381
2619 4983 5381
5381 2619 4983
3096 3725 6153
6153 3096 3725
3725 3096 6153
109 900 13066
13066 109 900
900 109 13066
4254 4469 4868
4469 4254 4868
4868 4254 4469
8038 4967 12861
4967 8038 12861
12861 4967 8038
6018 4856 10205
4856 6018 10205
10205 4856 6018
4877 739 6863
6863 739 4877
739 4877 6863
10385 4201 6073
6073 4201 10385
4201 6073 10385
11808 1228 5703
5703 1228 11808
1228 5703 11808
13848 2705 3076
3076 2705 13848
2705 3076 13848
14195 260 10596
10596 260 14195
260 10596 14195
3399 3877 11544
11544 3399 3877
3877 3399 11544
8574 5521 12194
12194 5521 8574
5521 8574 12194
7782 5023 13632
13632 5023 7782
5023 7782 13632
4642 6042 13475
13475 4642 6042
6042 4642 13475
645 7037 13363
13363 645 7037
7037 645 13363
12542 8315 13891
13891 8315 12542
8315 12542 13891
14937 6564 10753
10753 6564 14937
6564 10753 14937
6854 2792 3055
3055 2792 6854
2792 3055 6854
4624 1706 3754
3754 1706 4624
1706 3754 4624
11852 2001 9920
2001 9920 11852
9920 2001 11852
2968 1258 13143
13143 1258 2968
1258 2968 13143
6573 1364 13869
1364 6573 13869
13869 1364 6573
6684 2881 9015
9015 2881 6684
2881 6684 9015
12311 1134 8799
1134 8799 12311
8799 1134 12311
10869 1442 11156
1442 10869 11156
11156 1442 10869
5157 13780 13888
13888 5157 13780
13780 5157 13888
7002 806 6766
806 6766 7002
6766 806 7002
12035 5645 13915
5645 12035 13915
13915 5645 12035
2785 8314 8868
8868 2785 8314
8314 2785 8868
1346 1908 5013
1908 1346 5013
5013 1346 1908
9472 1963 9689
1963 9472 9689
9689 1963 9472
14610 6919 14340
14340 6919 14610
6919 14340 14610
14740 7547 11857
11857 7547 14740
7547 11857 14740
10819 7722 11605
11605 7722 10819
7722 10819 11605
5002 3674 11145
11145 3674 5002
3674 5002 11145
13433 7739 8765
7739 8765 13433
8765 7739 13433
7844 11921 14581
11921 7844 14581
14581 7844 11921
9566 6670 10150
6670 9566 10150
10150 6670 9566
12950 4105 7661
4105 7661 12950
7661 4105 12950
8756 7891 13462
13462 7891 8756
7891 8756 13462
14732 3820 11604
11604 3820 14732
3820 11604 14732
3694 2620 6729
6729 2620 3694
2620 3694 6729
13617 5641 6413
6413 5641 13617
5641 6413 13617
6187 8373 8848
8373 6187 8848
8848 6187 8373
2775 9290 13439
13439 2775 9290
9290 2775 13439
2493 2251 6307
6307 2251 2493
2251 2493 6307
4158 5545 7323
7323 4158 5545
5545 4158 7323
4582 1548 8520
8520 1548 4582
1548 4582 8520
7088 10733 10902
10902 7088 10733
10733 7088 10902
4927 3157 5552
3157 4927 5552
5552 3157 4927
14327 4467 12886
4467 12886 14327
12886 4467 14327
12816 559 10166
559 10166 12816
10166 559 12816
324 8400 9767
8400 324 9767
9767 324 8400
14739 2877 3978
3978 2877 14739
2877 3978 14739
1013 6535 14213
6535 1013 14213
14213 1013 6535
4290 3072 8464
8464 3072 4290
3072 4290 8464
10553 2344 12547
2344 10553 12547
12547 2344 10553
5065 6772 9111
9111 5065 6772
6772 5065 9111
4615 407 2730
407 2730 4615
2730 407 4615
9779 9057 12439
12439 9057 9779
9057 9779 12439
11222 1121 11061
11061 1121 11222
1121 11061 11222
4022 3310 5457
3310 4022 5457
5457 3310 4022
13271 2215 6321
2215 6321 13271
6321 2215 13271
1757 3672 4078
4078 1757 3672
3672 1757 4078
7384 3455 7180
3455 7180 7384
7180 3455 7384
2527 5237 9379
5237 2527 9379
9379 2527 5237
14023 13562 13688
13688 13562 14023
13562 13688 14023
689 918 4514
4514 689 918
918 689 4514
5875 1089 7966
1089 5875 7966
7966 1089 5875
8668 12998 13814
13814 8668 12998
12998 8668 13814
6068 3148 3634
3634 3148 6068
3148 3634 6068
1990 4802 6216
6216 1990 4802
4802 1990 6216
13003 11014 11197
11014 11197 13003
11197 11014 13003
2641 877 2781
2781 877 2641
877 2641 2781
14765 7125 9253
9253 7125 14765
7125 9253 14765
6874 7433 11829
11829 6874 7433
7433 6874 11829
13384 2857 9048
2857 9048 13384
9048 2857 13384
1293 8743 11689
8743 1293 11689
11689 1293 8743
6236 4405 5761
5761 4405 6236
4405 5761 6236
6713 5090 6677
6677 5090 6713
5090 6677 6713
7620 6991 10063
10063 6991 7620
6991 7620 10063
1232 8259 12239
12239 1232 8259
8259 1232 12239
2956 8445 8750
8750 2956 8445
8445 2956 8750
10408 13795 13892
13795 10408 13892
13892 10408 13795
14176 502 1029
1029 502 14176
502 1029 14176
6353 3084 11374
11374 3084 6353
3084 6353 11374
2923 6219 14721
14721 2923 6219
6219 2923 14721
11305 6724 11660
6724 11305 11660
11660 6724 11305
6897 5401 8486
5401 6897 8486
8486 5401 6897
2381 2575 7095
7095 2381 2575
2575 2381 7095
1336 7831 11607
11607 1336 7831
7831 1336 11607
12200 4728 10756
10756 4728 12200
4728 10756 12200
12220 8846 10828
8846 10828 12220
10828 8846 12220
13529 972 6354
972 6354 13529
6354 972 13529
5616 4808 9416
9416 4808 5616
4808 5616 9416
885 3680 9082
9082 885 3680
3680 885 9082
2630 7261 14608
14608 2630 7261
7261 2630 14608
4191 2365 12321
2365 4191 12321
12321 2365 4191
4145 8064 11567
8064 4145 11567
11567 4145 8064
9722 746 13725
13725 746 9722
746 9722 13725
9270 10207 11954
10207 9270 11954
11954 9270 10207
47 3407 11826
11826 47 3407
3407 47 11826
6814 2635 5304
5304 2635 6814
2635 5304 6814
6909 649 14918
14918 649 6909
649 6909 14918
13676 3211 14995
3211 13676 14995
14995 3211 13676
11021 5831 8381
5831 8381 11021
8381 5831 11021
2819 11901 14731
14731 2819 11901
11901 2819 14731
3142 2502 14753
2502 3142 14753
14753 2502 3142
9716 13923 14460
14460 9716 13923
13923 9716 14460
10451 2412 4065
2412 4065 10451
4065 2412 10451
12247 4831 11803
4831 11803 12247
11803 4831 12247
374 1310 2660
1310 374 2660
2660 374 1310
11322 7701 12578
7701 11322 12578
12578 7701 11322
11210 5738 5934
5934 5738 11210
5738 5934 11210
14797 4738 9597
4738 9597 14797
9597 4738 14797
14014 1384 4121
1384 4121 14014
4121 1384 14014
5801 3697 12009
3697 5801 12009
12009 3697 5801
9420 9583 10696
10696 9420 9583
9583 9420 10696
8612 803 4412
4412 803 8612
803 4412 8612
7567 521 14225
521 7567 14225
14225 521 7567
5324 688 6521
688 5324 6521
6521 688 5324
13754 2937 4760
4760 2937 13754
2937 4760 13754
1725 12325 13614
13614 1725 12325
12325 1725 13614
14144 9663 14899
9663 14144 14899
14899 9663 14144
3631 5082 10295
5082 3631 10295
10295 3631 5082
14658 1971 13842
13842 1971 14658
1971 13842 14658
9607 6452 10489
6452 9607 10489
10489 6452 9607
8791 3313 10593
10593 3313 8791
3313 8791 10593
7725 2193 10362
2193 7725 10362
10362 2193 7725
10683 1620 12872
1620 10683 12872
12872 1620 10683
3188 2131 4716
2131 3188 4716
4716 2131 3188
1945 2402 5596
5596 1945 2402
2402 1945 5596
5443 3772 11524
11524 3772 5443
3772 5443 11524
2009 3152 5336
3152 2009 5336
5336 2009 3152
13238 12267 13815
12267 13238 13815
13815 12267 13238
11198 1597 5276
5276 1597 11198
1597 5276 11198
10872 1508 3098
1508 3098 10872
3098 1508 10872
12061 2698 3794
3794 2698 12061
2698 3794 12061
6386 620 9891
620 6386 9891
9891 620 6386
14543 6760 10978
6760 10978 14543
10978 6760 14543
14745 2805 8320
2805 8320 14745
8320 2805 14745
738 11000 12616
11000 738 12616
12616 738 11000
12973 2277 10600
2277 10600 12973
10600 2277 12973
8886 6211 14357
14357 6211 8886
6211 8886 14357
5038 4859 5272
4859 5038 5272
5272 4859 5038
13700 3273 14730
14730 3273 13700
3273 13700 14730
2206 2094 13925
2094 2206 13925
13925 2094 2206
2028 7448 9724
7448 2028 9724
9724 2028 7448
753 3603 7212
3603 753 7212
7212 753 3603
13272 61 6141
61 6141 13272
6141 61 13272
11273 1823 9918
9918 1823 11273
1823 9918 11273
2960 6632 8779
6632 2960 8779
8779 2960 6632
9177 11207 13940
11207 9177 13940
13940 9177 11207
13311 4136 4768
4136 4768 13311
4768 4136 13311
10308 6866 9548
6866 9548 10308
9548 6866 10308
8406 6192 13464
13464 6192 8406
6192 8406 13464
11184 7412 9367
7412 9367 11184
9367 7412 11184
10447 3738 8441
8441 3738 10447
3738 8441 10447
17 2938 14341
2938 17 14341
14341 17 2938
2827 3670 9734
9734 2827 3670
3670 2827 9734
177 4096 5495
5495 177 4096
4096 177 5495
7608 8973 14391
14391 7608 8973
8973 7608 14391
8662 7898 11057
11057 7898 8662
7898 8662 11057
13006 4098 11508
4098 11508 13006
11508 4098 13006
1600 11285 11955
11955 1600 11285
11285 1600 11955
13490 3519 10532
10532 3519 13490
3519 10532 13490
5025 7812 13451
7812 5025 13451
13451 5025 7812
4874 9824 10259
10259 4874 9824
9824 4874 10259
13585 13263 14462
13263 13585 14462
14462 13263 13585
10192 3621 11001
3621 10192 11001
11001 3621 10192
243 4070 7850
7850 243 4070
4070 243 7850
124 7269 11701
11701 124 7269
7269 124 11701
544 2771 3830
2771 544 3830
3830 544 2771
10033 13459 13764
13459 10033 13764
13764 10033 13459
12424 7604 12031
12031 7604 12424
7604 12031 12424
8871 53 4510
4510 53 8871
53 4510 8871
8676 296 2339
296 2339 8676
2339 296 8676
9509 6598 13733
6598 9509 13733
13733 6598 9509
1118 5249 14614
14614 1118 5249
5249 1118 14614
3494 10332 11067
10332 3494 11067
11067 3494 10332
7508 6414 8392
8392 6414 7508
6414 7508 8392
5639 5264 8198
8198 5264 5639
5264 5639 8198
8322 7120 13561
13561 7120 8322
7120 8322 13561
9405 1356 10561
10561 1356 9405
1356 9405 10561
14648 12918 13349
13349 12918 14648
12918 13349 14648
7656 5483 12986
5483 7656 12986
12986 5483 7656
12850 464 11213
11213 464 12850
464 11213 12850
11137 378 9225
378 9225 11137
9225 378 11137
13560 8955 14228
8955 13560 14228
14228 8955 13560
7688 5523 10238
10238 5523 7688
5523 7688 10238
2487 10024 10635
10635 2487 10024
10024 2487 10635
3528 1447 9199
9199 1447 3528
1447 3528 9199
3051 1863 7501
7501 1863 3051
1863 3051 7501
6255 3774 6811
3774 6255 6811
6811 3774 6255
4218 2883 7860
2883 4218 7860
7860 2883 4218
4501 2862 14835
14835 2862 4501
2862 4501 14835
10746 4216 11504
4216 10746 11504
11504 4216 10746
5724 4184 7162
4184 5724 7162
7162 4184 5724
11583 406 11448
406 11448 11583
11448 406 11583
8398 11928 13678
13678 8398 11928
11928 8398 13678
11328 2507 10964
10964 2507 11328
2507 10964 11328
5325 3362 11517
11517 3362 5325
3362 5325 11517
4841 3086 3189
3086 3189 4841
3189 3086 4841
726 14318 14705
14705 726 14318
14318 726 14705
14174 10430 14741
14741 10430 14174
10430 14174 14741
836 2122 13748
2122 836 13748
13748 836 2122
4116 7405 8447
7405 4116 8447
8447 4116 7405
5195 1096 1628
1096 1628 5195
1628 1096 5195
5101 9739 10672
9739 5101 10672
10672 5101 9739
13030 6360 11730
6360 11730 13030
11730 6360 13030
1815 13577 14074
14074 1815 13577
13577 1815 14074
3278 280 10038
10038 280 3278
280 3278 10038
10524 10702 12240
10702 10524 12240
12240 10524 10702
13231 5374 14813
14813 5374 13231
5374 13231 14813
968 1325 8925
1325 968 8925
8925 968 1325
12605 10263 10893
10263 10893 12605
10893 10263 12605
6728 828 13326
828 6728 13326
13326 828 6728
5627 7909 12141
7909 5627 12141
12141 5627 7909
10264 734 1120
734 1120 10264
1120 734 10264
14429 8822 12585
8822 12585 14429
12585 8822 14429
5511 9383 13646
9383 5511 13646
13646 5511 9383
4959 2524 13802
13802 2524 4959
2524 4959 13802
10986 8191 12248
12248 8191 10986
8191 10986 12248
1716 7332 11936
11936 1716 7332
7332 1716 11936
10967 677 11431
11431 677 10967
677 10967 11431
2603 2611 12660
2611 2603 12660
12660 2603 2611
3795 3747 9287
9287 3747 3795
3747 3795 9287
4483 3857 4824
3857 4483 4824
4824 3857 4483
4404 10359 12798
12798 4404 10359
10359 4404 12798
13111 9186 13550
9186 13111 13550
13550 9186 13111
6322 3221 8836
3221 6322 8836
8836 3221 6322
2871 5668 8083
5668 2871 8083
8083 2871 5668
5405 2796 11536
11536 2796 5405
2796 5405 11536
10531 4053 10086
4053 10086 10531
10086 4053 10531
7926 2204 11586
2204 7926 11586
11586 2204 7926
13314 2574 14240
14240 2574 13314
2574 13314 14240
2845 2537 10460
10460 2537 2845
2537 2845 10460
164 1812 6441
1812 164 6441
6441 164 1812
569 4777 10728
10728 569 4777
4777 569 10728
3279 1153 14152
14152 1153 3279
1153 3279 14152
13344 2838 14208
14208 2838 13344
2838 13344 14208
14959 2268 2977
2977 2268 14959
2268 2977 14959
4687 282 12516
12516 282 4687
282 4687 12516
12173 8640 12089
12089 8640 12173
8640 12089 12173
9978 8604 11923
8604 9978 11923
11923 8604 9978
5009 8790 10842
10842 5009 8790
8790 5009 10842
7298 3385 7877
7877 3385 7298
3385 7298 7877
12522 7870 11252
11252 7870 12522
7870 11252 12522
977 8355 12416
12416 977 8355
8355 977 12416
12234 11157 14903
11157 12234 14903
14903 11157 12234
9579 8985 9053
9053 8985 9579
8985 9053 9579
8090 3666 4943
4943 3666 8090
3666 4943 8090
13647 80 9266
80 9266 13647
9266 80 13647
14387 186 12286
12286 186 14387
186 12286 14387
5685 5267 10023
10023 5267 5685
5267 5685 10023
6774 8626 10503
10503 6774 8626
8626 6774 10503
12767 5066 13731
5066 12767 13731
13731 5066 12767
9987 6903 11425
6903 9987 11425
11425 6903 9987
4305 6088 7846
7846 4305 6088
6088 4305 7846
14119 4045 11838
11838 4045 14119
4045 11838 14119
2884 2621 12655
2621 2884 12655
12655 2621 2884
6488 6485 9625
9625 6485 6488
6485 6488 9625
1005 7016 8879
8879 1005 7016
7016 1005 8879
14234 5447 7611
7611 5447 14234
5447 7611 14234
8926 4999 12639
4999 8926 12639
12639 4999 8926
14500 8188 9812
8188 9812 14500
9812 8188 14500
11401 5470 9529
5470 9529 11401
9529 5470 11401
7571 3735 4436
3735 4436 7571
4436 3735 7571
2130 1019 6630
6630 1019 2130
1019 2130 6630
2043 2217 11190
2217 2043 11190
11190 2043 2217
6075 3638 12813
3638 6075 12813
12813 3638 6075
10004 4957 9668
9668 4957 10004
4957 9668 10004
5146 3049 5118
3049 5118 5146
5118 3049 5146
8009 3386 5874
3386 5874 8009
5874 3386 8009
6532 1428 3871
3871 1428 6532
1428 3871 6532
8596 3904 4508
4508 3904 8596
3904 4508 8596
9747 2734 7472
2734 7472 9747
7472 2734 9747
7451 1869 3508
1869 3508 7451
3508 1869 7451
13002 5781 6173
6173 5781 13002
5781 6173 13002
5240 3807 4003
4003 3807 5240
3807 4003 5240
13987 119 5863
5863 119 13987
119 5863 13987
12649 2464 9749
9749 2464 12649
2464 9749 12649
9704 841 11972
11972 841 9704
841 9704 11972
6575 10519 14505
14505 6575 10519
10519 6575 14505
11311 1518 10594
1518 10594 11311
10594 1518 11311
3298 741 5741
5741 741 3298
741 3298 5741
4280 7000 9482
9482 4280 7000
7000 4280 9482
4150 2547 9099
9099 2547 4150
2547 4150 9099
10807 1034 14636
1034 10807 14636
14636 1034 10807
6803 2803 11558
2803 6803 11558
11558 2803 6803
6276 6289 7785
6289 6276 7785
7785 6276 6289
7229 5757 13234
13234 5757 7229
5757 7229 13234
7044 6119 8962
6119 7044 8962
8962 6119 7044
11232 10199 11728
10199 11232 11728
11728 10199 11232
4252 2835 3700
3700 2835 4252
2835 3700 4252
4337 6005 10551
6005 4337 10551
10551 4337 6005
12843 4222 5946
5946 4222 12843
4222 5946 12843
1881 3675 5489
5489 1881 3675
3675 1881 5489
2354 10919 10990
10919 2354 10990
10990 2354 10919
11553 4500 9834
9834 4500 11553
4500 9834 11553
2665 5247 8040
5247 2665 8040
8040 2665 5247
11017 4146 14514
14514 4146 11017
4146 11017 14514
1507 9013 13320
13320 1507 9013
9013 1507 13320
8513 7767 9513
7767 8513 9513
9513 7767 8513
9562 10494 13624
13624 9562 10494
10494 9562 13624
1717 5004 7978
7978 1717 5004
5004 1717 7978
1343 6987 9736
6987 1343 9736
9736 1343 6987
398 5243 14787
14787 398 5243
5243 398 14787
1754 9777 10410
9777 1754 10410
10410 1754 9777
12122 8258 14201
14201 8258 12122
8258 12122 14201
11410 8921 14973
8921 11410 14973
14973 8921 11410
808 6542 11310
6542 808 11310
11310 808 6542
6855 2271 7916
7916 2271 6855
2271 6855 7916
8286 6351 14118
6351 8286 14118
14118 6351 8286
9664 557 14805
14805 557 9664
557 9664 14805
851 9921 13485
13485 851 9921
9921 851 13485
247 2679 12401
2679 247 12401
12401 247 2679
11667 361 7599
7599 361 11667
361 7599 11667
4161 6484 10283
6484 4161 10283
10283 4161 6484
10061 5229 8349
8349 5229 10061
5229 8349 10061
9912 6336 13498
6336 9912 13498
13498 6336 9912
10163 10345 12907
12907 10163 10345
10345 10163 12907
12370 10164 10281
10281 10164 12370
10164 10281 12370
462 3530 11807
3530 462 11807
11807 462 3530
9610 11970 13864
13864 9610 11970
11970 9610 13864
3968 8484 13077
13077 3968 8484
8484 3968 13077
3524 295 7868
295 3524 7868
7868 295 3524
9863 9022 14566
14566 9022 9863
9022 9863 14566
10237 1331 10393
10393 1331 10237
1331 10237 10393
7745 1382 4008
1382 4008 7745
4008 1382 7745
5841 149 7544
7544 149 5841
149 5841 7544
5341 6889 12196
6889 5341 12196
12196 5341 6889
8731 967 7435
967 7435 8731
7435 967 8731
13901 3955 6328
3955 6328 13901
6328 3955 13901
6656 2642 10965
10965 2642 6656
2642 6656 10965
2257 5089 6667
5089 2257 6667
6667 2257 5089
7048 1245 12925
1245 7048 12925
12925 1245 7048
10508 9245 14553
14553 9245 10508
9245 10508 14553
3212 670 9546
9546 670 3212
670 3212 9546
4606 8415 11535
8415 4606 11535
11535 4606 8415
12705 3932 6540
6540 3932 12705
3932 6540 12705
6594 2640 12890
2640 6594 12890
12890 2640 6594
9277 5845 10155
10155 5845 9277
5845 9277 10155
5742 2253 14527
2253 5742 14527
14527 2253 5742
7777 3773 4137
4137 3773 7777
3773 4137 7777
11153 3919 4279
3919 4279 11153
4279 3919 11153
5890 3342 9982
3342 5890 9982
9982 3342 5890
4435 8316 11628
11628 4435 8316
8316 4435 11628
4355 881 8774
8774 881 4355
881 4355 8774
8505 2939 4418
2939 4418 8505
4418 2939 8505
12762 11541 13047
11541 12762 13047
13047 11541 12762
9467 3280 8145
3280 8145 9467
8145 3280 9467
7502 9086 9124
9086 7502 9124
