87901 42547 54612
54612 42547 87901
42547 54612 87901
45286 43681 95459
43681 45286 95459
95459 43681 45286
134309 23825 32981
23825 32981 134309
32981 23825 134309
147059 84143 110293
110293 84143 147059
84143 110293 147059
27581 132054 137665
137665 27581 132054
132054 27581 137665
60546 77115 108704
108704 60546 77115
77115 60546 108704
40400 24953 136586
24953 40400 136586
136586 24953 40400
145437 64284 114882
114882 64284 145437
64284 114882 145437
135547 12073 15874
15874 12073 135547
12073 15874 135547
63695 4968 41653
41653 4968 63695
4968 41653 63695
149497 52683 132303
132303 52683 149497
52683 132303 149497
71120 9650 93190
93190 9650 71120
9650 71120 93190
123408 65824 85816
85816 65824 123408
65824 85816 123408
124873 87676 107570
87676 107570 124873
107570 87676 124873
54052 1566 128155
128155 1566 54052
1566 54052 128155
34921 37183 147154
147154 34921 37183
37183 34921 147154
114290 29232 51626
29232 51626 114290
51626 29232 114290
44668 84381 137188
137188 44668 84381
84381 44668 137188
34633 35916 108841
108841 34633 35916
35916 34633 108841
92788 62108 143263
62108 92788 143263
143263 62108 92788
94788 54923 141125
54923 94788 141125
141125 54923 94788
61462 65201 129758
65201 61462 129758
129758 61462 65201
91374 12049 84540
84540 12049 91374
12049 84540 91374
56199 99931 116976
116976 56199 99931
99931 56199 116976
12713 84890 142392
84890 12713 142392
142392 12713 84890
80718 4792 20982
4792 20982 80718
20982 4792 80718
85252 38284 99421
38284 85252 99421
99421 38284 85252
82155 141791 143467
143467 82155 141791
141791 82155 143467
27837 19826 52854
52854 19826 27837
19826 27837 52854
138721 19627 121466
121466 19627 138721
19627 121466 138721
45735 16192 43121
16192 43121 45735
43121 16192 45735
41741 12969 59000
12969 41741 59000
59000 12969 41741
85868 7272 57004
7272 57004 85868
57004 7272 85868
91830 40997 77408
77408 40997 91830
40997 77408 91830
116053 29436 77024
29436 77024 116053
77024 29436 116053
93175 40123 105329
40123 93175 105329
105329 40123 93175
16604 4241 63806
63806 4241 16604
4241 16604 63806
103856 1622 68905
68905 1622 103856
1622 68905 103856
125381 69718 87291
69718 87291 125381
87291 69718 125381
8724 145394 148569
148569 8724 145394
145394 8724 148569
53487 30710 42305
30710 42305 53487
42305 30710 53487
140532 109115 138319
138319 109115 140532
109115 138319 140532
69698 31049 78207
31049 69698 78207
78207 31049 69698
78868 87556 143440
143440 78868 87556
87556 78868 143440
83127 30813 81091
81091 30813 83127
30813 81091 83127
6131 26815 148423
148423 6131 26815
26815 6131 148423
32898 73612 77842
73612 32898 77842
77842 32898 73612
16747 6298 15865
6298 15865 16747
15865 6298 16747
145807 93370 99520
93370 99520 145807
99520 93370 145807
62717 12942 31515
12942 31515 62717
31515 12942 62717
131071 30182 65066
65066 30182 131071
30182 65066 131071
67022 10349 62612
10349 62612 67022
62612 10349 67022
10184 29636 75170
29636 10184 75170
75170 10184 29636
107260 13277 18420
13277 18420 107260
18420 13277 107260
116300 20442 100241
100241 20442 116300
20442 100241 116300
100517 67406 139170
67406 100517 139170
139170 67406 100517
49073 112199 118849
112199 49073 118849
118849 49073 112199
47663 70917 89606
70917 47663 89606
89606 47663 70917
46580 42346 75138
75138 42346 46580
42346 46580 75138
116659 18321 65434
18321 65434 116659
65434 18321 116659
118122 37411 41026
41026 37411 118122
37411 41026 118122
140851 53111 119211
53111 119211 140851
119211 53111 140851
135676 17255 83620
83620 17255 135676
17255 83620 135676
106931 27270 60642
60642 27270 106931
27270 60642 106931
88813 53535 132803
53535 88813 132803
132803 53535 88813
130287 33894 36746
36746 33894 130287
33894 36746 130287
115923 25919 142051
142051 25919 115923
25919 115923 142051
29861 56548 103675
103675 29861 56548
56548 29861 103675
24296 101005 148407
101005 24296 148407
148407 24296 101005
72471 21609 127388
21609 72471 127388
127388 21609 72471
53538 114425 149085
149085 53538 114425
114425 53538 149085
959 88197 113867
88197 959 113867
113867 959 88197
122631 23660 67253
67253 23660 122631
23660 67253 122631
37047 21709 45810
21709 37047 45810
45810 21709 37047
19277 26299 51193
51193 19277 26299
26299 19277 51193
6616 86945 121131
86945 6616 121131
121131 6616 86945
28028 56571 97764
56571 28028 97764
97764 28028 56571
95165 5128 141475
141475 5128 95165
5128 95165 141475
138199 29118 30466
30466 29118 138199
29118 30466 138199
95860 42550 69116
42550 69116 95860
69116 42550 95860
98314 113026 144763
113026 98314 144763
144763 98314 113026
58278 66587 105644
66587 58278 105644
105644 58278 66587
53203 82925 149204
149204 53203 82925
82925 53203 149204
78965 39216 99754
39216 78965 99754
99754 39216 78965
119123 23453 139877
23453 119123 139877
139877 23453 119123
89843 791 130265
130265 791 89843
791 89843 130265
33124 71083 147798
147798 33124 71083
71083 33124 147798
81653 8104 79826
79826 8104 81653
8104 79826 81653
74289 61428 63878
63878 61428 74289
61428 63878 74289
72070 51640 134527
51640 72070 134527
134527 51640 72070
130388 4729 27672
27672 4729 130388
4729 27672 130388
3826 23119 132102
23119 3826 132102
132102 3826 23119
17474 11611 52422
11611 17474 52422
52422 11611 17474
60858 67305 145167
145167 60858 67305
67305 60858 145167
38459 106101 124634
106101 38459 124634
124634 38459 106101
121124 25577 132122
25577 121124 132122
132122 25577 121124
46086 3010 51388
51388 3010 46086
3010 46086 51388
15765 106265 133739
133739 15765 106265
106265 15765 133739
41516 87708 127907
127907 41516 87708
87708 41516 127907
118972 60987 67826
67826 60987 118972
60987 67826 118972
23980 15567 102569
15567 23980 102569
102569 15567 23980
74782 12993 101269
101269 12993 74782
12993 74782 101269
53916 97524 128098
97524 53916 128098
128098 53916 97524
87735 61608 145204
145204 61608 87735
61608 87735 145204
53627 57911 109071
57911 53627 109071
109071 53627 57911
92070 37599 128021
37599 92070 128021
128021 37599 92070
105758 74636 95749
95749 74636 105758
74636 95749 105758
124749 44834 144734
44834 124749 144734
144734 44834 124749
35592 33756 60661
60661 33756 35592
33756 35592 60661
66990 120983 123718
120983 66990 123718
123718 66990 120983
22941 62701 146566
146566 22941 62701
62701 22941 146566
81204 71122 141245
71122 81204 141245
141245 71122 81204
79659 835 98487
98487 835 79659
835 79659 98487
11417 21988 99654
99654 11417 21988
21988 11417 99654
77969 99136 138588
138588 77969 99136
99136 77969 138588
11677 82909 111551
82909 11677 111551
111551 11677 82909
30204 15741 101158
101158 15741 30204
15741 30204 101158
77770 20542 133140
133140 20542 77770
20542 77770 133140
117297 59285 127327
127327 59285 117297
59285 117297 127327
98373 30811 110412
110412 30811 98373
30811 98373 110412
94185 91794 116031
91794 94185 116031
116031 91794 94185
30301 27516 62585
27516 30301 62585
62585 27516 30301
4672 26820 59935
26820 4672 59935
59935 4672 26820
142012 30642 115167
115167 30642 142012
30642 115167 142012
89019 22862 38791
38791 22862 89019
22862 38791 89019
116694 22061 57081
22061 57081 116694
57081 22061 116694
102394 20390 139161
20390 102394 139161
139161 20390 102394
88602 24814 82467
24814 82467 88602
82467 24814 88602
78678 45068 64133
64133 45068 78678
45068 64133 78678
49127 33585 53536
33585 49127 53536
53536 33585 49127
68959 56252 142186
56252 68959 142186
142186 56252 68959
36852 18569 107795
107795 18569 36852
18569 36852 107795
73208 80933 85768
80933 73208 85768
85768 73208 80933
63625 67862 148769
67862 63625 148769
148769 63625 67862
146742 58102 111735
111735 58102 146742
58102 111735 146742
93013 3026 38595
38595 3026 93013
3026 38595 93013
81758 6160 72575
72575 6160 81758
6160 72575 81758
131206 87082 90201
87082 90201 131206
90201 87082 131206
33271 19295 82297
19295 33271 82297
82297 19295 33271
91077 141750 145862
145862 91077 141750
141750 91077 145862
108954 84288 116986
116986 84288 108954
84288 108954 116986
77672 39737 55601
39737 55601 77672
55601 39737 77672
141712 8560 104565
8560 104565 141712
104565 8560 141712
107696 84310 149343
84310 107696 149343
149343 84310 107696
58656 59680 132554
132554 58656 59680
59680 58656 132554
58141 52116 142327
52116 58141 142327
142327 52116 58141
138483 82652 137736
82652 137736 138483
137736 82652 138483
97856 2830 80985
2830 80985 97856
80985 2830 97856
88089 17505 69746
69746 17505 88089
17505 69746 88089
105675 6134 96633
6134 96633 105675
96633 6134 105675
70906 118913 130271
130271 70906 118913
118913 70906 130271
105107 49220 126288
126288 49220 105107
49220 105107 126288
73560 83147 108365
83147 73560 108365
108365 73560 83147
47277 68780 97108
68780 47277 97108
97108 47277 68780
26838 50752 60447
50752 26838 60447
60447 26838 50752
109762 5267 123771
123771 5267 109762
5267 109762 123771
67780 113115 130133
113115 67780 130133
130133 67780 113115
51695 41375 127288
127288 41375 51695
41375 51695 127288
8858 31326 141545
141545 8858 31326
31326 8858 141545
100812 13722 29054
29054 13722 100812
13722 29054 100812
62151 3692 20869
3692 20869 62151
20869 3692 62151
133877 49679 83198
83198 49679 133877
49679 83198 133877
53971 20189 67687
67687 20189 53971
20189 53971 67687
42456 20294 131538
20294 42456 131538
131538 20294 42456
65512 36331 66891
36331 65512 66891
66891 36331 65512
111038 106871 131612
131612 106871 111038
106871 111038 131612
139845 76691 80907
76691 80907 139845
80907 76691 139845
65504 10162 138696
10162 65504 138696
138696 10162 65504
128652 62560 149541
149541 62560 128652
62560 128652 149541
32318 19857 65591
65591 19857 32318
19857 32318 65591
76639 99129 109123
109123 76639 99129
99129 76639 109123
116134 14351 36554
36554 14351 116134
14351 36554 116134
59531 60127 146540
146540 59531 60127
60127 59531 146540
45554 29135 114939
29135 45554 114939
114939 29135 45554
120842 88737 89999
88737 89999 120842
89999 88737 120842
131763 20642 98274
98274 20642 131763
20642 98274 131763
134999 10691 40432
40432 10691 134999
10691 40432 134999
87441 8502 117235
117235 8502 87441
8502 87441 117235
71890 58766 128980
128980 58766 71890
58766 71890 128980
44914 104933 109785
104933 44914 109785
109785 44914 104933
4103 24849 74054
74054 4103 24849
24849 4103 74054
75504 107776 140926
140926 75504 107776
107776 75504 140926
97827 27004 131965
27004 97827 131965
131965 27004 97827
139555 52473 83514
83514 52473 139555
52473 83514 139555
137342 182 70744
182 70744 137342
70744 182 137342
15532 29748 74309
74309 15532 29748
29748 15532 74309
47384 107004 134891
134891 47384 107004
107004 47384 134891
132445 50939 86999
86999 50939 132445
50939 86999 132445
45941 64392 106232
106232 45941 64392
64392 45941 106232
106936 14679 43994
43994 14679 106936
14679 43994 106936
118403 34398 39070
34398 39070 118403
39070 34398 118403
126654 38647 64292
64292 38647 126654
38647 64292 126654
19379 43404 148781
43404 19379 148781
148781 19379 43404
3342 89902 128804
89902 3342 128804
128804 3342 89902
121520 1016 99041
1016 99041 121520
99041 1016 121520
48648 38474 106242
106242 38474 48648
38474 48648 106242
123376 60943 129287
129287 60943 123376
60943 123376 129287
146939 79330 127741
127741 79330 146939
79330 127741 146939
146142 77023 148793
148793 77023 146142
77023 146142 148793
21188 82842 126645
126645 21188 82842
82842 21188 126645
60459 91321 145368
91321 60459 145368
145368 60459 91321
110373 73004 92710
73004 92710 110373
92710 73004 110373
39856 21869 88575
21869 39856 88575
88575 21869 39856
987 22373 145172
145172 987 22373
22373 987 145172
129323 113351 114700
114700 113351 129323
113351 114700 129323
63177 45547 90024
90024 45547 63177
45547 63177 90024
5702 6994 39309
6994 5702 39309
39309 5702 6994
25322 12499 133528
12499 25322 133528
133528 12499 25322
105241 111524 136924
111524 105241 136924
136924 105241 111524
99494 22544 127465
127465 22544 99494
22544 99494 127465
101199 18443 21403
21403 18443 101199
18443 21403 101199
48471 64007 141939
141939 48471 64007
64007 48471 141939
76840 13977 35190
35190 13977 76840
13977 35190 76840
17171 18649 58696
18649 17171 58696
58696 17171 18649
69370 19632 92615
92615 19632 69370
19632 69370 92615
140800 8568 137425
137425 8568 140800
8568 137425 140800
54932 60627 116304
116304 54932 60627
60627 54932 116304
84419 42595 138151
138151 42595 84419
42595 84419 138151
133246 38482 69222
69222 38482 133246
38482 69222 133246
79478 47154 106864
47154 79478 106864
106864 47154 79478
111673 34965 77963
77963 34965 111673
34965 77963 111673
133704 23030 43166
43166 23030 133704
23030 43166 133704
133186 28955 47107
28955 47107 133186
47107 28955 133186
135241 9780 120357
9780 120357 135241
120357 9780 135241
59926 113962 131101
131101 59926 113962
113962 59926 131101
92602 41859 108207
108207 41859 92602
41859 92602 108207
61320 6183 8212
8212 6183 61320
6183 8212 61320
946 52014 146579
146579 946 52014
52014 946 146579
141783 46248 126922
46248 126922 141783
126922 46248 141783
135668 64831 70384
70384 64831 135668
64831 70384 135668
140555 92167 146136
146136 92167 140555
92167 140555 146136
96956 11125 81709
11125 81709 96956
81709 11125 96956
25447 53184 76809
76809 25447 53184
53184 25447 76809
30776 29125 99516
99516 29125 30776
29125 30776 99516
114915 81559 146162
146162 81559 114915
81559 114915 146162
59581 101786 125608
125608 59581 101786
101786 59581 125608
103739 11625 79815
11625 79815 103739
79815 11625 103739
26065 15196 80159
15196 26065 80159
80159 15196 26065
120393 49183 72720
49183 72720 120393
72720 49183 120393
47182 20217 27750
20217 27750 47182
27750 20217 47182
10404 100841 119587
119587 10404 100841
100841 10404 119587
46846 114990 143185
114990 46846 143185
143185 46846 114990
109828 79463 95552
79463 95552 109828
95552 79463 109828
90204 37319 43301
43301 37319 90204
37319 43301 90204
54460 36446 124466
124466 36446 54460
36446 54460 124466
31201 87591 100546
100546 31201 87591
87591 31201 100546
85284 103840 111181
103840 85284 111181
111181 85284 103840
111295 42887 98137
98137 42887 111295
42887 98137 111295
120652 20103 141007
20103 120652 141007
141007 20103 120652
17751 53646 148882
148882 17751 53646
53646 17751 148882
25432 1831 77460
77460 1831 25432
1831 25432 77460
140574 9716 146030
146030 9716 140574
9716 140574 146030
93803 83996 109806
83996 93803 109806
109806 83996 93803
65476 11349 80219
11349 65476 80219
80219 11349 65476
82735 38068 146657
146657 38068 82735
38068 82735 146657
46854 56953 73523
56953 46854 73523
73523 46854 56953
133956 15608 98652
98652 15608 133956
15608 98652 133956
145467 60645 64396
64396 60645 145467
60645 64396 145467
55091 134110 143802
143802 55091 134110
134110 55091 143802
79576 69980 140483
140483 69980 79576
69980 79576 140483
123887 31446 78291
31446 78291 123887
78291 31446 123887
28149 43967 80680
43967 28149 80680
80680 28149 43967
119083 72413 100299
72413 100299 119083
100299 72413 119083
69817 3229 88577
88577 3229 69817
3229 69817 88577
10452 93073 125811
93073 10452 125811
125811 10452 93073
34554 53694 74557
74557 34554 53694
53694 34554 74557
41920 6475 147507
147507 6475 41920
6475 41920 147507
116052 24489 57535
57535 24489 116052
24489 57535 116052
104134 53110 98442
98442 53110 104134
53110 98442 104134
18713 52423 142626
52423 18713 142626
142626 18713 52423
107380 73141 89752
73141 89752 107380
89752 73141 107380
87498 53787 64829
64829 53787 87498
53787 64829 87498
2885 35033 87543
35033 2885 87543
87543 2885 35033
147674 107043 144602
144602 107043 147674
107043 144602 147674
147561 103487 145002
103487 145002 147561
145002 103487 147561
11266 92201 141481
92201 11266 141481
141481 11266 92201
123398 79484 83543
83543 79484 123398
79484 83543 123398
74002 97635 146943
97635 74002 146943
146943 74002 97635
111153 1513 126504
126504 1513 111153
1513 111153 126504
104201 2068 111784
111784 2068 104201
2068 104201 111784
110098 13814 62999
62999 13814 110098
13814 62999 110098
101397 93928 125087
125087 93928 101397
93928 101397 125087
83122 19570 74127
19570 74127 83122
74127 19570 83122
10066 44833 117378
117378 10066 44833
44833 10066 117378
62610 61209 138280
138280 61209 62610
61209 62610 138280
25208 42343 142755
142755 25208 42343
42343 25208 142755
74794 64667 106302
106302 64667 74794
64667 74794 106302
72376 1541 89502
89502 1541 72376
1541 72376 89502
58679 32735 116871
116871 32735 58679
32735 58679 116871
147732 29698 39513
29698 39513 147732
39513 29698 147732
43292 90298 133185
90298 43292 133185
133185 43292 90298
144789 14855 59397
59397 14855 144789
14855 59397 144789
141172 41971 67409
67409 41971 141172
41971 67409 141172
18993 67894 130344
130344 18993 67894
67894 18993 130344
60222 4230 52508
52508 4230 60222
4230 52508 60222
9430 114929 144369
114929 9430 144369
144369 9430 114929
138194 17931 107759
17931 107759 138194
107759 17931 138194
139257 46839 130894
130894 46839 139257
46839 130894 139257
72809 24863 44471
24863 44471 72809
44471 24863 72809
114081 23725 45709
45709 23725 114081
23725 45709 114081
85358 95406 138681
138681 85358 95406
95406 85358 138681
83442 8767 79158
79158 8767 83442
8767 79158 83442
36533 95795 120529
95795 36533 120529
120529 36533 95795
22483 51396 66316
66316 22483 51396
51396 22483 66316
91987 82619 87469
82619 87469 91987
87469 82619 91987
82524 115853 142690
115853 82524 142690
142690 82524 115853
113153 131957 133835
131957 113153 133835
133835 113153 131957
70123 50095 60616
50095 60616 70123
60616 50095 70123
44023 9717 141200
141200 9717 44023
9717 44023 141200
112796 14517 49357
14517 49357 112796
49357 14517 112796
57629 20690 122474
20690 57629 122474
122474 20690 57629
4237 2484 146842
2484 4237 146842
146842 2484 4237
74286 53717 121166
53717 74286 121166
121166 53717 74286
58242 36107 37336
37336 36107 58242
36107 37336 58242
20071 41172 92656
92656 20071 41172
41172 20071 92656
98247 75966 130415
130415 75966 98247
75966 98247 130415
148715 101747 139090
101747 139090 148715
139090 101747 148715
49011 39033 73533
73533 39033 49011
39033 49011 73533
81873 28829 122434
122434 28829 81873
28829 81873 122434
33652 27108 29730
27108 29730 33652
29730 27108 33652
69014 32421 100085
32421 69014 100085
100085 32421 69014
41508 10445 26424
26424 10445 41508
10445 26424 41508
6696 51914 122917
122917 6696 51914
51914 6696 122917
54285 52837 136339
136339 52837 54285
52837 54285 136339
149741 112804 145783
112804 145783 149741
145783 112804 149741
96180 13662 116786
13662 96180 116786
116786 13662 96180
66610 28112 63460
28112 63460 66610
63460 28112 66610
13360 1046 112399
112399 1046 13360
1046 13360 112399
29117 36863 101887
101887 29117 36863
36863 29117 101887
2420 99254 114954
99254 2420 114954
114954 2420 99254
76397 86640 132246
86640 76397 132246
132246 76397 86640
131719 486 74049
74049 486 131719
486 74049 131719
121671 23424 37631
37631 23424 121671
23424 37631 121671
77822 35348 136508
136508 35348 77822
35348 77822 136508
69588 19383 45662
19383 45662 69588
45662 19383 69588
9705 55708 93860
55708 9705 93860
93860 9705 55708
109206 68621 109329
109329 68621 109206
68621 109206 109329
89450 77547 85301
85301 77547 89450
77547 85301 89450
22790 104189 105601
104189 22790 105601
105601 22790 104189
32533 123258 130377
130377 32533 123258
123258 32533 130377
148795 28386 95666
95666 28386 148795
28386 95666 148795
70 79305 122188
122188 70 79305
79305 70 122188
148664 64525 68060
68060 64525 148664
64525 68060 148664
25928 22823 135865
22823 25928 135865
135865 22823 25928
11160 133445 137134
133445 11160 137134
137134 11160 133445
19643 95938 141127
141127 19643 95938
95938 19643 141127
9834 70136 91846
70136 9834 91846
91846 9834 70136
65229 35345 113130
35345 65229 113130
113130 35345 65229
32095 23290 149237
149237 23290 32095
23290 32095 149237
77251 94611 131858
131858 77251 94611
94611 77251 131858
108425 13933 59871
13933 59871 108425
59871 13933 108425
102100 52911 135253
52911 102100 135253
135253 52911 102100
78551 109216 140422
109216 78551 140422
140422 78551 109216
149422 88532 107120
88532 107120 149422
107120 88532 149422
30966 108532 110662
110662 30966 108532
108532 30966 110662
55031 1698 148332
148332 1698 55031
1698 55031 148332
44520 79641 86051
86051 44520 79641
79641 44520 86051
94860 94884 103920
94884 94860 103920
103920 94860 94884
22433 61655 71771
61655 22433 71771
71771 22433 61655
55568 65477 142032
142032 55568 65477
65477 55568 142032
87024 48163 95189
48163 87024 95189
95189 48163 87024
87528 71367 85109
71367 85109 87528
85109 71367 87528
10225 45531 80074
45531 10225 80074
80074 10225 45531
80247 85145 106877
106877 80247 85145
85145 80247 106877
58529 126481 142121
126481 58529 142121
142121 58529 126481
11830 28869 89984
89984 11830 28869
28869 11830 89984
14123 4351 98965
98965 4351 14123
4351 14123 98965
95758 80180 147948
147948 80180 95758
80180 95758 147948
94714 10912 101531
10912 94714 101531
101531 10912 94714
146213 48682 67186
67186 48682 146213
48682 67186 146213
20030 39837 102759
102759 20030 39837
39837 20030 102759
108555 107396 136490
107396 108555 136490
136490 107396 108555
84239 52026 131534
131534 52026 84239
52026 84239 131534
144609 69703 96736
69703 96736 144609
96736 69703 144609
110625 13002 94318
13002 94318 110625
94318 13002 110625
81940 36013 78009
78009 36013 81940
36013 78009 81940
73272 21623 31901
31901 21623 73272
21623 31901 73272
72196 53977 114234
53977 72196 114234
114234 53977 72196
139619 106111 107531
106111 107531 139619
107531 106111 139619
129633 5501 45728
5501 45728 129633
45728 5501 129633
22511 64257 106128
106128 22511 64257
64257 22511 106128
61930 61710 79396
61710 61930 79396
79396 61710 61930
49338 30677 110758
110758 30677 49338
30677 49338 110758
95539 25840 101139
25840 95539 101139
101139 25840 95539
116459 41215 88940
41215 88940 116459
88940 41215 116459
79933 9793 137579
137579 9793 79933
9793 79933 137579
46915 23011 146888
146888 23011 46915
23011 46915 146888
52106 41670 133073
41670 52106 133073
133073 41670 52106
111968 65983 68782
65983 68782 111968
68782 65983 111968
19023 95368 131571
95368 19023 131571
131571 19023 95368
119166 116142 147410
116142 119166 147410
147410 116142 119166
79951 94206 142880
142880 79951 94206
94206 79951 142880
117060 23378 48360
23378 48360 117060
48360 23378 117060
148481 84583 149480
84583 148481 149480
149480 84583 148481
79338 102977 115000
102977 79338 115000
115000 79338 102977
4915 30570 117289
30570 4915 117289
117289 4915 30570
18687 34041 97908
97908 18687 34041
34041 18687 97908
49261 8403 21376
8403 21376 49261
21376 8403 49261
116890 37410 51506
51506 37410 116890
37410 51506 116890
46353 16734 139288
139288 16734 46353
16734 46353 139288
112227 12107 110003
110003 12107 112227
12107 110003 112227
133730 44647 108469
44647 108469 133730
108469 44647 133730
76258 22070 69891
69891 22070 76258
22070 69891 76258
53265 48450 117461
117461 48450 53265
48450 53265 117461
42206 59428 70153
70153 42206 59428
59428 42206 70153
60083 8380 26153
26153 8380 60083
8380 26153 60083
141426 14710 27209
27209 14710 141426
14710 27209 141426
125934 77689 114872
114872 77689 125934
77689 114872 125934
115068 93527 128900
93527 115068 128900
128900 93527 115068
73841 116819 126620
116819 73841 126620
126620 73841 116819
149732 53805 128877
53805 128877 149732
128877 53805 149732
36042 80501 102477
80501 36042 102477
102477 36042 80501
147291 77304 86519
77304 86519 147291
86519 77304 147291
1515 33187 127155
33187 1515 127155
127155 1515 33187
31801 115007 141980
141980 31801 115007
115007 31801 141980
122811 1149 106382
106382 1149 122811
1149 106382 122811
121243 25614 37654
25614 37654 121243
37654 25614 121243
99150 70170 91115
91115 70170 99150
70170 91115 99150
56736 46408 107125
107125 46408 56736
46408 56736 107125
45369 135532 141942
135532 45369 141942
141942 45369 135532
32452 18275 89681
89681 18275 32452
18275 32452 89681
67970 43784 107087
43784 67970 107087
107087 43784 67970
38467 103498 135684
103498 38467 135684
135684 38467 103498
19331 43591 120101
120101 19331 43591
43591 19331 120101
56547 53141 138231
53141 56547 138231
138231 53141 56547
130503 91424 141232
91424 130503 141232
141232 91424 130503
131080 102308 115479
102308 115479 131080
115479 102308 131080
88744 30977 48966
48966 30977 88744
30977 48966 88744
47769 87143 147628
87143 47769 147628
147628 47769 87143
740 100394 140105
100394 740 140105
140105 740 100394
127545 70496 72149
70496 72149 127545
72149 70496 127545
3036 11658 101151
101151 3036 11658
11658 3036 101151
70698 116783 121669
121669 70698 116783
116783 70698 121669
15940 80246 94944
80246 15940 94944
94944 15940 80246
128518 60268 104645
60268 104645 128518
104645 60268 128518
136724 88851 97798
97798 88851 136724
88851 97798 136724
67433 125793 128762
128762 67433 125793
125793 67433 128762
10007 65101 106712
65101 10007 106712
106712 10007 65101
140029 3608 20991
20991 3608 140029
3608 20991 140029
2080 7256 14154
7256 2080 14154
14154 2080 7256
22209 12084 120712
12084 22209 120712
120712 12084 22209
61473 37495 81923
81923 37495 61473
37495 61473 81923
122559 4678 136499
4678 122559 136499
136499 4678 122559
128099 30996 106084
30996 106084 128099
106084 30996 128099
84327 50535 75273
75273 50535 84327
50535 75273 84327
42993 23488 98313
98313 23488 42993
23488 42993 98313
45606 17750 129725
17750 45606 129725
129725 17750 45606
43764 21440 121488
121488 21440 43764
21440 43764 121488
56952 48349 92769
48349 56952 92769
92769 48349 56952
136741 109757 131710
131710 109757 136741
109757 131710 136741
35275 75568 92478
92478 35275 75568
75568 35275 92478
117309 53417 80620
53417 80620 117309
80620 53417 117309
37835 14771 103288
14771 37835 103288
103288 14771 37835
33163 85654 146527
85654 33163 146527
146527 33163 85654
138274 17038 74117
74117 17038 138274
17038 74117 138274
28438 78238 82417
78238 28438 82417
82417 28438 78238
54000 138362 139650
139650 54000 138362
138362 54000 139650
128223 22108 46585
22108 46585 128223
46585 22108 128223
42560 11415 38355
11415 38355 42560
38355 11415 42560
64933 60038 131886
60038 64933 131886
131886 60038 64933
33326 65473 109534
109534 33326 65473
65473 33326 109534
129681 89617 115227
89617 115227 129681
115227 89617 129681
135260 2795 61650
2795 61650 135260
61650 2795 135260
3703 29390 93548
29390 3703 93548
93548 3703 29390
20966 99156 113519
113519 20966 99156
99156 20966 113519
87104 24180 149049
149049 24180 87104
24180 87104 149049
88354 31470 76562
31470 76562 88354
76562 31470 88354
42225 65266 66193
65266 42225 66193
66193 42225 65266
32983 137605 138166
138166 32983 137605
137605 32983 138166
2736 19680 71991
19680 2736 71991
71991 2736 19680
16359 56718 93137
93137 16359 56718
56718 16359 93137
66205 79104 108684
108684 66205 79104
79104 66205 108684
44890 113624 144259
113624 44890 144259
144259 44890 113624
10068 39955 46207
39955 10068 46207
46207 10068 39955
21076 39119 95971
39119 21076 95971
95971 21076 39119
24316 7188 149561
7188 24316 149561
149561 7188 24316
134270 34254 136063
34254 134270 136063
136063 34254 134270
112173 118676 139748
139748 112173 118676
118676 112173 139748
134798 42091 130440
42091 130440 134798
130440 42091 134798
33125 12490 54442
54442 12490 33125
12490 33125 54442
75476 11577 65763
11577 65763 75476
65763 11577 75476
90954 92650 106183
92650 90954 106183
106183 90954 92650
18084 38499 106564
38499 18084 106564
106564 18084 38499
59538 62775 149856
149856 59538 62775
62775 59538 149856
98765 25437 83885
25437 83885 98765
83885 25437 98765
135650 11541 16925
11541 16925 135650
16925 11541 135650
115936 55480 55891
55891 55480 115936
55480 55891 115936
111807 11969 15692
15692 11969 111807
11969 15692 111807
34618 17582 147269
147269 17582 34618
17582 34618 147269
108843 8498 138687
138687 8498 108843
8498 108843 138687
3235 133259 147106
147106 3235 133259
133259 3235 147106
110751 96622 130179
130179 96622 110751
96622 110751 130179
47200 15596 23743
23743 15596 47200
15596 23743 47200
111292 29882 79856
79856 29882 111292
29882 79856 111292
67997 792 67806
67806 792 67997
792 67806 67997
140399 49051 94351
94351 49051 140399
49051 94351 140399
82425 17796 82325
82325 17796 82425
17796 82325 82425
68363 53283 133586
53283 68363 133586
133586 53283 68363
71592 31799 59386
59386 31799 71592
31799 59386 71592
60745 134 54854
134 54854 60745
54854 134 60745
17992 852 144347
144347 852 17992
852 17992 144347
25346 41405 148561
41405 25346 148561
148561 25346 41405
3288 83295 125545
125545 3288 83295
83295 3288 125545
101258 87728 111161
111161 87728 101258
87728 101258 111161
92206 69069 70515
70515 69069 92206
69069 70515 92206
8948 53701 96536
53701 8948 96536
96536 8948 53701
53259 39077 71776
39077 53259 71776
71776 39077 53259
98262 28550 76666
28550 76666 98262
76666 28550 98262
13313 128869 128924
128869 13313 128924
128924 13313 128869
18654 13181 30040
13181 18654 30040
30040 13181 18654
115726 82790 145856
145856 82790 115726
82790 115726 145856
74145 15529 24291
15529 24291 74145
24291 15529 74145
130461 17748 45412
17748 45412 130461
45412 17748 130461
84909 10237 145608
145608 10237 84909
10237 84909 145608
1406 43049 57783
43049 1406 57783
57783 1406 43049
135457 51348 75517
51348 75517 135457
75517 51348 135457
119754 56505 102427
102427 56505 119754
56505 102427 119754
123259 6857 8701
8701 6857 123259
6857 8701 123259
31017 10310 67046
10310 31017 67046
67046 10310 31017
104308 25302 38075
25302 38075 104308
38075 25302 104308
59913 78813 111921
78813 59913 111921
111921 59913 78813
122702 128150 139008
128150 122702 139008
139008 122702 128150
147523 6280 16919
16919 6280 147523
6280 16919 147523
56216 50705 139742
50705 56216 139742
139742 50705 56216
105255 84703 93684
84703 93684 105255
93684 84703 105255
126787 1319 110145
1319 110145 126787
110145 1319 126787
43810 29006 52961
52961 29006 43810
29006 43810 52961
119042 2781 106519
2781 106519 119042
106519 2781 119042
66356 119045 139957
139957 66356 119045
119045 66356 139957
104894 19252 112251
19252 104894 112251
112251 19252 104894
2326 26300 105714
26300 2326 105714
105714 2326 26300
11085 18624 128173
18624 11085 128173
128173 11085 18624
94349 32882 71191
32882 71191 94349
71191 32882 94349
19084 103461 110177
103461 19084 110177
110177 19084 103461
22666 26154 114604
26154 22666 114604
114604 22666 26154
23366 123157 141739
123157 23366 141739
141739 23366 123157
74291 42912 66158
42912 66158 74291
66158 42912 74291
840 25110 105115
105115 840 25110
25110 840 105115
70749 116434 117786
117786 70749 116434
116434 70749 117786
84490 103367 110698
103367 84490 110698
110698 84490 103367
147804 63133 141910
63133 141910 147804
141910 63133 147804
2424 77931 136864
77931 2424 136864
136864 2424 77931
36194 30726 93332
30726 36194 93332
93332 30726 36194
121886 37991 113822
113822 37991 121886
37991 113822 121886
76268 10473 61618
61618 10473 76268
10473 61618 76268
137526 52324 101436
52324 101436 137526
101436 52324 137526
30596 82974 117834
117834 30596 82974
82974 30596 117834
110006 17921 20747
20747 17921 110006
17921 20747 110006
146298 49789 85992
49789 85992 146298
85992 49789 146298
134074 51507 107157
51507 107157 134074
107157 51507 134074
83790 2727 138923
138923 2727 83790
2727 83790 138923
65240 64356 118769
118769 64356 65240
64356 65240 118769
111120 63239 87148
87148 63239 111120
63239 87148 111120
115750 39652 81494
39652 81494 115750
81494 39652 115750
124277 34745 112074
34745 112074 124277
112074 34745 124277
114015 5304 134333
5304 114015 134333
134333 5304 114015
136737 79841 110244
110244 79841 136737
79841 110244 136737
36291 890 82627
890 36291 82627
82627 890 36291
68094 64203 142058
64203 68094 142058
142058 64203 68094
59236 62744 98183
98183 59236 62744
62744 59236 98183
102821 10598 82161
10598 82161 102821
82161 10598 102821
48845 4682 39664
4682 39664 48845
39664 4682 48845
66607 88752 100830
100830 66607 88752
88752 66607 100830
109860 4571 92884
4571 92884 109860
92884 4571 109860
19463 40559 69639
69639 19463 40559
40559 19463 69639
29791 18166 126769
18166 29791 126769
126769 18166 29791
132683 120553 147815
120553 132683 147815
147815 120553 132683
3257 4458 69050
4458 3257 69050
69050 3257 4458
105187 15511 121794
121794 15511 105187
15511 105187 121794
11626 19370 106761
19370 11626 106761
106761 11626 19370
124209 42384 139598
42384 124209 139598
139598 42384 124209
148374 94369 137903
137903 94369 148374
94369 137903 148374
38914 97787 143077
143077 38914 97787
97787 38914 143077
130699 39471 123671
39471 123671 130699
123671 39471 130699
41293 40359 105155
105155 40359 41293
40359 41293 105155
21749 19051 26321
26321 19051 21749
19051 21749 26321
36133 990 20034
990 20034 36133
20034 990 36133
94700 110224 111317
110224 94700 111317
111317 94700 110224
70259 83003 126084
126084 70259 83003
83003 70259 126084
81771 60718 83829
83829 60718 81771
60718 81771 83829
44905 11338 68643
11338 44905 68643
68643 11338 44905
88290 41824 64497
41824 64497 88290
64497 41824 88290
16865 21113 41211
41211 16865 21113
21113 16865 41211
147949 26081 64452
64452 26081 147949
26081 64452 147949
51335 69719 105325
105325 51335 69719
69719 51335 105325
83683 129812 142275
129812 83683 142275
142275 83683 129812
130510 66863 109454
109454 66863 130510
66863 109454 130510
60180 22807 49129
49129 22807 60180
22807 49129 60180
128561 69460 146029
69460 128561 146029
146029 69460 128561
18708 104360 145944
104360 18708 145944
145944 18708 104360
93899 34967 132923
34967 93899 132923
132923 34967 93899
83272 97505 100612
97505 83272 100612
100612 83272 97505
58611 70611 113621
113621 58611 70611
70611 58611 113621
67617 116760 126861
116760 67617 126861
126861 67617 116760
80293 15580 23363
23363 15580 80293
15580 23363 80293
140814 2386 65677
2386 65677 140814
65677 2386 140814
3500 52405 104105
52405 3500 104105
104105 3500 52405
122683 67663 145672
67663 122683 145672
145672 67663 122683
93787 37637 44425
44425 37637 93787
37637 44425 93787
119104 56619 89025
89025 56619 119104
56619 89025 119104
40949 25487 125967
125967 25487 40949
25487 40949 125967
109813 106777 108624
106777 108624 109813
108624 106777 109813
125195 34659 132328
34659 125195 132328
132328 34659 125195
39634 78267 91891
91891 39634 78267
78267 39634 91891
141833 66510 87856
66510 87856 141833
87856 66510 141833
86461 87189 110951
87189 86461 110951
110951 86461 87189
17656 40991 64001
40991 17656 64001
64001 17656 40991
21831 37442 61711
61711 21831 37442
37442 21831 61711
82304 107526 116196
107526 82304 116196
116196 82304 107526
56257 14454 141699
14454 56257 141699
141699 14454 56257
113931 104954 118729
104954 113931 118729
118729 104954 113931
106932 21957 60890
21957 60890 106932
60890 21957 106932
91003 133656 146223
146223 91003 133656
133656 91003 146223
25068 38369 87437
87437 25068 38369
38369 25068 87437
128728 39456 62635
62635 39456 128728
39456 62635 128728
8445 104014 125082
104014 8445 125082
125082 8445 104014
143475 28750 108272
108272 28750 143475
28750 108272 143475
101657 21920 137158
137158 21920 101657
21920 101657 137158
5567 12840 27640
27640 5567 12840
12840 5567 27640
121304 110262 115431
115431 110262 121304
110262 115431 121304
94975 117272 131111
131111 94975 117272
117272 94975 131111
127095 22040 93067
22040 93067 127095
93067 22040 127095
126246 38371 100091
38371 100091 126246
100091 38371 126246
4025 12434 21243
12434 4025 21243
21243 4025 12434
87525 92062 95849
95849 87525 92062
92062 87525 95849
63523 77958 80294
77958 63523 80294
80294 63523 77958
71324 80877 112565
112565 71324 80877
80877 71324 112565
31415 18799 79779
79779 18799 31415
18799 31415 79779
87855 29505 81930
81930 29505 87855
29505 81930 87855
88853 77357 134112
77357 88853 134112
134112 77357 88853
43685 83613 112757
112757 43685 83613
83613 43685 112757
146210 29611 61721
61721 29611 146210
29611 61721 146210
149287 26918 54921
54921 26918 149287
26918 54921 149287
32041 60838 67233
60838 32041 67233
67233 32041 60838
78017 31912 130877
31912 78017 130877
130877 31912 78017
100099 90312 98851
90312 98851 100099
98851 90312 100099
15319 1270 49608
1270 15319 49608
49608 1270 15319
130384 9266 144884
144884 9266 130384
9266 130384 144884
63141 44794 109134
44794 63141 109134
109134 44794 63141
105518 27794 79728
79728 27794 105518
27794 79728 105518
128217 24126 96704
96704 24126 128217
24126 96704 128217
5986 48289 54508
54508 5986 48289
48289 5986 54508
37972 5882 15146
15146 5882 37972
5882 15146 37972
105603 30645 100075
30645 100075 105603
100075 30645 105603
63852 26852 38006
38006 26852 63852
26852 38006 63852
124223 15995 17260
15995 17260 124223
17260 15995 124223
22450 46071 111202
46071 22450 111202
111202 22450 46071
4892 1374 14772
1374 4892 14772
14772 1374 4892
27066 14505 138808
14505 27066 138808
138808 14505 27066
38231 69644 145134
69644 38231 145134
145134 38231 69644
24498 51801 70928
70928 24498 51801
51801 24498 70928
96749 54724 109345
54724 96749 109345
109345 54724 96749
115677 31282 68534
68534 31282 115677
31282 68534 115677
132871 76454 139983
139983 76454 132871
76454 132871 139983
78907 57405 131781
131781 57405 78907
57405 78907 131781
70568 77682 94355
77682 70568 94355
94355 70568 77682
31352 114925 145367
114925 31352 145367
145367 31352 114925
130443 39067 53322
53322 39067 130443
39067 53322 130443
145890 50560 103542
50560 103542 145890
103542 50560 145890
25223 73361 120595
73361 25223 120595
120595 25223 73361
54222 20156 114937
114937 20156 54222
20156 54222 114937
1145 16891 67519
16891 1145 67519
67519 1145 16891
63932 17524 105441
105441 17524 63932
17524 63932 105441
8322 27475 112858
27475 8322 112858
112858 8322 27475
48975 57709 117675
117675 48975 57709
57709 48975 117675
74190 35488 102532
35488 74190 102532
102532 35488 74190
130861 8120 96349
8120 96349 130861
96349 8120 130861
40827 36774 114593
114593 36774 40827
36774 40827 114593
64845 120882 131654
120882 64845 131654
131654 64845 120882
118722 30372 112838
30372 112838 118722
112838 30372 118722
86513 112920 136476
136476 86513 112920
112920 86513 136476
110739 91699 110994
91699 110739 110994
110994 91699 110739
98668 53546 62920
62920 53546 98668
53546 62920 98668
37544 27422 31176
27422 31176 37544
31176 27422 37544
19254 6264 72411
6264 19254 72411
72411 6264 19254
7864 99104 135257
135257 7864 99104
99104 7864 135257
143096 13011 111508
111508 13011 143096
13011 111508 143096
139286 75817 90333
90333 75817 139286
75817 90333 139286
139376 119840 143104
119840 139376 143104
143104 119840 139376
50744 67693 138858
67693 50744 138858
138858 50744 67693
107212 49397 55941
49397 55941 107212
55941 49397 107212
106200 39039 77524
77524 39039 106200
39039 77524 106200
53868 68238 78721
78721 53868 68238
68238 53868 78721
21737 120116 124349
124349 21737 120116
120116 21737 124349
113513 65691 132017
132017 65691 113513
65691 113513 132017
6175 51091 91012
51091 6175 91012
91012 6175 51091
65121 8961 149113
149113 8961 65121
8961 65121 149113
24094 9685 101409
9685 24094 101409
101409 9685 24094
81634 44031 143490
143490 44031 81634
44031 81634 143490
100733 37785 103743
103743 37785 100733
37785 100733 103743
6894 38834 112450
112450 6894 38834
38834 6894 112450
13710 46092 100367
46092 13710 100367
100367 13710 46092
79400 93925 119236
93925 79400 119236
119236 79400 93925
132055 12850 133945
133945 12850 132055
12850 132055 133945
127534 260 39697
39697 260 127534
260 39697 127534
68163 106632 135203
106632 68163 135203
135203 68163 106632
26911 71408 86726
71408 26911 86726
86726 26911 71408
86039 103858 124025
124025 86039 103858
103858 86039 124025
66096 19455 74428
19455 66096 74428
74428 19455 66096
136746 32588 96670
32588 96670 136746
96670 32588 136746
102240 12867 76444
12867 76444 102240
76444 12867 102240
2567 16205 103636
16205 2567 103636
103636 2567 16205
77121 70227 79468
79468 70227 77121
70227 77121 79468
7939 75308 113297
75308 7939 113297
113297 7939 75308
43071 66636 103556
103556 43071 66636
66636 43071 103556
30199 48232 141707
141707 30199 48232
48232 30199 141707
118660 21872 91833
91833 21872 118660
21872 91833 118660
136157 53331 109900
109900 53331 136157
53331 109900 136157
37920 10333 91556
91556 10333 37920
10333 37920 91556
