40175 58744 133147
133147 40175 58744
58744 40175 133147
14577 23811 96636
23811 14577 96636
96636 14577 23811
52728 112104 148758
112104 52728 148758
148758 52728 112104
5247 25363 139948
25363 5247 139948
139948 5247 25363
21120 23131 99630
99630 21120 23131
23131 21120 99630
114217 55403 56940
55403 56940 114217
56940 55403 114217
107672 32471 128194
128194 32471 107672
32471 107672 128194
50254 2294 88460
88460 2294 50254
2294 50254 88460
83081 69216 130261
69216 83081 130261
130261 69216 83081
105055 76186 143398
143398 76186 105055
76186 105055 143398
1172 5695 6810
5695 1172 6810
6810 1172 5695
33581 93821 137672
137672 33581 93821
93821 33581 137672
7586 41847 90148
41847 7586 90148
90148 7586 41847
141885 35372 149124
35372 141885 149124
149124 35372 141885
123293 114120 130187
130187 114120 123293
114120 123293 130187
44648 135343 142327
135343 44648 142327
142327 44648 135343
105217 6862 62877
62877 6862 105217
6862 62877 105217
129463 71498 123356
71498 123356 129463
123356 71498 129463
65901 19837 127429
19837 65901 127429
127429 19837 65901
73969 20725 88110
88110 20725 73969
20725 73969 88110
84892 6458 8932
6458 8932 84892
8932 6458 84892
28059 102143 126007
102143 28059 126007
126007 28059 102143
140585 16911 123807
16911 123807 140585
123807 16911 140585
59189 70261 81088
81088 59189 70261
70261 59189 81088
17775 94010 127279
127279 17775 94010
94010 17775 127279
142188 21169 116663
116663 21169 142188
21169 116663 142188
12166 21695 62186
62186 12166 21695
21695 12166 62186
144213 5870 7326
5870 7326 144213
7326 5870 144213
147950 6140 59986
6140 59986 147950
59986 6140 147950
73633 33564 98771
98771 33564 73633
33564 73633 98771
112329 15077 68129
68129 15077 112329
15077 68129 112329
65940 64209 82375
82375 64209 65940
64209 65940 82375
128500 48442 82567
82567 48442 128500
48442 82567 128500
34578 55407 68782
55407 34578 68782
68782 34578 55407
10787 62931 145946
145946 10787 62931
62931 10787 145946
10648 1989 45835
1989 10648 45835
45835 1989 10648
133678 3912 97292
97292 3912 133678
3912 97292 133678
68925 69324 124189
69324 68925 124189
124189 68925 69324
144010 77652 81686
81686 77652 144010
77652 81686 144010
90300 60688 144373
60688 90300 144373
144373 60688 90300
73589 43161 62262
43161 62262 73589
62262 43161 73589
123919 27801 90877
90877 27801 123919
27801 90877 123919
44381 51642 145285
51642 44381 145285
145285 44381 51642
5731 62655 79855
79855 5731 62655
62655 5731 79855
86071 33188 37172
33188 37172 86071
37172 33188 86071
95462 21157 82259
82259 21157 95462
21157 82259 95462
71016 914 128633
128633 914 71016
914 71016 128633
56884 12804 20390
20390 12804 56884
12804 20390 56884
89251 73069 80312
80312 73069 89251
73069 80312 89251
37013 16421 65879
16421 37013 65879
65879 16421 37013
44901 37977 87688
87688 37977 44901
37977 44901 87688
18524 5866 55775
55775 5866 18524
5866 18524 55775
3293 81272 146545
81272 3293 146545
146545 3293 81272
104575 13711 133149
13711 104575 133149
133149 13711 104575
60449 76503 116846
76503 60449 116846
116846 60449 76503
12618 70620 70806
70806 12618 70620
70620 12618 70806
83669 27212 136793
27212 83669 136793
136793 27212 83669
105012 82249 140925
140925 82249 105012
82249 105012 140925
143531 31469 123532
31469 123532 143531
123532 31469 143531
141478 121495 140488
140488 121495 141478
121495 140488 141478
101385 1701 69409
1701 69409 101385
69409 1701 101385
116208 17426 89113
89113 17426 116208
17426 89113 116208
77709 107862 136745
136745 77709 107862
107862 77709 136745
77257 43849 117011
43849 77257 117011
117011 43849 77257
28765 32341 59129
32341 28765 59129
59129 28765 32341
135748 27524 130228
27524 130228 135748
130228 27524 135748
87824 17028 109507
17028 87824 109507
109507 17028 87824
140941 48591 102790
102790 48591 140941
48591 102790 140941
16498 40969 147353
40969 16498 147353
147353 16498 40969
20377 22965 117037
117037 20377 22965
22965 20377 117037
121835 1865 4817
1865 4817 121835
4817 1865 121835
71466 81685 137607
81685 71466 137607
137607 71466 81685
122751 37891 139839
37891 122751 139839
139839 37891 122751
32824 96831 132053
132053 32824 96831
96831 32824 132053
41105 53982 125691
125691 41105 53982
53982 41105 125691
25315 70958 104909
104909 25315 70958
70958 25315 104909
1919 10108 50487
50487 1919 10108
10108 1919 50487
5908 75997 91196
91196 5908 75997
75997 5908 91196
66358 91984 126137
91984 66358 126137
126137 66358 91984
112977 26155 142521
142521 26155 112977
26155 112977 142521
147686 54562 148168
148168 54562 147686
54562 147686 148168
108816 10873 104279
104279 10873 108816
10873 104279 108816
46043 26211 32813
32813 26211 46043
26211 32813 46043
59198 30304 58902
30304 58902 59198
58902 30304 59198
39053 470 48123
470 39053 48123
48123 470 39053
142012 7151 90591
90591 7151 142012
7151 90591 142012
142874 27541 67165
27541 67165 142874
67165 27541 142874
53288 4771 130626
4771 53288 130626
130626 4771 53288
2680 37987 74834
74834 2680 37987
37987 2680 74834
32805 5163 28956
28956 5163 32805
5163 28956 32805
22993 90824 115053
115053 22993 90824
90824 22993 115053
14998 118394 131910
131910 14998 118394
118394 14998 131910
89438 100141 103962
103962 89438 100141
100141 89438 103962
123804 28638 62376
62376 28638 123804
28638 62376 123804
139900 5993 95862
5993 95862 139900
95862 5993 139900
123571 51626 61226
51626 61226 123571
61226 51626 123571
89981 2645 143116
2645 89981 143116
143116 2645 89981
78245 41837 145715
41837 78245 145715
145715 41837 78245
61351 15600 143230
15600 61351 143230
143230 15600 61351
87264 109491 115575
109491 87264 115575
115575 87264 109491
134486 10996 40887
10996 40887 134486
40887 10996 134486
64504 205 148786
148786 205 64504
205 64504 148786
119103 122031 134987
134987 119103 122031
122031 119103 134987
131479 51887 103696
103696 51887 131479
51887 103696 131479
23275 50868 110336
110336 23275 50868
50868 23275 110336
19520 53432 130938
130938 19520 53432
53432 19520 130938
36104 54077 103328
103328 36104 54077
54077 36104 103328
24527 49593 147718
147718 24527 49593
49593 24527 147718
46849 5981 85687
85687 5981 46849
5981 46849 85687
8503 19799 33195
33195 8503 19799
19799 8503 33195
34764 58811 59356
59356 34764 58811
58811 34764 59356
145320 80619 143462
80619 143462 145320
143462 80619 145320
74902 105954 112292
105954 74902 112292
112292 74902 105954
133199 12383 69926
12383 69926 133199
69926 12383 133199
115281 42379 58866
42379 58866 115281
58866 42379 115281
51332 6487 93470
6487 51332 93470
93470 6487 51332
80613 45867 137183
137183 45867 80613
45867 80613 137183
146418 22014 114022
114022 22014 146418
22014 114022 146418
118419 124137 130642
130642 118419 124137
124137 118419 130642
71163 119 22973
119 22973 71163
22973 119 71163
132190 9390 91930
9390 91930 132190
91930 9390 132190
106924 10808 46342
10808 46342 106924
46342 10808 106924
120886 130820 131211
130820 120886 131211
131211 120886 130820
97761 56636 110322
56636 97761 110322
110322 56636 97761
85445 15646 37278
15646 37278 85445
37278 15646 85445
139411 14570 47399
47399 14570 139411
14570 47399 139411
64349 79834 142306
79834 64349 142306
142306 64349 79834
50892 45903 92273
92273 45903 50892
45903 50892 92273
118963 4564 102783
102783 4564 118963
4564 102783 118963
131694 35392 57800
35392 57800 131694
57800 35392 131694
31576 35144 123466
35144 31576 123466
123466 31576 35144
31873 133858 146920
133858 31873 146920
146920 31873 133858
141714 7184 26393
26393 7184 141714
7184 26393 141714
52425 45880 117062
45880 52425 117062
117062 45880 52425
122868 20391 72293
20391 72293 122868
72293 20391 122868
138990 2083 6375
2083 6375 138990
6375 2083 138990
60469 63278 146419
63278 60469 146419
146419 60469 63278
126334 32202 98650
98650 32202 126334
32202 98650 126334
34708 68323 94279
68323 34708 94279
94279 34708 68323
61722 28986 146846
146846 28986 61722
28986 61722 146846
29126 5314 103909
103909 5314 29126
5314 29126 103909
37232 105282 140947
140947 37232 105282
105282 37232 140947
63118 113316 134509
134509 63118 113316
113316 63118 134509
94583 47220 145016
145016 47220 94583
47220 94583 145016
95557 73421 124570
73421 95557 124570
124570 73421 95557
92520 127093 143199
127093 92520 143199
143199 92520 127093
107578 27967 100932
27967 100932 107578
100932 27967 107578
8695 14372 62280
62280 8695 14372
14372 8695 62280
121120 68749 112116
68749 112116 121120
112116 68749 121120
140590 6191 140909
6191 140590 140909
140909 6191 140590
142376 87958 142881
87958 142376 142881
142881 87958 142376
2193 9836 104687
9836 2193 104687
104687 2193 9836
27194 39888 92852
92852 27194 39888
39888 27194 92852
148029 21164 144754
144754 21164 148029
21164 144754 148029
14728 84888 137324
84888 14728 137324
137324 14728 84888
17921 22170 62987
62987 17921 22170
22170 17921 62987
7922 24115 79073
79073 7922 24115
24115 7922 79073
108040 94183 128344
128344 94183 108040
94183 108040 128344
72124 57606 124671
124671 57606 72124
57606 72124 124671
95592 63691 92750
63691 92750 95592
92750 63691 95592
120074 29702 135181
29702 120074 135181
135181 29702 120074
116693 45264 83520
83520 45264 116693
45264 83520 116693
89921 50872 59926
59926 50872 89921
50872 59926 89921
125415 49020 64715
49020 64715 125415
64715 49020 125415
103743 12281 29336
12281 29336 103743
29336 12281 103743
65862 113075 115541
115541 65862 113075
113075 65862 115541
109613 61303 86506
61303 86506 109613
86506 61303 109613
107202 24351 66786
66786 24351 107202
24351 66786 107202
125729 11056 120637
120637 11056 125729
11056 120637 125729
28800 131663 141285
131663 28800 141285
141285 28800 131663
103196 23898 81571
23898 81571 103196
81571 23898 103196
82683 9723 18365
18365 9723 82683
9723 18365 82683
116676 136758 145303
145303 116676 136758
136758 116676 145303
434 7451 46180
46180 434 7451
7451 434 46180
120134 97422 122701
122701 97422 120134
97422 120134 122701
37197 31150 101923
101923 31150 37197
31150 37197 101923
4067 21450 77806
77806 4067 21450
21450 4067 77806
132328 23214 96599
23214 96599 132328
96599 23214 132328
121323 23127 128345
23127 121323 128345
128345 23127 121323
6905 89058 128092
128092 6905 89058
89058 6905 128092
86865 62380 139319
139319 62380 86865
62380 86865 139319
114695 79692 110108
79692 110108 114695
110108 79692 114695
25903 38501 89599
38501 25903 89599
89599 25903 38501
112105 17476 87476
87476 17476 112105
17476 87476 112105
14100 10299 96809
10299 14100 96809
96809 10299 14100
38872 29011 35450
29011 35450 38872
35450 29011 38872
121628 63657 85298
85298 63657 121628
63657 85298 121628
20343 93931 137418
93931 20343 137418
137418 20343 93931
138579 12802 118185
12802 118185 138579
118185 12802 138579
99413 40685 145933
40685 99413 145933
145933 40685 99413
7508 31128 112972
31128 7508 112972
112972 7508 31128
142354 27908 128720
27908 128720 142354
128720 27908 142354
101990 10538 19105
19105 10538 101990
10538 19105 101990
42081 140876 145021
140876 42081 145021
145021 42081 140876
51513 76399 99656
76399 51513 99656
99656 51513 76399
14206 95632 108003
108003 14206 95632
95632 14206 108003
2391 53518 136208
53518 2391 136208
136208 2391 53518
57524 93193 144672
144672 57524 93193
93193 57524 144672
79979 5113 114029
114029 5113 79979
5113 79979 114029
115188 106593 116616
116616 106593 115188
106593 115188 116616
98282 66968 147899
147899 66968 98282
66968 98282 147899
111460 57340 65163
57340 65163 111460
65163 57340 111460
102867 39350 145537
145537 39350 102867
39350 102867 145537
5063 5406 34669
5406 5063 34669
34669 5063 5406
121156 47950 147404
47950 121156 147404
147404 47950 121156
130268 22473 82063
22473 82063 130268
82063 22473 130268
136331 88572 144419
88572 136331 144419
144419 88572 136331
105792 11745 97465
11745 97465 105792
97465 11745 105792
68153 67149 121808
121808 67149 68153
67149 68153 121808
64894 31367 137289
31367 64894 137289
137289 31367 64894
26776 27171 76393
27171 26776 76393
76393 26776 27171
149663 22953 69858
69858 22953 149663
22953 69858 149663
10327 56505 104681
104681 10327 56505
56505 10327 104681
52322 77705 134682
134682 52322 77705
77705 52322 134682
52366 42664 75801
42664 52366 75801
75801 42664 52366
40363 75696 112418
75696 40363 112418
112418 40363 75696
29815 71021 115396
71021 29815 115396
115396 29815 71021
138796 28495 74802
28495 74802 138796
74802 28495 138796
94505 42504 135313
42504 94505 135313
135313 42504 94505
36611 28199 111455
111455 28199 36611
28199 36611 111455
126739 46863 119813
119813 46863 126739
46863 119813 126739
66949 8458 131324
131324 8458 66949
8458 66949 131324
109605 20577 76914
76914 20577 109605
20577 76914 109605
23784 18184 103411
18184 23784 103411
103411 18184 23784
75852 33101 70633
33101 70633 75852
70633 33101 75852
5652 13565 90626
13565 5652 90626
90626 5652 13565
72979 58553 73700
73700 58553 72979
58553 72979 73700
122442 1187 113696
113696 1187 122442
1187 113696 122442
65495 120727 134293
134293 65495 120727
120727 65495 134293
145040 94776 97296
94776 97296 145040
97296 94776 145040
13437 30940 133772
133772 13437 30940
30940 13437 133772
73320 24777 123349
123349 24777 73320
24777 73320 123349
42854 70715 73088
73088 42854 70715
70715 42854 73088
65740 35378 75860
35378 65740 75860
75860 35378 65740
11963 75469 103046
75469 11963 103046
103046 11963 75469
139675 15441 48950
15441 48950 139675
48950 15441 139675
12500 38281 61353
38281 12500 61353
61353 12500 38281
102271 40542 98896
98896 40542 102271
40542 98896 102271
40154 99420 103465
99420 40154 103465
103465 40154 99420
19014 97444 120871
97444 19014 120871
120871 19014 97444
107074 22524 63856
63856 22524 107074
22524 63856 107074
83436 10480 122802
10480 83436 122802
122802 10480 83436
6315 54717 78065
54717 6315 78065
78065 6315 54717
145613 17993 75344
17993 75344 145613
75344 17993 145613
24698 19964 122374
122374 19964 24698
19964 24698 122374
62111 25189 40389
40389 25189 62111
25189 40389 62111
45292 44914 132868
132868 44914 45292
44914 45292 132868
87458 119536 144251
119536 87458 144251
144251 87458 119536
111567 9362 40492
9362 40492 111567
40492 9362 111567
78924 58912 76500
58912 76500 78924
76500 58912 78924
59348 19025 23190
19025 23190 59348
23190 19025 59348
90374 28539 131986
28539 90374 131986
131986 28539 90374
147332 35585 106843
106843 35585 147332
35585 106843 147332
122473 55365 144454
55365 122473 144454
144454 55365 122473
76495 21438 92410
21438 76495 92410
92410 21438 76495
58511 1806 98932
1806 58511 98932
98932 1806 58511
99507 102356 106214
106214 99507 102356
102356 99507 106214
73920 58608 146384
58608 73920 146384
146384 58608 73920
68855 71860 105116
105116 68855 71860
71860 68855 105116
101835 99509 112404
99509 101835 112404
112404 99509 101835
132756 57511 137568
137568 57511 132756
57511 132756 137568
133341 103483 149709
149709 103483 133341
103483 133341 149709
144651 97587 126800
126800 97587 144651
97587 126800 144651
7465 68629 82846
68629 7465 82846
82846 7465 68629
98356 13961 58329
13961 58329 98356
58329 13961 98356
79957 6969 55335
6969 55335 79957
55335 6969 79957
84056 107629 126333
107629 84056 126333
126333 84056 107629
31834 7109 36738
36738 7109 31834
7109 31834 36738
129633 74502 124793
74502 124793 129633
124793 74502 129633
121625 34177 114059
114059 34177 121625
34177 114059 121625
134037 55202 95390
55202 95390 134037
95390 55202 134037
91966 127969 134244
134244 91966 127969
127969 91966 134244
14353 23153 90392
23153 14353 90392
90392 14353 23153
93758 128962 137593
128962 93758 137593
137593 93758 128962
130639 8927 13747
13747 8927 130639
8927 13747 130639
80865 56091 115437
115437 56091 80865
56091 80865 115437
73789 35389 66843
66843 35389 73789
35389 66843 73789
128056 13837 50109
13837 50109 128056
50109 13837 128056
65986 53665 92919
53665 65986 92919
92919 53665 65986
80063 92544 116658
116658 80063 92544
92544 80063 116658
13191 81240 92994
92994 13191 81240
81240 13191 92994
59064 42727 88436
88436 42727 59064
42727 59064 88436
141614 28778 87057
28778 87057 141614
87057 28778 141614
31891 1999 80590
1999 31891 80590
80590 1999 31891
76655 4430 75345
75345 4430 76655
4430 75345 76655
21231 84724 106007
106007 21231 84724
84724 21231 106007
41169 39008 141601
39008 41169 141601
141601 39008 41169
11121 15601 131921
15601 11121 131921
131921 11121 15601
12536 35303 143691
143691 12536 35303
35303 12536 143691
89723 76468 136796
136796 76468 89723
76468 89723 136796
99217 137706 144948
144948 99217 137706
137706 99217 144948
110060 54021 64138
54021 64138 110060
64138 54021 110060
45793 45266 147591
45266 45793 147591
147591 45266 45793
29235 213 98850
98850 213 29235
213 29235 98850
127074 67633 149549
67633 127074 149549
149549 67633 127074
71689 48320 75115
48320 71689 75115
75115 48320 71689
14302 40882 144711
40882 14302 144711
144711 14302 40882
82058 119482 140643
119482 82058 140643
140643 82058 119482
33308 107073 126067
126067 33308 107073
107073 33308 126067
24279 14803 98072
14803 24279 98072
98072 14803 24279
8095 4799 67545
67545 4799 8095
4799 8095 67545
33253 78296 132626
132626 33253 78296
78296 33253 132626
115166 67062 124214
67062 115166 124214
124214 67062 115166
92882 14858 30935
30935 14858 92882
14858 30935 92882
78518 131514 133258
131514 78518 133258
133258 78518 131514
17008 89069 139251
89069 17008 139251
139251 17008 89069
143841 4881 45077
4881 45077 143841
45077 4881 143841
134564 28090 35660
35660 28090 134564
28090 35660 134564
61233 119629 130701
119629 61233 130701
130701 61233 119629
116873 16285 33110
16285 33110 116873
33110 16285 116873
96378 20376 100302
100302 20376 96378
20376 96378 100302
95998 45468 72867
45468 72867 95998
72867 45468 95998
146984 68081 71833
68081 71833 146984
71833 68081 146984
81343 64337 114436
114436 64337 81343
64337 81343 114436
129772 62552 98857
98857 62552 129772
62552 98857 129772
96452 73839 118873
118873 73839 96452
73839 96452 118873
146714 10249 25086
10249 25086 146714
25086 10249 146714
40372 54934 75703
54934 40372 75703
75703 40372 54934
131109 22960 55428
22960 55428 131109
55428 22960 131109
55935 11244 97762
97762 11244 55935
11244 55935 97762
112579 16780 121534
121534 16780 112579
16780 112579 121534
134300 1712 74554
74554 1712 134300
1712 74554 134300
17506 59839 101824
59839 17506 101824
101824 17506 59839
80728 17794 135257
17794 80728 135257
135257 17794 80728
136846 27179 139611
139611 27179 136846
27179 136846 139611
34062 11990 149954
149954 11990 34062
11990 34062 149954
112208 43952 80245
43952 80245 112208
80245 43952 112208
72518 14872 39936
14872 39936 72518
39936 14872 72518
51908 48339 71194
71194 48339 51908
48339 51908 71194
67204 26672 85190
85190 26672 67204
26672 67204 85190
111611 42066 101970
101970 42066 111611
42066 101970 111611
93757 53128 123728
53128 93757 123728
123728 53128 93757
26978 16603 74782
16603 26978 74782
74782 16603 26978
14006 4125 128203
4125 14006 128203
128203 4125 14006
97912 14379 50069
50069 14379 97912
14379 50069 97912
15723 22404 130146
22404 15723 130146
130146 15723 22404
67209 18600 82484
82484 18600 67209
18600 67209 82484
48494 34497 55301
55301 34497 48494
34497 48494 55301
125363 19937 22061
22061 19937 125363
19937 22061 125363
145967 21103 137260
137260 21103 145967
21103 137260 145967
141430 72538 78407
78407 72538 141430
72538 78407 141430
72862 48345 114776
48345 72862 114776
114776 48345 72862
109920 85636 109299
85636 109299 109920
109299 85636 109920
135518 4197 49128
4197 49128 135518
49128 4197 135518
137547 121040 140886
140886 121040 137547
121040 137547 140886
58451 114221 130766
130766 58451 114221
114221 58451 130766
93845 48190 63919
63919 48190 93845
48190 63919 93845
5782 2633 35854
35854 2633 5782
2633 5782 35854
130776 13170 108870
108870 13170 130776
13170 108870 130776
39305 73681 135372
73681 39305 135372
135372 39305 73681
130564 15693 45057
15693 45057 130564
45057 15693 130564
112535 67927 123179
123179 67927 112535
67927 112535 123179
65682 57924 94174
57924 65682 94174
94174 57924 65682
24631 18894 78259
18894 24631 78259
78259 18894 24631
30022 90467 96864
90467 30022 96864
96864 30022 90467
149014 125221 148751
125221 148751 149014
148751 125221 149014
39580 45666 96609
45666 39580 96609
96609 39580 45666
45163 26784 140397
26784 45163 140397
140397 26784 45163
21355 45058 148335
45058 21355 148335
148335 21355 45058
138057 113021 140435
113021 138057 140435
140435 113021 138057
36317 1418 82842
1418 36317 82842
82842 1418 36317
56812 37274 66084
66084 37274 56812
37274 56812 66084
99072 137340 137640
137640 99072 137340
137340 99072 137640
63427 65755 96887
96887 63427 65755
65755 63427 96887
81658 24228 35430
24228 35430 81658
35430 24228 81658
20796 44606 121817
44606 20796 121817
121817 20796 44606
1897 23540 95368
95368 1897 23540
23540 1897 95368
54388 41592 100366
41592 54388 100366
100366 41592 54388
62230 45974 91125
45974 62230 91125
91125 45974 62230
101313 60409 70094
70094 60409 101313
60409 70094 101313
19817 20943 50345
50345 19817 20943
20943 19817 50345
9885 2303 103842
103842 2303 9885
2303 9885 103842
140214 76769 136073
76769 136073 140214
136073 76769 140214
109442 7324 63011
63011 7324 109442
7324 63011 109442
34553 30462 52516
30462 34553 52516
52516 30462 34553
70730 121187 132997
132997 70730 121187
121187 70730 132997
42572 29639 89561
89561 29639 42572
29639 42572 89561
93660 13415 48045
13415 48045 93660
48045 13415 93660
146277 20208 143983
20208 143983 146277
143983 20208 146277
3643 39769 64278
39769 3643 64278
64278 3643 39769
141054 34546 110239
34546 110239 141054
110239 34546 141054
138544 50816 70952
50816 70952 138544
70952 50816 138544
95378 45701 81612
81612 45701 95378
45701 81612 95378
101439 26391 54944
54944 26391 101439
26391 54944 101439
41959 16345 91864
16345 41959 91864
91864 16345 41959
139864 59280 59717
59717 59280 139864
59280 59717 139864
108803 13966 35526
13966 35526 108803
35526 13966 108803
20397 125111 128687
128687 20397 125111
125111 20397 128687
61782 51262 93307
51262 61782 93307
93307 51262 61782
105009 28147 34915
28147 34915 105009
34915 28147 105009
59882 109932 112484
112484 59882 109932
109932 59882 112484
131322 17640 73316
17640 73316 131322
73316 17640 131322
104263 37826 149969
37826 104263 149969
149969 37826 104263
56265 48172 61621
61621 48172 56265
48172 56265 61621
32072 97116 117921
97116 32072 117921
117921 32072 97116
84082 106146 146802
106146 84082 146802
146802 84082 106146
134172 13806 53189
13806 53189 134172
53189 13806 134172
109343 86950 103419
103419 86950 109343
86950 103419 109343
135389 118372 145957
145957 118372 135389
118372 135389 145957
77159 28111 56343
56343 28111 77159
28111 56343 77159
51146 79116 118102
79116 51146 118102
118102 51146 79116
97086 46034 55443
46034 55443 97086
55443 46034 97086
71546 51490 107636
51490 71546 107636
107636 51490 71546
67664 109871 139683
139683 67664 109871
109871 67664 139683
137359 2982 48706
48706 2982 137359
2982 48706 137359
14127 10524 16750
10524 14127 16750
16750 10524 14127
17983 7040 148065
7040 17983 148065
148065 7040 17983
1271 15093 23628
15093 1271 23628
23628 1271 15093
24324 55925 62612
62612 24324 55925
55925 24324 62612
31928 51358 80732
51358 31928 80732
80732 31928 51358
88707 127432 146694
127432 88707 146694
146694 88707 127432
64554 48531 141282
141282 48531 64554
48531 64554 141282
81197 102724 121698
102724 81197 121698
121698 81197 102724
57587 61105 119334
119334 57587 61105
61105 57587 119334
134954 37131 107532
107532 37131 134954
37131 107532 134954
14344 42775 91050
91050 14344 42775
42775 14344 91050
114226 20071 89760
89760 20071 114226
20071 89760 114226
29360 82061 136640
136640 29360 82061
82061 29360 136640
134963 30228 63602
30228 63602 134963
63602 30228 134963
76369 113583 137687
113583 76369 137687
137687 76369 113583
137922 82835 124870
82835 124870 137922
124870 82835 137922
39998 2086 124403
124403 2086 39998
2086 39998 124403
149119 50955 111531
111531 50955 149119
50955 111531 149119
132322 49015 81051
81051 49015 132322
49015 81051 132322
46414 58670 144058
144058 46414 58670
58670 46414 144058
126401 49179 142949
142949 49179 126401
49179 126401 142949
123802 69877 108821
69877 108821 123802
108821 69877 123802
42195 28967 74423
74423 28967 42195
28967 42195 74423
149482 76115 138307
138307 76115 149482
76115 138307 149482
13999 5400 78151
78151 5400 13999
5400 13999 78151
42261 67634 100663
100663 42261 67634
67634 42261 100663
91414 60334 81422
81422 60334 91414
60334 81422 91414
61882 14025 42343
14025 42343 61882
42343 14025 61882
128215 59482 121942
121942 59482 128215
59482 121942 128215
6229 61420 109090
109090 6229 61420
61420 6229 109090
35465 64202 97471
64202 35465 97471
97471 35465 64202
34235 71696 75397
71696 34235 75397
75397 34235 71696
73880 110246 139425
139425 73880 110246
110246 73880 139425
91750 4830 72352
4830 72352 91750
72352 4830 91750
104965 20554 115916
115916 20554 104965
20554 104965 115916
88238 15033 97226
97226 15033 88238
15033 88238 97226
139420 59640 99120
99120 59640 139420
59640 99120 139420
17732 19865 140559
19865 17732 140559
140559 17732 19865
143039 124591 149000
124591 143039 149000
149000 124591 143039
90235 58917 60691
60691 58917 90235
58917 60691 90235
88434 46218 66172
66172 46218 88434
46218 66172 88434
84744 45121 139901
45121 84744 139901
139901 45121 84744
56369 36883 75582
75582 36883 56369
36883 56369 75582
12739 91043 104564
91043 12739 104564
104564 12739 91043
41823 3362 28713
28713 3362 41823
3362 28713 41823
68203 23085 105151
23085 68203 105151
105151 23085 68203
106218 38898 100806
38898 100806 106218
100806 38898 106218
75967 62874 148822
148822 62874 75967
62874 75967 148822
38268 76864 81542
81542 38268 76864
76864 38268 81542
96321 9557 75579
9557 75579 96321
75579 9557 96321
5500 33779 95819
95819 5500 33779
33779 5500 95819
147749 15502 63872
15502 63872 147749
63872 15502 147749
77388 88168 132224
132224 77388 88168
88168 77388 132224
59817 1265 52714
1265 52714 59817
52714 1265 59817
33634 59745 106114
59745 33634 106114
106114 33634 59745
107784 83798 109866
109866 83798 107784
83798 107784 109866
80232 3417 149626
149626 3417 80232
3417 80232 149626
109637 840 34581
840 34581 109637
34581 840 109637
105878 59643 129643
59643 105878 129643
129643 59643 105878
86932 7957 94664
94664 7957 86932
7957 86932 94664
57410 9427 43598
9427 43598 57410
43598 9427 57410
23161 70157 82155
70157 23161 82155
82155 23161 70157
108369 78170 116860
116860 78170 108369
78170 108369 116860
121021 19694 82227
82227 19694 121021
19694 82227 121021
7405 28780 36468
28780 7405 36468
36468 7405 28780
22939 1785 136165
136165 1785 22939
1785 22939 136165
24068 37570 126980
37570 24068 126980
126980 24068 37570
26603 23354 44847
23354 26603 44847
44847 23354 26603
144879 118624 122261
122261 118624 144879
118624 122261 144879
87283 56769 127426
56769 87283 127426
127426 56769 87283
26525 11035 17094
17094 11035 26525
11035 17094 26525
77453 3036 105951
105951 3036 77453
3036 77453 105951
113857 20956 95969
95969 20956 113857
20956 95969 113857
131442 5236 145615
145615 5236 131442
5236 131442 145615
54226 39651 114231
114231 39651 54226
39651 54226 114231
53615 70571 102843
70571 53615 102843
102843 53615 70571
92575 4084 123596
4084 92575 123596
123596 4084 92575
102522 115379 118869
118869 102522 115379
115379 102522 118869
37749 22778 50951
50951 22778 37749
22778 37749 50951
96470 74 73646
73646 74 96470
74 73646 96470
23610 28574 90979
90979 23610 28574
28574 23610 90979
74225 25344 113159
113159 25344 74225
25344 74225 113159
24543 8681 130704
8681 24543 130704
130704 8681 24543
52016 51731 71244
51731 52016 71244
71244 51731 52016
146304 36549 71728
36549 71728 146304
71728 36549 146304
78326 30183 101710
30183 78326 101710
101710 30183 78326
75033 15499 125718
15499 75033 125718
125718 15499 75033
33145 58434 70210
70210 33145 58434
58434 33145 70210
46195 29191 54435
29191 46195 54435
54435 29191 46195
39562 53746 85158
53746 39562 85158
85158 39562 53746
45618 51708 104623
104623 45618 51708
51708 45618 104623
75502 80170 125347
125347 75502 80170
80170 75502 125347
104417 32141 75730
75730 32141 104417
32141 75730 104417
7731 9249 110014
9249 7731 110014
110014 7731 9249
104095 55359 103058
55359 103058 104095
103058 55359 104095
123864 46293 59333
59333 46293 123864
46293 59333 123864
147519 49802 92053
49802 92053 147519
92053 49802 147519
47622 43970 113273
113273 43970 47622
43970 47622 113273
146539 35763 107525
107525 35763 146539
35763 107525 146539
22676 17679 76882
76882 17679 22676
17679 22676 76882
94969 59934 82557
82557 59934 94969
59934 82557 94969
129042 33005 144863
33005 129042 144863
144863 33005 129042
2906 90657 139604
90657 2906 139604
139604 2906 90657
107893 36496 136038
136038 36496 107893
36496 107893 136038
72207 37418 74307
74307 37418 72207
37418 72207 74307
21100 11006 96437
11006 21100 96437
96437 11006 21100
73980 95547 126748
95547 73980 126748
126748 73980 95547
53117 1854 42385
1854 42385 53117
42385 1854 53117
80703 87225 96577
96577 80703 87225
87225 80703 96577
31708 16402 140653
140653 16402 31708
16402 31708 140653
148011 30018 74415
30018 74415 148011
74415 30018 148011
129693 22359 26675
26675 22359 129693
22359 26675 129693
26187 56788 137120
137120 26187 56788
56788 26187 137120
31832 17672 68363
68363 17672 31832
17672 31832 68363
50636 38421 142898
142898 38421 50636
38421 50636 142898
27732 80904 121925
80904 27732 121925
121925 27732 80904
138184 59597 111143
59597 111143 138184
111143 59597 138184
134733 11361 148708
11361 134733 148708
148708 11361 134733
119938 16452 141811
141811 16452 119938
16452 119938 141811
12399 67492 108100
67492 12399 108100
108100 12399 67492
144608 109439 110141
110141 109439 144608
109439 110141 144608
2190 69729 146704
146704 2190 69729
69729 2190 146704
106412 55032 86470
86470 55032 106412
55032 86470 106412
116806 92755 114986
92755 114986 116806
114986 92755 116806
18990 19505 141509
141509 18990 19505
19505 18990 141509
38353 25461 73576
73576 25461 38353
25461 38353 73576
33566 13318 126478
13318 33566 126478
126478 13318 33566
86527 119159 126451
126451 86527 119159
119159 86527 126451
67182 35263 58070
35263 58070 67182
58070 35263 67182
103399 10972 87598
87598 10972 103399
10972 87598 103399
6997 134 80396
80396 134 6997
134 6997 80396
110774 14526 147050
147050 14526 110774
14526 110774 147050
19190 98158 138429
98158 19190 138429
138429 19190 98158
71255 84872 149681
84872 71255 149681
149681 71255 84872
70334 49661 129340
129340 49661 70334
49661 70334 129340
69878 109041 140053
109041 69878 140053
140053 69878 109041
109279 106510 148781
106510 109279 148781
148781 106510 109279
14603 59288 125841
59288 14603 125841
125841 14603 59288
33141 27536 87117
87117 27536 33141
27536 33141 87117
37064 136904 140359
140359 37064 136904
136904 37064 140359
86355 3882 29860
3882 29860 86355
29860 3882 86355
118672 39755 69157
69157 39755 118672
39755 69157 118672
144860 15288 87278
15288 87278 144860
87278 15288 144860
36416 26185 147763
26185 36416 147763
147763 26185 36416
102402 3472 103652
103652 3472 102402
3472 102402 103652
145943 43613 133583
43613 133583 145943
133583 43613 145943
59412 66434 118515
66434 59412 118515
118515 59412 66434
118504 689 30928
689 30928 118504
30928 689 118504
1935 7846 129128
7846 1935 129128
129128 1935 7846
86164 124952 145987
124952 86164 145987
145987 86164 124952
81944 2739 55898
55898 2739 81944
2739 55898 81944
107974 72738 105964
72738 105964 107974
105964 72738 107974
78746 58036 91608
58036 78746 91608
91608 58036 78746
41567 37035 51853
37035 41567 51853
51853 37035 41567
139015 20018 96559
20018 96559 139015
96559 20018 139015
18834 110805 124689
124689 18834 110805
110805 18834 124689
95678 78898 87886
78898 87886 95678
87886 78898 95678
149650 33883 69301
69301 33883 149650
33883 69301 149650
148358 22048 26479
26479 22048 148358
22048 26479 148358
96813 36942 41773
41773 36942 96813
36942 41773 96813
87641 57258 123677
57258 87641 123677
123677 57258 87641
50091 107674 138667
138667 50091 107674
107674 50091 138667
101545 38971 48463
38971 48463 101545
48463 38971 101545
113832 47087 88263
88263 47087 113832
47087 88263 113832
8723 14227 140136
14227 8723 140136
140136 8723 14227
140997 84260 124271
84260 124271 140997
124271 84260 140997
91192 56483 139946
139946 56483 91192
56483 91192 139946
135074 66375 141238
141238 66375 135074
66375 135074 141238
19599 99268 139309
99268 19599 139309
139309 19599 99268
70464 7007 110101
110101 7007 70464
7007 70464 110101
90145 46250 83752
83752 46250 90145
46250 83752 90145
148501 52998 110077
110077 52998 148501
52998 110077 148501
90922 36995 88284
36995 88284 90922
88284 36995 90922
81993 69437 77895
77895 69437 81993
69437 77895 81993
99362 105373 124274
105373 99362 124274
124274 99362 105373
136706 25992 51048
51048 25992 136706
25992 51048 136706
5819 32003 133084
32003 5819 133084
133084 5819 32003
42573 47156 148911
47156 42573 148911
148911 42573 47156
109256 4216 68159
4216 68159 109256
68159 4216 109256
26028 29818 46762
29818 26028 46762
46762 26028 29818
100871 6456 126194
126194 6456 100871
6456 100871 126194
37635 3200 109750
109750 3200 37635
3200 37635 109750
7054 64900 87325
87325 7054 64900
64900 7054 87325
36312 23560 72702
23560 36312 72702
72702 23560 36312
71932 40659 107568
40659 71932 107568
107568 40659 71932
43876 7204 104628
7204 43876 104628
104628 7204 43876
111091 56705 140444
56705 111091 140444
140444 56705 111091
127998 119131 136447
119131 127998 136447
136447 119131 127998
125271 77706 81841
81841 77706 125271
77706 81841 125271
8517 19921 51054
51054 8517 19921
19921 8517 51054
90874 69620 79456
79456 69620 90874
69620 79456 90874
17890 5756 136959
5756 17890 136959
136959 5756 17890
96936 33645 51832
51832 33645 96936
33645 51832 96936
71887 99322 103087
99322 71887 103087
103087 71887 99322
141337 58117 111226
111226 58117 141337
58117 111226 141337
141223 78996 138864
138864 78996 141223
78996 138864 141223
139386 19381 49241
19381 49241 139386
49241 19381 139386
108827 50355 53372
50355 53372 108827
53372 50355 108827
14198 91738 138802
91738 14198 138802
138802 14198 91738
94945 5688 51810
51810 5688 94945
5688 51810 94945
100184 28143 126216
28143 100184 126216
126216 28143 100184
13118 119257 120583
119257 13118 120583
120583 13118 119257
15124 15165 99313
99313 15124 15165
15165 15124 99313
128756 130794 146611
130794 128756 146611
146611 128756 130794
50180 38285 79524
38285 50180 79524
79524 38285 50180
149046 42378 95151
42378 95151 149046
95151 42378 149046
116960 114807 121828
121828 114807 116960
114807 116960 121828
20027 135248 136149
136149 20027 135248
135248 20027 136149
67184 24133 130729
130729 24133 67184
24133 67184 130729
22110 41911 44686
44686 22110 41911
41911 22110 44686
44829 80344 144348
144348 44829 80344
80344 44829 144348
28104 51061 141347
141347 28104 51061
51061 28104 141347
6911 16447 45239
45239 6911 16447
16447 6911 45239
99718 24648 129514
24648 99718 129514
129514 24648 99718
105047 27788 126782
27788 105047 126782
126782 27788 105047
111721 24520 45770
24520 45770 111721
45770 24520 111721
38605 12702 121281
12702 38605 121281
121281 12702 38605
99136 18367 143694
143694 18367 99136
18367 99136 143694
119760 1497 105547
105547 1497 119760
1497 105547 119760
148750 1496 46326
1496 46326 148750
46326 1496 148750
16416 126772 146063
126772 16416 146063
146063 16416 126772
108589 87954 126709
87954 108589 126709
126709 87954 108589
125206 71484 90780
71484 90780 125206
90780 71484 125206
135226 15581 28122
28122 15581 135226
15581 28122 135226
75105 110226 149369
110226 75105 149369
149369 75105 110226
18825 101518 119859
101518 18825 119859
119859 18825 101518
777 3422 27652
27652 777 3422
3422 777 27652
16307 41624 94414
94414 16307 41624
41624 16307 94414
107120 12065 35659
12065 35659 107120
35659 12065 107120
37827 59107 111098
111098 37827 59107
59107 37827 111098
147086 122403 148293
122403 147086 148293
148293 122403 147086
91020 20822 124225
124225 20822 91020
20822 91020 124225
66024 90233 121087
90233 66024 121087
121087 66024 90233
67445 59359 59705
59705 59359 67445
59359 59705 67445
48183 21099 39173
39173 21099 48183
21099 39173 48183
68137 106801 118429
118429 68137 106801
106801 68137 118429
61852 42940 106600
42940 61852 106600
106600 42940 61852
52045 11944 51010
51010 11944 52045
11944 51010 52045
114046 51821 92105
51821 92105 114046
92105 51821 114046
98491 40029 71461
71461 40029 98491
40029 71461 98491
101316 100672 110076
100672 101316 110076
110076 100672 101316
104722 90957 124991
90957 104722 124991
124991 90957 104722
61026 4814 14580
4814 14580 61026
14580 4814 61026
49599 34306 40067
34306 40067 49599
40067 34306 49599
147753 68854 75403
68854 75403 147753
75403 68854 147753
96172 71415 106832
71415 96172 106832
106832 71415 96172
87213 38812 140207
38812 87213 140207
140207 38812 87213
85928 96237 123212
96237 85928 123212
123212 85928 96237
39269 45645 63672
63672 39269 45645
45645 39269 63672
10710 88988 140465
140465 10710 88988
88988 10710 140465
56499 132152 142360
142360 56499 132152
132152 56499 142360
118382 120939 122909
122909 118382 120939
120939 118382 122909
77036 59931 126732
126732 59931 77036
59931 77036 126732
24834 108493 148251
108493 24834 148251
148251 24834 108493
7640 3608 125127
125127 3608 7640
3608 7640 125127
114091 74942 109278
109278 74942 114091
74942 109278 114091
134283 93580 103130
93580 103130 134283
103130 93580 134283
8173 87602 91167
87602 8173 91167
91167 8173 87602
94273 57717 119703
57717 94273 119703
119703 57717 94273
118796 27126 69785
27126 69785 118796
69785 27126 118796
21714 141241 141815
141241 21714 141815
141815 21714 141241
89453 23122 125455
125455 23122 89453
23122 89453 125455
78765 81108 97798
97798 78765 81108
81108 78765 97798
56280 14874 103033
103033 14874 56280
14874 56280 103033
45447 35476 128740
35476 45447 128740
128740 35476 45447
41852 47342 104941
104941 41852 47342
47342 41852 104941
141156 91296 126875
126875 91296 141156
91296 126875 141156
51605 61538 127907
127907 51605 61538
61538 51605 127907
138439 35733 89635
89635 35733 138439
35733 89635 138439
8102 123102 137430
123102 8102 137430
137430 8102 123102
33312 41155 118083
41155 33312 118083
118083 33312 41155
30691 11403 96140
96140 11403 30691
11403 30691 96140
28204 5110 80965
80965 5110 28204
5110 28204 80965
125324 77696 134713
77696 125324 134713
134713 77696 125324
111807 49041 61999
61999 49041 111807
49041 61999 111807
49922 73067 134214
73067 49922 134214
134214 49922 73067
45837 22689 84558
84558 22689 45837
22689 45837 84558
42164 32337 62621
32337 42164 62621
62621 32337 42164
69644 1829 114297
1829 69644 114297
114297 1829 69644
25769 117434 142538
117434 25769 142538
142538 25769 117434
41284 71034 92988
92988 41284 71034
71034 41284 92988
24481 86881 108180
86881 24481 108180
108180 24481 86881
44944 6211 57274
57274 6211 44944
6211 44944 57274
11251 36033 135641
36033 11251 135641
135641 11251 36033
8056 79644 99354
99354 8056 79644
79644 8056 99354
40277 14299 71135
14299 40277 71135
71135 14299 40277
45782 111661 125766
125766 45782 111661
111661 45782 125766
51089 22496 101171
22496 51089 101171
101171 22496 51089
70476 80346 141630
80346 70476 141630
141630 70476 80346
102293 46630 123916
46630 102293 123916
123916 46630 102293
136577 37263 133926
133926 37263 136577
37263 133926 136577
95003 57098 58597
58597 57098 95003
57098 58597 95003
76583 61065 145411
145411 61065 76583
61065 76583 145411
100610 85284 112131
85284 100610 112131
112131 85284 100610
81805 13110 140440
13110 81805 140440
140440 13110 81805
118026 88567 112023
112023 88567 118026
88567 112023 118026
82711 122089 144283
122089 82711 144283
144283 82711 122089
30062 46312 59085
46312 30062 59085
59085 30062 46312
92893 115259 128986
115259 92893 128986
128986 92893 115259
107396 9136 126674
126674 9136 107396
9136 107396 126674
143415 68282 148109
68282 143415 148109
148109 68282 143415
30435 120994 136879
136879 30435 120994
120994 30435 136879
148085 126915 141936
126915 141936 148085
141936 126915 148085
69286 13845 57880
13845 57880 69286
57880 13845 69286
12474 27796 88483
