1240 672 1006
672 1006 1240
1006 672 1240
336 675 1148
1148 336 675
675 336 1148
432 773 1032
1032 432 773
773 432 1032
262 167 450
450 167 262
167 262 450
1017 123 1085
1085 123 1017
123 1017 1085
185 201 1289
201 185 1289
1289 185 201
938 282 1138
1138 282 938
282 938 1138
437 235 742
742 235 437
235 437 742
138 383 1105
383 138 1105
1105 138 383
1100 192 1257
192 1100 1257
1257 192 1100
1071 790 1130
1130 790 1071
790 1071 1130
1389 385 818
385 818 1389
818 385 1389
36 303 1282
303 36 1282
1282 36 303
1364 113 390
390 113 1364
113 390 1364
1140 1302 1320
1320 1140 1302
1302 1140 1320
1273 1116 1368
1368 1116 1273
1116 1273 1368
287 753 1215
753 287 1215
1215 287 753
646 493 840
840 493 646
493 646 840
628 415 946
415 628 946
946 415 628
547 357 1305
357 547 1305
1305 357 547
118 1004 1439
1439 118 1004
1004 118 1439
1086 119 819
819 119 1086
119 819 1086
1083 13 865
13 865 1083
865 13 1083
772 431 1453
431 772 1453
1453 431 772
147 1311 1338
1338 147 1311
1311 147 1338
531 784 1002
1002 531 784
784 531 1002
1016 62 1088
62 1016 1088
1088 62 1016
89 699 1412
699 89 1412
1412 89 699
1157 283 1321
283 1157 1321
1321 283 1157
619 880 1218
880 619 1218
1218 619 880
1214 1420 1470
1420 1214 1470
1470 1214 1420
1344 928 1304
1304 928 1344
928 1304 1344
890 253 1180
253 890 1180
1180 253 890
158 322 579
579 158 322
322 158 579
424 349 1210
349 424 1210
1210 349 424
1317 274 687
274 687 1317
687 274 1317
1158 1146 1156
1146 1156 1158
1156 1146 1158
1352 103 780
103 780 1352
780 103 1352
522 31 145
145 31 522
31 145 522
378 478 1187
1187 378 478
478 378 1187
1491 150 1104
150 1104 1491
1104 150 1491
346 513 1279
1279 346 513
513 346 1279
290 461 492
461 290 492
492 290 461
1382 664 1361
664 1361 1382
1361 664 1382
1005 1149 1291
1149 1005 1291
1291 1005 1149
509 347 408
408 347 509
347 408 509
381 693 1410
1410 381 693
693 381 1410
405 168 1385
1385 168 405
168 405 1385
78 602 891
602 78 891
891 78 602
934 315 1197
1197 315 934
315 934 1197
1029 656 1428
656 1029 1428
1428 656 1029
749 759 1056
759 749 1056
1056 749 759
1464 862 1012
862 1012 1464
1012 862 1464
578 556 1416
1416 556 578
556 578 1416
1471 554 1341
1341 554 1471
554 1341 1471
583 927 1425
927 583 1425
1425 583 927
777 455 1134
1134 455 777
455 777 1134
126 866 1455
1455 126 866
866 126 1455
454 218 1097
1097 218 454
218 454 1097
248 982 1106
1106 248 982
982 248 1106
1332 413 936
413 936 1332
936 413 1332
116 718 967
967 116 718
718 116 967
1010 352 855
855 352 1010
352 855 1010
932 295 1150
295 932 1150
1150 295 932
52 20 1494
20 52 1494
1494 20 52
534 779 1054
779 534 1054
1054 534 779
1051 348 1206
348 1051 1206
1206 348 1051
883 776 1164
776 883 1164
1164 776 883
1461 163 1099
163 1099 1461
1099 163 1461
1241 275 1284
1284 275 1241
275 1241 1284
770 983 1433
983 770 1433
1433 770 983
861 19 620
620 19 861
19 620 861
568 343 984
343 568 984
984 343 568
720 435 1072
435 720 1072
1072 435 720
574 40 1256
40 574 1256
1256 40 574
1133 809 1485
809 1133 1485
1485 809 1133
268 198 686
686 198 268
198 268 686
1297 340 1275
1275 340 1297
340 1275 1297
1248 1 280
280 1 1248
1 280 1248
871 1189 1423
1423 871 1189
1189 871 1423
151 376 972
376 151 972
972 151 376
483 299 1082
299 483 1082
1082 299 483
761 451 710
451 710 761
710 451 761
1354 633 957
633 957 1354
957 633 1354
1376 213 498
498 213 1376
213 498 1376
903 582 1484
582 903 1484
1484 582 903
888 199 988
988 199 888
199 888 988
474 977 1226
977 474 1226
1226 474 977
1194 419 1267
419 1194 1267
1267 419 1194
191 44 941
941 44 191
44 191 941
797 1035 1403
1403 797 1035
1035 797 1403
270 441 792
792 270 441
441 270 792
1264 243 1147
243 1147 1264
1147 243 1264
1221 48 1222
48 1221 1222
1222 48 1221
1112 1102 1280
1102 1112 1280
1280 1102 1112
371 856 1414
856 371 1414
1414 371 856
263 668 1000
1000 263 668
668 263 1000
521 1309 1335
1335 521 1309
1309 521 1335
84 314 444
314 84 444
444 84 314
354 473 701
473 354 701
701 354 473
700 175 1230
175 700 1230
1230 175 700
895 645 1480
645 895 1480
1480 645 895
180 79 411
79 180 411
411 79 180
12 15 512
15 12 512
512 12 15
652 1020 1093
1093 652 1020
1020 652 1093
440 1369 1443
1443 440 1369
1369 440 1443
1074 433 765
433 765 1074
765 433 1074
1483 379 884
379 884 1483
884 379 1483
50 486 1009
1009 50 486
486 50 1009
377 361 1192
361 377 1192
1192 361 377
869 445 1456
445 869 1456
1456 445 869
425 56 154
56 154 425
154 56 425
1290 87 813
813 87 1290
87 813 1290
1405 743 907
743 907 1405
907 743 1405
1276 1008 1229
1229 1008 1276
1008 1229 1276
1170 835 1014
835 1014 1170
1014 835 1170
1365 88 344
88 344 1365
344 88 1365
1377 737 1346
1346 737 1377
737 1346 1377
567 1003 1252
1003 567 1252
1252 567 1003
129 551 1458
1458 129 551
551 129 1458
233 671 1268
671 233 1268
1268 233 671
239 190 496
496 190 239
190 239 496
758 618 999
999 618 758
618 758 999
1468 530 920
530 920 1468
920 530 1468
1366 162 261
261 162 1366
162 261 1366
1417 808 1033
1033 808 1417
808 1033 1417
648 885 1348
885 648 1348
1348 648 885
1234 177 1488
177 1234 1488
1488 177 1234
359 93 627
627 93 359
93 359 627
665 788 1062
1062 665 788
788 665 1062
495 1162 1441
1441 495 1162
1162 495 1441
443 98 881
881 98 443
98 443 881
976 392 1300
392 976 1300
1300 392 976
1426 1048 1174
1174 1048 1426
1048 1174 1426
1312 933 1316
933 1312 1316
1316 933 1312
724 561 697
697 561 724
561 697 724
117 506 901
901 117 506
506 117 901
1058 83 914
83 914 1058
914 83 1058
754 279 833
279 754 833
833 279 754
1188 229 479
479 229 1188
229 479 1188
760 325 1153
325 760 1153
1153 325 760
1303 277 644
644 277 1303
277 644 1303
659 81 293
81 293 659
293 81 659
205 706 1263
706 205 1263
1263 205 706
1195 557 1154
1154 557 1195
557 1154 1195
605 269 1011
269 605 1011
1011 269 605
90 164 536
164 90 536
536 90 164
1075 560 930
930 560 1075
560 930 1075
973 339 1308
1308 339 973
339 973 1308
1472 711 1128
1128 711 1472
711 1128 1472
1357 796 1042
796 1042 1357
1042 796 1357
211 481 1034
481 211 1034
1034 211 481
1053 1027 1038
1038 1027 1053
1027 1038 1053
992 350 1322
350 992 1322
1322 350 992
1139 33 822
822 33 1139
33 822 1139
353 1380 1449
1380 353 1449
1449 353 1380
1283 68 497
68 497 1283
497 68 1283
1325 447 1094
447 1094 1325
1094 447 1325
289 416 420
420 289 416
416 289 420
134 398 609
398 134 609
609 134 398
832 141 449
141 449 832
449 141 832
1069 642 1278
1278 642 1069
642 1069 1278
647 1136 1493
1136 647 1493
1493 647 1136
956 593 1184
593 956 1184
1184 593 956
1315 702 1045
702 1045 1315
1045 702 1315
338 264 736
264 338 736
736 264 338
1152 632 997
632 997 1152
997 632 1152
908 817 1387
1387 817 908
817 908 1387
874 39 85
85 39 874
39 85 874
1207 515 1155
1155 515 1207
515 1155 1207
1250 304 1095
304 1095 1250
1095 304 1250
1124 228 1066
228 1066 1124
1066 228 1124
1343 11 842
842 11 1343
11 842 1343
1202 787 1143
1143 787 1202
787 1143 1202
1487 196 1185
196 1185 1487
1185 196 1487
1450 169 1401
169 1401 1450
1401 169 1450
360 133 1314
1314 133 360
133 360 1314
259 73 766
73 259 766
766 73 259
621 242 786
786 242 621
242 621 786
1436 23 503
23 503 1436
503 23 1436
674 666 793
793 666 674
666 674 793
960 1372 1498
1372 960 1498
1498 960 1372
139 612 691
612 139 691
691 139 612
1131 18 688
688 18 1131
18 688 1131
726 867 1319
867 726 1319
1319 726 867
746 827 1334
1334 746 827
827 746 1334
372 214 1451
214 372 1451
1451 214 372
32 1201 1243
1201 32 1243
1243 32 1201
1052 970 1231
970 1052 1231
1231 970 1052
429 386 573
386 429 573
573 386 429
318 622 1129
1129 318 622
622 318 1129
456 363 1390
363 456 1390
1390 363 456
46 96 112
96 46 112
112 46 96
878 21 1394
1394 21 878
21 878 1394
384 288 559
288 384 559
559 288 384
1081 61 948
948 61 1081
61 948 1081
624 7 181
7 181 624
181 7 624
1089 558 1396
1396 558 1089
558 1089 1396
111 172 183
183 111 172
172 111 183
312 635 1292
1292 312 635
635 312 1292
1063 873 1237
1237 873 1063
873 1063 1237
459 10 258
258 10 459
10 258 459
467 898 978
898 467 978
978 467 898
673 520 595
520 595 673
595 520 673
892 95 829
829 95 892
95 829 892
1333 194 1220
1220 194 1333
194 1220 1333
1111 778 1460
778 1111 1460
1460 778 1111
501 667 987
987 501 667
667 501 987
1271 311 703
311 703 1271
703 311 1271
864 669 944
944 669 864
669 864 944
949 30 216
30 216 949
216 30 949
876 979 1406
1406 876 979
979 876 1406
660 260 1490
1490 260 660
260 660 1490
794 72 538
72 538 794
538 72 794
428 222 1110
1110 222 428
222 428 1110
1266 82 549
82 549 1266
549 82 1266
188 1090 1331
1090 188 1331
1331 188 1090
266 24 1379
1379 24 266
24 266 1379
696 132 931
931 132 696
132 696 931
442 224 231
231 224 442
224 231 442
470 916 1161
916 470 1161
1161 470 916
355 629 653
653 355 629
629 355 653
1422 333 1216
333 1216 1422
1216 333 1422
330 351 1481
351 330 1481
1481 330 351
541 16 58
58 16 541
16 58 541
1371 872 1409
872 1371 1409
1409 872 1371
923 683 1437
683 923 1437
1437 683 923
991 256 1137
256 991 1137
1137 256 991
658 226 588
588 226 658
226 588 658
569 685 1098
685 569 1098
1098 569 685
394 75 91
91 75 394
75 91 394
273 4 1442
1442 4 273
4 273 1442
752 212 1019
212 752 1019
1019 212 752
171 1172 1287
1287 171 1172
1172 171 1287
734 662 937
662 734 937
937 662 734
160 331 918
331 160 918
918 160 331
670 575 690
575 670 690
690 575 670
1114 143 332
143 332 1114
332 143 1114
508 281 682
281 508 682
682 281 508
857 897 1245
1245 857 897
897 857 1245
959 553 617
553 617 959
617 553 959
539 610 1049
610 539 1049
1049 539 610
1424 615 762
615 762 1424
762 615 1424
721 942 1373
1373 721 942
942 721 1373
417 326 514
514 326 417
326 417 514
767 1199 1375
1375 767 1199
1199 767 1375
614 176 1169
176 614 1169
1169 176 614
106 952 1288
952 106 1288
1288 106 952
439 462 834
834 439 462
462 439 834
631 1384 1391
1391 631 1384
1384 631 1391
1260 555 1345
1345 555 1260
555 1260 1345
1145 22 1186
22 1145 1186
1186 22 1145
708 870 955
870 708 955
955 708 870
92 912 975
912 92 975
975 92 912
894 527 744
527 744 894
744 527 894
471 1171 1329
1329 471 1171
1171 471 1329
775 733 943
733 775 943
943 733 775
1165 114 756
756 114 1165
114 756 1165
321 195 1497
1497 195 321
195 321 1497
716 623 764
623 716 764
764 623 716
426 362 763
763 362 426
362 426 763
170 1191 1324
1191 170 1324
1324 170 1191
272 719 1132
719 272 1132
1132 272 719
915 537 1076
537 915 1076
1076 537 915
38 606 748
748 38 606
606 38 748
528 402 466
466 402 528
402 466 528
1473 807 1080
807 1080 1473
1080 807 1473
958 391 1466
1466 391 958
391 958 1466
1046 837 1398
837 1046 1398
1398 837 1046
255 130 751
130 255 751
751 130 255
1328 565 1073
1073 565 1328
565 1073 1328
799 1067 1135
1135 799 1067
1067 799 1135
1078 244 1121
244 1078 1121
1121 244 1078
108 1070 1421
1421 108 1070
1070 108 1421
723 852 1489
1489 723 852
852 723 1489
663 406 597
406 597 663
597 406 663
603 599 1057
1057 599 603
599 603 1057
510 616 745
745 510 616
616 510 745
548 101 403
101 403 548
403 101 548
60 587 1242
1242 60 587
587 60 1242
436 125 1301
125 436 1301
1301 125 436
490 395 480
480 395 490
395 480 490
1117 518 1448
1448 518 1117
518 1117 1448
285 570 655
655 285 570
570 285 655
722 99 1193
1193 99 722
99 722 1193
1281 74 1447
74 1281 1447
1447 74 1281
69 9 368
368 9 69
9 69 368
421 34 227
227 34 421
34 227 421
136 400 845
845 136 400
400 136 845
247 148 1475
1475 148 247
148 247 1475
5 608 1205
608 5 1205
1205 5 608
507 55 848
55 507 848
848 55 507
1269 301 738
738 301 1269
301 738 1269
906 925 1047
925 906 1047
1047 906 925
1351 155 1469
155 1351 1469
1469 155 1351
1286 358 1233
358 1233 1286
1233 358 1286
694 313 365
313 365 694
365 313 694
298 1430 1495
1495 298 1430
1430 298 1495
811 1122 1232
1122 811 1232
1232 811 1122
305 1208 1217
1208 305 1217
1217 305 1208
488 137 1246
1246 137 488
137 488 1246
859 814 1126
1126 814 859
814 859 1126
919 250 812
250 812 919
812 250 919
657 414 1492
414 657 1492
1492 414 657
1340 1001 1339
1001 1339 1340
1339 1001 1340
294 149 1265
149 294 1265
1265 149 294
203 37 1177
1177 37 203
37 203 1177
581 179 640
640 179 581
179 581 640
265 165 184
165 184 265
184 165 265
271 954 1109
954 271 1109
1109 271 954
950 963 1103
1103 950 963
963 950 1103
76 374 572
572 76 374
374 76 572
1393 3 1350
3 1350 1393
1350 3 1393
810 70 220
70 220 810
220 70 810
100 689 1198
689 100 1198
1198 100 689
14 815 1115
815 14 1115
1115 14 815
1499 156 634
156 634 1499
634 156 1499
882 680 893
680 882 893
893 680 882
225 550 1274
550 225 1274
1274 225 550
1039 47 535
47 535 1039
535 47 1039
182 107 1026
107 182 1026
1026 107 182
67 600 731
731 67 600
600 67 731
858 215 422
422 215 858
215 422 858
1239 1107 1326
1107 1239 1326
1326 1107 1239
921 380 484
380 484 921
484 380 921
781 51 843
843 51 781
51 781 843
472 453 1223
453 472 1223
1223 453 472
219 86 755
86 219 755
755 86 219
1044 291 782
782 291 1044
291 782 1044
677 1159 1167
1159 677 1167
1167 677 1159
1407 202 1395
1395 202 1407
202 1395 1407
1227 105 1474
1474 105 1227
105 1227 1474
27 446 684
446 27 684
684 27 446
849 251 525
525 251 849
251 525 849
457 323 1293
1293 323 457
323 457 1293
240 306 1258
306 240 1258
1258 240 306
1142 337 940
337 940 1142
940 337 1142
1235 174 1383
1383 174 1235
174 1235 1383
935 902 1445
902 935 1445
1445 902 935
499 173 1310
1310 173 499
173 499 1310
324 121 1356
1356 121 324
121 324 1356
540 692 1040
1040 540 692
692 540 1040
307 109 511
109 307 511
511 109 307
221 45 1144
45 221 1144
1144 45 221
1065 1225 1429
1429 1065 1225
1225 1065 1429
636 853 860
853 636 860
860 636 853
463 517 828
828 463 517
517 463 828
552 28 1465
1465 28 552
28 552 1465
740 477 1431
1431 477 740
477 740 1431
803 626 641
641 626 803
626 641 803
1060 309 929
309 929 1060
929 309 1060
1013 968 1118
968 1013 1118
1118 968 1013
1327 254 961
254 961 1327
961 254 1327
1023 142 286
142 286 1023
286 142 1023
1318 1160 1462
1462 1160 1318
1160 1318 1462
366 369 502
369 366 502
502 366 369
917 971 1482
971 917 1482
1482 917 971
77 146 1251
1251 77 146
146 77 1251
926 267 1452
1452 267 926
267 926 1452
1182 410 639
410 639 1182
639 410 1182
1270 584 996
584 996 1270
996 584 1270
448 1024 1261
1261 448 1024
1024 448 1261
905 523 1440
523 905 1440
1440 523 905
910 630 1166
630 910 1166
1166 630 910
102 418 1408
418 102 1408
1408 102 418
844 801 831
831 801 844
801 831 844
300 519 1209
1209 300 519
519 300 1209
71 637 1330
1330 71 637
637 71 1330
1434 131 487
131 487 1434
487 131 1434
505 649 1438
649 505 1438
1438 505 649
187 128 791
128 187 791
791 128 187
1477 382 1446
382 1446 1477
1446 382 1477
1228 679 995
679 995 1228
995 679 1228
42 252 1294
1294 42 252
252 42 1294
1367 1061 1400
1061 1367 1400
1400 1061 1367
896 97 373
373 97 896
97 373 896
571 64 1404
64 571 1404
1404 64 571
329 370 1459
1459 329 370
370 329 1459
1347 500 1181
500 1181 1347
1181 500 1347
877 732 824
732 824 877
824 732 877
41 328 1285
328 41 1285
1285 41 328
851 1295 1388
1388 851 1295
1295 851 1388
1467 193 232
232 193 1467
193 232 1467
1399 364 974
974 364 1399
364 974 1399
739 302 1212
1212 302 739
302 739 1212
611 913 1108
913 611 1108
1108 611 913
396 356 465
356 396 465
465 356 396
576 17 345
17 345 576
345 17 576
947 197 836
836 197 947
197 836 947
1077 29 334
29 334 1077
334 29 1077
1370 1323 1355
1323 1355 1370
1355 1323 1370
284 598 1084
1084 284 598
598 284 1084
393 161 1007
161 393 1007
1007 161 393
342 63 1476
63 342 1476
1476 63 342
1415 66 387
66 387 1415
387 66 1415
1120 238 899
899 238 1120
238 899 1120
969 237 838
237 838 969
838 237 969
1457 140 714
140 714 1457
714 140 1457
887 144 922
144 887 922
922 144 887
234 1432 1479
1432 234 1479
1479 234 1432
868 53 1307
1307 53 868
53 868 1307
1299 207 1244
1244 207 1299
207 1244 1299
208 543 678
678 208 543
543 208 678
820 401 591
401 591 820
591 401 820
452 327 1362
327 452 1362
1362 327 452
1306 1041 1091
1091 1041 1306
1041 1091 1306
1402 1296 1500
1500 1296 1402
1296 1402 1500
1123 186 695
695 186 1123
186 695 1123
1360 650 1173
650 1173 1360
1173 650 1360
1337 747 1255
1255 747 1337
747 1255 1337
953 458 1079
458 953 1079
1079 458 953
854 26 200
26 200 854
200 26 854
8 850 1018
850 8 1018
1018 8 850
476 985 1028
985 476 1028
1028 476 985
1378 580 1238
1238 580 1378
580 1238 1378
427 434 1203
1203 427 434
434 427 1203
823 246 1125
1125 246 823
246 823 1125
1119 236 589
236 589 1119
589 236 1119
798 962 1200
962 798 1200
1200 798 962
651 110 292
110 292 651
292 110 651
316 257 1176
1176 257 316
257 316 1176
676 705 1253
1253 676 705
705 676 1253
998 1353 1392
1392 998 1353
1353 998 1392
875 728 951
951 728 875
728 875 951
389 245 769
245 389 769
769 245 389
1113 816 1127
1127 816 1113
816 1113 1127
1486 564 1349
1349 564 1486
564 1349 1486
1050 460 516
516 460 1050
460 516 1050
1236 397 1101
1101 397 1236
397 1101 1236
924 49 715
49 715 924
715 49 924
1463 532 889
889 532 1463
532 889 1463
1196 94 166
166 94 1196
94 166 1196
771 230 1381
230 771 1381
1381 230 771
241 596 725
725 241 596
596 241 725
709 2 1272
2 709 1272
1272 2 709
1025 223 526
526 223 1025
223 526 1025
717 409 965
409 717 965
965 409 717
407 115 1454
1454 115 407
115 407 1454
1030 204 1374
204 1030 1374
1374 204 1030
412 43 1022
43 412 1022
1022 43 412
1359 438 986
986 438 1359
438 986 1359
542 585 1262
585 542 1262
1262 542 585
491 1247 1298
1298 491 1247
1247 491 1298
320 217 847
217 320 847
847 217 320
1213 1068 1179
1179 1068 1213
1068 1179 1213
802 545 727
727 545 802
545 727 802
1059 319 482
319 482 1059
482 319 1059
806 35 210
35 210 806
210 35 806
681 804 966
804 681 966
966 681 804
104 276 566
566 104 276
276 104 566
135 546 1444
546 135 1444
1444 135 546
341 1313 1342
1342 341 1313
1313 341 1342
1427 297 795
297 795 1427
795 297 1427
704 757 825
825 704 757
757 704 825
65 841 1163
841 65 1163
1163 65 841
904 830 1204
830 904 1204
1204 830 904
1037 544 821
544 821 1037
821 544 1037
1092 178 533
178 533 1092
533 178 1092
768 1141 1190
1141 768 1190
1190 768 1141
712 122 504
504 122 712
122 504 712
317 469 900
469 317 900
900 317 469
911 586 783
586 783 911
783 586 911
879 367 1358
1358 367 879
367 879 1358
388 1411 1413
1411 388 1413
1413 388 1411
1096 464 1386
464 1096 1386
1386 464 1096
296 375 1175
1175 296 375
375 296 1175
430 524 607
607 430 524
524 430 607
990 1418 1419
1419 990 1418
1418 990 1419
800 157 789
157 789 800
789 157 800
643 1087 1435
1435 643 1087
1087 643 1435
707 423 590
590 423 707
423 590 707
1055 25 1277
1277 25 1055
25 1055 1277
152 124 308
308 124 152
124 152 308
945 846 1249
1249 846 945
846 945 1249
994 189 1363
189 994 1363
1363 189 994
863 127 159
159 127 863
127 159 863
1259 59 989
989 59 1259
59 989 1259
54 494 886
494 54 886
886 54 494
594 1397 1496
1397 594 1496
1496 594 1397
489 485 805
805 485 489
485 489 805
249 625 654
654 249 625
625 249 654
404 153 1021
153 404 1021
1021 153 404
310 826 1043
826 310 1043
1043 310 826
1031 475 735
475 735 1031
735 475 1031
785 468 774
468 774 785
774 468 785
939 730 1478
730 939 1478
1478 730 939
1064 729 1168
729 1064 1168
1168 729 1064
981 6 741
6 741 981
741 6 981
1036 120 601
601 120 1036
120 601 1036
399 577 1224
1224 399 577
577 399 1224
335 909 1178
1178 335 909
909 335 1178
993 529 964
529 964 993
964 529 993
613 638 698
698 613 638
638 613 698
562 661 1254
1254 562 661
661 562 1254
592 206 278
278 206 592
206 278 592
563 1151 1336
1336 563 1151
1151 563 1336
750 713 980
980 713 750
713 750 980
209 57 839
57 209 839
839 57 209
604 1211 1219
1219 604 1211
1211 604 1219
80 1015 1183
1015 80 1183
1183 80 1015
