11211 2619 9364
2619 9364 11211
9364 2619 11211
532 1950 9521
1950 532 9521
9521 532 1950
10604 6646 12323
12323 6646 10604
6646 10604 12323
6342 4831 7726
4831 6342 7726
7726 4831 6342
2374 11 2682
11 2374 2682
2682 11 2374
14566 2420 4939
2420 4939 14566
4939 2420 14566
13494 9368 12649
12649 9368 13494
9368 12649 13494
6475 3717 8650
8650 3717 6475
3717 6475 8650
5923 9197 11697
9197 5923 11697
11697 5923 9197
961 6515 12028
12028 961 6515
6515 961 12028
3350 678 5116
678 3350 5116
5116 678 3350
6589 4890 12239
4890 6589 12239
12239 4890 6589
285 1777 14978
14978 285 1777
1777 285 14978
13568 5640 7943
5640 7943 13568
7943 5640 13568
3231 4300 12256
12256 3231 4300
4300 3231 12256
13247 342 14387
14387 342 13247
342 13247 14387
7641 10279 12472
12472 7641 10279
10279 7641 12472
12270 8789 10648
8789 10648 12270
10648 8789 12270
7712 2189 12202
12202 2189 7712
2189 7712 12202
669 58 4348
58 669 4348
4348 58 669
2184 5118 11178
11178 2184 5118
5118 2184 11178
13728 6003 9254
6003 9254 13728
9254 6003 13728
7158 1362 10121
1362 7158 10121
10121 1362 7158
14677 9821 14060
9821 14060 14677
14060 9821 14677
13253 1011 14936
1011 13253 14936
14936 1011 13253
12278 5944 12546
12546 5944 12278
5944 12278 12546
195 360 14580
360 195 14580
14580 195 360
5286 10581 13939
10581 5286 13939
13939 5286 10581
1336 5997 13775
5997 1336 13775
13775 1336 5997
9750 7177 11347
7177 9750 11347
11347 7177 9750
14288 2211 8514
8514 2211 14288
2211 8514 14288
5041 4471 4589
4589 4471 5041
4471 4589 5041
1006 2279 3560
3560 1006 2279
2279 1006 3560
13180 699 3354
699 3354 13180
3354 699 13180
8067 7361 14065
14065 7361 8067
7361 8067 14065
11809 2094 11844
11844 2094 11809
2094 11809 11844
4191 6984 10928
10928 4191 6984
6984 4191 10928
3465 1885 14745
14745 1885 3465
1885 3465 14745
14522 1171 10845
10845 1171 14522
1171 10845 14522
10419 740 9827
9827 740 10419
740 9827 10419
6036 9442 12468
12468 6036 9442
9442 6036 12468
13367 3624 12500
3624 12500 13367
12500 3624 13367
7697 7225 14703
14703 7225 7697
7225 7697 14703
14029 731 11395
731 11395 14029
11395 731 14029
5556 9022 11352
9022 5556 11352
11352 5556 9022
10142 5720 6156
5720 6156 10142
6156 5720 10142
13876 1031 13832
13832 1031 13876
1031 13832 13876
3759 2975 9788
2975 3759 9788
9788 2975 3759
13506 115 8381
8381 115 13506
115 8381 13506
11706 11742 12936
11742 11706 12936
12936 11706 11742
11761 573 8936
573 8936 11761
8936 573 11761
14435 2647 4683
2647 4683 14435
4683 2647 14435
6153 3718 7269
3718 6153 7269
7269 3718 6153
13337 3251 4051
3251 4051 13337
4051 3251 13337
7649 7286 9167
9167 7286 7649
7286 7649 9167
2340 8844 10473
8844 2340 10473
10473 2340 8844
7654 3704 8501
8501 3704 7654
3704 7654 8501
5854 11233 11543
11543 5854 11233
11233 5854 11543
10833 4285 4461
4285 4461 10833
4461 4285 10833
6182 6263 14619
6263 6182 14619
14619 6182 6263
6112 13068 14334
14334 6112 13068
13068 6112 14334
1625 2815 14686
2815 1625 14686
14686 1625 2815
5146 1599 4110
1599 4110 5146
4110 1599 5146
6192 4910 11069
11069 4910 6192
4910 6192 11069
9953 3141 4000
4000 3141 9953
3141 4000 9953
5912 3696 12918
12918 3696 5912
3696 5912 12918
416 4778 7333
7333 416 4778
4778 416 7333
12943 152 2926
2926 152 12943
152 2926 12943
5402 5614 14264
5614 5402 14264
14264 5402 5614
5008 2660 14234
14234 2660 5008
2660 5008 14234
1251 4468 8556
4468 1251 8556
8556 1251 4468
8371 2287 3126
3126 2287 8371
2287 3126 8371
10404 7272 8032
7272 8032 10404
8032 7272 10404
1806 4743 13062
4743 1806 13062
13062 1806 4743
10517 7375 8886
8886 7375 10517
7375 8886 10517
1883 5751 12805
12805 1883 5751
5751 1883 12805
7248 5934 6294
5934 6294 7248
6294 5934 7248
10371 8470 12454
12454 8470 10371
8470 10371 12454
146 14468 14552
14468 146 14552
14552 146 14468
12475 177 10177
10177 177 12475
177 10177 12475
3250 12213 12574
12213 3250 12574
12574 3250 12213
765 4182 8151
8151 765 4182
4182 765 8151
8471 2480 12581
2480 8471 12581
12581 2480 8471
6086 11770 12408
11770 6086 12408
12408 6086 11770
2710 2391 3991
2391 2710 3991
3991 2391 2710
1378 5633 13399
13399 1378 5633
5633 1378 13399
8808 2321 13252
13252 2321 8808
2321 8808 13252
7107 7060 11856
7060 7107 11856
11856 7060 7107
12428 3501 10438
3501 10438 12428
10438 3501 12428
8443 840 4344
840 4344 8443
4344 840 8443
10423 5547 13154
5547 10423 13154
13154 5547 10423
7578 1049 13734
1049 7578 13734
13734 1049 7578
10089 7934 10373
7934 10089 10373
10373 7934 10089
8951 2106 13212
13212 2106 8951
2106 8951 13212
12780 426 8406
8406 426 12780
426 8406 12780
8115 4969 5770
5770 4969 8115
4969 5770 8115
5423 117 11695
117 5423 11695
11695 117 5423
10594 3547 10719
10719 3547 10594
3547 10594 10719
2908 2686 10804
2686 2908 10804
10804 2686 2908
5231 11496 12013
11496 5231 12013
12013 5231 11496
4542 9489 10260
9489 4542 10260
10260 4542 9489
1967 3375 4072
3375 1967 4072
4072 1967 3375
1983 2222 10159
10159 1983 2222
2222 1983 10159
4729 5512 6529
6529 4729 5512
5512 4729 6529
7866 5924 11752
5924 7866 11752
11752 5924 7866
13219 1508 14143
1508 13219 14143
14143 1508 13219
5909 8713 9824
9824 5909 8713
8713 5909 9824
914 9517 13652
9517 914 13652
13652 914 9517
5521 10821 12259
10821 5521 12259
12259 5521 10821
10723 9086 13739
13739 9086 10723
9086 10723 13739
5001 11284 14106
11284 5001 14106
14106 5001 11284
9729 2940 14917
14917 2940 9729
2940 9729 14917
1228 2483 6965
6965 1228 2483
2483 1228 6965
4184 5279 9554
9554 4184 5279
5279 4184 9554
14760 13117 13120
13117 13120 14760
13120 13117 14760
10678 7452 14477
14477 7452 10678
7452 10678 14477
1348 9145 13381
13381 1348 9145
9145 1348 13381
9129 10083 13081
10083 9129 13081
13081 9129 10083
5393 739 2521
739 2521 5393
2521 739 5393
5787 3827 9533
9533 3827 5787
3827 5787 9533
3097 3042 14053
14053 3042 3097
3042 3097 14053
3064 7193 8500
7193 3064 8500
8500 3064 7193
7743 10011 11185
10011 7743 11185
11185 7743 10011
10607 2829 13327
13327 2829 10607
2829 10607 13327
6485 10195 12027
12027 6485 10195
10195 6485 12027
167 3155 8335
8335 167 3155
3155 167 8335
9945 11694 13779
11694 9945 13779
13779 9945 11694
10980 4526 11636
11636 4526 10980
4526 10980 11636
657 3110 8705
3110 657 8705
8705 657 3110
9963 852 4174
852 4174 9963
4174 852 9963
2418 8413 14360
14360 2418 8413
8413 2418 14360
260 5899 8211
5899 260 8211
8211 260 5899
9128 6130 9639
9639 6130 9128
6130 9128 9639
993 628 10950
628 993 10950
10950 628 993
4092 1267 14590
1267 4092 14590
14590 1267 4092
4734 375 10861
10861 375 4734
375 4734 10861
12138 896 3517
3517 896 12138
896 3517 12138
13978 3507 10621
3507 10621 13978
10621 3507 13978
4494 569 1364
569 1364 4494
1364 569 4494
13128 2431 9512
2431 9512 13128
9512 2431 13128
7135 10013 10995
10995 7135 10013
10013 7135 10995
1413 1849 8095
1849 1413 8095
8095 1413 1849
14389 1721 10039
10039 1721 14389
1721 10039 14389
2914 9474 13384
13384 2914 9474
9474 2914 13384
10294 10699 13535
10699 10294 13535
13535 10294 10699
5810 7744 8192
7744 5810 8192
8192 5810 7744
1741 8035 14952
14952 1741 8035
8035 1741 14952
11215 2458 6348
2458 6348 11215
6348 2458 11215
11034 7025 10374
7025 10374 11034
10374 7025 11034
10258 8347 8860
8347 8860 10258
8860 8347 10258
1722 1567 6438
6438 1567 1722
1567 1722 6438
2311 453 4187
4187 453 2311
453 2311 4187
6260 2362 13701
2362 6260 13701
13701 2362 6260
3685 741 8866
8866 741 3685
741 3685 8866
11578 2373 11529
2373 11529 11578
11529 2373 11578
976 10094 11365
10094 976 11365
11365 976 10094
7454 3780 6718
6718 3780 7454
3780 6718 7454
13176 3597 3658
3597 3658 13176
3658 3597 13176
9369 235 11704
11704 235 9369
235 9369 11704
296 11830 12449
11830 296 12449
12449 296 11830
11102 6404 10794
10794 6404 11102
6404 10794 11102
10992 288 2538
2538 288 10992
288 2538 10992
4489 3480 6425
3480 4489 6425
6425 3480 4489
13698 1293 3373
1293 3373 13698
3373 1293 13698
7758 12891 13807
12891 7758 13807
13807 7758 12891
14284 4670 5484
5484 4670 14284
4670 5484 14284
1629 3258 9052
9052 1629 3258
3258 1629 9052
5175 9746 14649
9746 5175 14649
14649 5175 9746
4331 10145 10811
10811 4331 10145
10145 4331 10811
11798 3519 14109
14109 3519 11798
3519 11798 14109
8734 6267 14705
6267 8734 14705
14705 6267 8734
8065 1857 11724
1857 8065 11724
11724 1857 8065
13413 3485 6289
3485 6289 13413
6289 3485 13413
12079 10565 10705
10565 10705 12079
10705 10565 12079
3427 597 1367
1367 597 3427
597 1367 3427
7682 4484 14120
4484 7682 14120
14120 4484 7682
1998 1847 7656
7656 1847 1998
1847 1998 7656
6450 9186 13991
13991 6450 9186
9186 6450 13991
5918 2166 8435
2166 5918 8435
8435 2166 5918
7195 7329 9698
7329 7195 9698
9698 7195 7329
9085 3218 5536
3218 5536 9085
5536 3218 9085
2925 7119 10778
7119 2925 10778
10778 2925 7119
9310 3511 11573
3511 9310 11573
11573 3511 9310
13438 1614 10022
10022 1614 13438
1614 10022 13438
6323 5873 7063
5873 6323 7063
7063 5873 6323
13566 3388 14879
3388 13566 14879
14879 3388 13566
3189 5975 12573
12573 3189 5975
5975 3189 12573
6710 2198 12870
2198 6710 12870
12870 2198 6710
9040 2355 7069
2355 7069 9040
7069 2355 9040
14438 1838 4243
4243 1838 14438
1838 4243 14438
14165 1851 10164
10164 1851 14165
1851 10164 14165
1266 9380 12577
12577 1266 9380
9380 1266 12577
8170 6265 11869
11869 6265 8170
6265 8170 11869
7503 791 9479
9479 791 7503
791 7503 9479
7802 2950 13619
13619 2950 7802
2950 7802 13619
14628 1113 10836
10836 1113 14628
1113 10836 14628
5545 12189 13911
12189 5545 13911
13911 5545 12189
7411 4583 8527
8527 4583 7411
4583 7411 8527
8892 5760 7706
7706 5760 8892
5760 7706 8892
14824 2040 13377
2040 13377 14824
13377 2040 14824
8855 5084 10538
5084 8855 10538
10538 5084 8855
2662 3809 6395
3809 2662 6395
6395 2662 3809
4281 8420 10196
8420 4281 10196
10196 4281 8420
3677 2111 7015
2111 3677 7015
7015 2111 3677
4490 7159 7376
7376 4490 7159
7159 4490 7376
407 9925 12443
12443 407 9925
9925 407 12443
4295 219 9881
219 4295 9881
9881 219 4295
7832 11473 13758
13758 7832 11473
11473 7832 13758
4518 3636 4795
3636 4518 4795
4795 3636 4518
12289 11626 13192
11626 12289 13192
13192 11626 12289
8057 483 6935
483 6935 8057
6935 483 8057
2863 7661 8988
8988 2863 7661
7661 2863 8988
13241 4258 14641
14641 4258 13241
4258 13241 14641
1046 389 4084
4084 389 1046
389 1046 4084
698 514 869
514 698 869
869 514 698
9473 4954 11546
11546 4954 9473
4954 9473 11546
1548 11804 14059
11804 1548 14059
14059 1548 11804
4131 2155 6541
6541 2155 4131
2155 4131 6541
11442 1160 12105
1160 11442 12105
12105 1160 11442
8200 1233 8086
8086 1233 8200
1233 8086 8200
11663 4866 5568
4866 5568 11663
5568 4866 11663
4291 7023 9621
7023 4291 9621
9621 4291 7023
2271 6401 10536
6401 2271 10536
10536 2271 6401
266 1252 7146
7146 266 1252
1252 266 7146
12388 6235 13513
6235 12388 13513
13513 6235 12388
7693 8327 14508
8327 7693 14508
14508 7693 8327
5606 6840 12113
12113 5606 6840
6840 5606 12113
11785 10583 12664
12664 10583 11785
10583 11785 12664
3868 910 8230
910 3868 8230
8230 910 3868
2956 7276 8521
8521 2956 7276
7276 2956 8521
7112 8453 14040
8453 7112 14040
14040 7112 8453
1457 5972 8791
8791 1457 5972
5972 1457 8791
14892 585 1822
1822 585 14892
585 1822 14892
15000 6255 13004
6255 13004 15000
13004 6255 15000
11118 12919 13355
12919 11118 13355
13355 11118 12919
8210 16 4018
4018 16 8210
16 4018 8210
3178 9096 13872
13872 3178 9096
9096 3178 13872
5625 1379 6254
6254 1379 5625
1379 5625 6254
2869 6334 11143
11143 2869 6334
6334 2869 11143
6826 10732 13297
10732 6826 13297
13297 6826 10732
13502 320 10851
320 10851 13502
10851 320 13502
11599 3118 13218
3118 11599 13218
13218 3118 11599
2722 154 9646
9646 154 2722
154 2722 9646
4213 5580 11924
11924 4213 5580
5580 4213 11924
11598 4624 5871
5871 4624 11598
4624 5871 11598
2015 10641 14259
14259 2015 10641
10641 2015 14259
9813 4457 7220
7220 4457 9813
4457 7220 9813
11317 6344 12872
6344 11317 12872
12872 6344 11317
676 6816 12375
12375 676 6816
6816 676 12375
11582 9584 11955
11955 9584 11582
9584 11582 11955
2786 4978 8593
8593 2786 4978
4978 2786 8593
8530 8722 9263
8722 8530 9263
9263 8530 8722
936 1808 11020
1808 936 11020
11020 936 1808
9875 9938 13436
13436 9875 9938
9938 9875 13436
315 9519 14579
9519 315 14579
14579 315 9519
9236 9419 13034
9419 9236 13034
13034 9236 9419
10308 10443 12782
12782 10308 10443
10443 10308 12782
1551 2173 5777
5777 1551 2173
2173 1551 5777
7340 7134 13953
13953 7134 7340
7134 7340 13953
8740 9665 13133
13133 8740 9665
9665 8740 13133
6982 1173 10643
10643 1173 6982
1173 6982 10643
10839 2910 3000
2910 3000 10839
3000 2910 10839
7863 3708 7167
3708 7167 7863
7167 3708 7863
4848 6557 10846
6557 4848 10846
10846 4848 6557
3792 8541 13730
8541 3792 13730
13730 3792 8541
2792 629 14735
629 2792 14735
14735 629 2792
11474 784 6830
784 6830 11474
6830 784 11474
8262 1041 7456
1041 7456 8262
7456 1041 8262
4376 786 5156
786 4376 5156
5156 786 4376
232 1193 6316
6316 232 1193
1193 232 6316
913 556 6331
6331 556 913
556 913 6331
1948 12521 14369
14369 1948 12521
12521 1948 14369
6595 1592 14878
1592 6595 14878
14878 1592 6595
4905 3572 6016
6016 3572 4905
3572 4905 6016
208 3623 10139
10139 208 3623
3623 208 10139
10837 5435 7599
7599 5435 10837
5435 7599 10837
5133 5293 7450
5293 5133 7450
7450 5133 5293
9908 2395 3319
2395 3319 9908
3319 2395 9908
11878 3960 10226
10226 3960 11878
3960 10226 11878
12930 5262 6651
6651 5262 12930
5262 6651 12930
4392 2159 9421
2159 4392 9421
9421 2159 4392
11234 9808 10983
9808 10983 11234
10983 9808 11234
8123 3473 12448
12448 3473 8123
3473 8123 12448
14972 508 4942
508 4942 14972
4942 508 14972
3084 5850 12203
12203 3084 5850
5850 3084 12203
5788 606 4853
4853 606 5788
606 4853 5788
599 7395 12463
12463 599 7395
7395 599 12463
6387 3775 7793
7793 3775 6387
3775 6387 7793
9702 3443 5385
3443 5385 9702
5385 3443 9702
4547 4215 12242
12242 4215 4547
4215 4547 12242
7735 12155 13830
12155 7735 13830
13830 7735 12155
3987 1588 3764
1588 3764 3987
3764 1588 3987
7344 2172 6649
6649 2172 7344
2172 6649 7344
1450 6048 7036
6048 1450 7036
7036 1450 6048
13382 652 2936
2936 652 13382
652 2936 13382
7420 4377 11553
11553 4377 7420
4377 7420 11553
4599 2553 14138
2553 4599 14138
14138 2553 4599
14740 6353 7469
6353 7469 14740
7469 6353 14740
6889 5255 7678
7678 5255 6889
5255 6889 7678
12240 4970 5878
4970 5878 12240
5878 4970 12240
4774 7568 8904
8904 4774 7568
7568 4774 8904
3488 8051 10848
10848 3488 8051
8051 3488 10848
4312 1427 5872
5872 1427 4312
1427 4312 5872
11782 1942 3576
3576 1942 11782
1942 3576 11782
11140 1944 8642
1944 8642 11140
8642 1944 11140
12836 12232 14785
12232 12836 14785
14785 12232 12836
9143 9064 12775
12775 9064 9143
9064 9143 12775
6325 2380 9857
9857 2380 6325
2380 6325 9857
9817 3041 3721
3041 3721 9817
3721 3041 9817
8729 8064 10186
10186 8064 8729
8064 8729 10186
10156 3152 10248
3152 10156 10248
10248 3152 10156
4383 8304 11043
11043 4383 8304
8304 4383 11043
1543 5100 9825
9825 1543 5100
5100 1543 9825
6015 3900 8385
3900 6015 8385
8385 3900 6015
12730 10324 11170
11170 10324 12730
10324 11170 12730
5616 132 11837
132 5616 11837
11837 132 5616
986 3407 8801
3407 986 8801
8801 986 3407
14765 7973 9692
7973 9692 14765
9692 7973 14765
7765 12479 13097
13097 7765 12479
12479 7765 13097
11517 4802 5487
5487 4802 11517
4802 5487 11517
12703 2911 8626
2911 8626 12703
8626 2911 12703
14687 7073 13131
7073 13131 14687
13131 7073 14687
12116 3298 6371
6371 3298 12116
3298 6371 12116
11037 2708 4079
4079 2708 11037
2708 4079 11037
10730 651 11384
651 10730 11384
11384 651 10730
3622 4230 12348
12348 3622 4230
4230 3622 12348
12321 1882 11929
1882 11929 12321
11929 1882 12321
3993 12318 14811
14811 3993 12318
12318 3993 14811
8939 11942 13290
11942 8939 13290
13290 8939 11942
13385 2733 11778
2733 11778 13385
11778 2733 13385
11972 3897 4447
4447 3897 11972
3897 4447 11972
1703 6902 8661
8661 1703 6902
6902 1703 8661
12768 3346 11154
3346 11154 12768
11154 3346 12768
5196 6144 9567
9567 5196 6144
6144 5196 9567
4485 4852 9679
9679 4485 4852
4852 4485 9679
10102 8502 8902
8902 8502 10102
8502 8902 10102
1884 4907 5430
5430 1884 4907
4907 1884 5430
3421 11240 12497
11240 3421 12497
12497 3421 11240
12583 4933 13861
4933 12583 13861
13861 4933 12583
9386 7767 11130
11130 7767 9386
7767 9386 11130
8010 1294 10949
1294 8010 10949
10949 1294 8010
2830 1666 3185
1666 2830 3185
3185 1666 2830
6022 7511 7673
7673 6022 7511
7511 6022 7673
10417 7580 7664
7664 7580 10417
7580 7664 10417
10522 4012 12736
4012 10522 12736
12736 4012 10522
8592 8042 13190
8042 8592 13190
13190 8042 8592
12324 2073 6572
6572 2073 12324
2073 6572 12324
11455 9166 10587
9166 10587 11455
10587 9166 11455
1682 4218 13791
4218 1682 13791
13791 1682 4218
8635 7316 13473
13473 7316 8635
7316 8635 13473
13110 6602 14017
14017 6602 13110
6602 13110 14017
3601 8621 14111
14111 3601 8621
8621 3601 14111
14754 13825 14773
13825 14754 14773
14773 13825 14754
7739 12 9882
9882 12 7739
12 7739 9882
10268 10735 12298
12298 10268 10735
10735 10268 12298
6783 2772 14032
14032 2772 6783
2772 6783 14032
4284 1349 8953
8953 1349 4284
1349 4284 8953
7109 5519 10032
10032 5519 7109
5519 7109 10032
8570 3133 8403
8403 3133 8570
3133 8403 8570
8812 1675 14727
1675 8812 14727
14727 1675 8812
2687 9471 9687
9687 2687 9471
9471 2687 9687
7987 2497 11091
11091 2497 7987
2497 7987 11091
5861 10439 14043
10439 5861 14043
14043 5861 10439
1793 3156 5012
5012 1793 3156
3156 1793 5012
1985 5330 6928
6928 1985 5330
5330 1985 6928
11943 4075 4764
4075 4764 11943
4764 4075 11943
4621 9112 13318
13318 4621 9112
9112 4621 13318
4811 13409 14449
13409 4811 14449
14449 4811 13409
11910 2058 4460
2058 4460 11910
4460 2058 11910
13411 659 13620
13620 659 13411
659 13411 13620
2041 6640 12308
6640 2041 12308
12308 2041 6640
11779 7214 13533
7214 11779 13533
13533 7214 11779
7130 4696 7516
7516 4696 7130
4696 7130 7516
8882 12565 13538
12565 8882 13538
13538 8882 12565
8846 9068 11036
9068 8846 11036
11036 8846 9068
2816 4305 4361
4361 2816 4305
4305 2816 4361
4766 2536 11805
11805 2536 4766
2536 4766 11805
4661 7778 9928
9928 4661 7778
7778 4661 9928
8918 605 1698
605 1698 8918
1698 605 8918
5014 1433 3386
1433 3386 5014
3386 1433 5014
2606 10133 12243
12243 2606 10133
10133 2606 12243
4038 8113 8817
8817 4038 8113
8113 4038 8817
12294 3257 3456
3257 3456 12294
3456 3257 12294
2018 673 8940
673 2018 8940
8940 673 2018
12039 2300 5584
5584 2300 12039
2300 5584 12039
4800 6992 14519
14519 4800 6992
6992 4800 14519
525 2888 7481
2888 525 7481
7481 525 2888
1593 3693 12266
3693 1593 12266
12266 1593 3693
8702 1095 9284
9284 1095 8702
1095 8702 9284
11981 5792 6272
6272 5792 11981
5792 6272 11981
4845 2972 5408
2972 4845 5408
5408 2972 4845
10470 1342 6909
6909 1342 10470
1342 6909 10470
11274 5153 5272
5272 5153 11274
5153 5272 11274
12115 1673 3190
3190 1673 12115
1673 3190 12115
7501 8733 10251
8733 7501 10251
10251 7501 8733
6336 2986 14626
14626 2986 6336
2986 6336 14626
8777 1194 12383
12383 1194 8777
1194 8777 12383
3515 10426 10877
10877 3515 10426
10426 3515 10877
6269 1901 8396
8396 1901 6269
1901 6269 8396
5984 8591 14893
14893 5984 8591
8591 5984 14893
14908 8952 12916
8952 12916 14908
12916 8952 14908
3733 8202 11021
8202 3733 11021
11021 3733 8202
6985 3814 6725
3814 6725 6985
6725 3814 6985
4956 3516 9507
3516 4956 9507
9507 3516 4956
4334 1094 12720
1094 4334 12720
12720 1094 4334
9468 7232 12284
12284 7232 9468
7232 9468 12284
1207 10499 13345
13345 1207 10499
10499 1207 13345
8688 1618 11708
11708 1618 8688
1618 8688 11708
4069 2020 13012
2020 4069 13012
13012 2020 4069
2564 1745 8084
8084 1745 2564
1745 2564 8084
14203 1742 13372
13372 1742 14203
1742 13372 14203
13987 8376 9271
9271 8376 13987
8376 9271 13987
11843 4709 14861
14861 4709 11843
4709 11843 14861
10948 2406 12818
12818 2406 10948
2406 10948 12818
12721 2237 4641
2237 4641 12721
4641 2237 12721
6284 5139 10422
10422 5139 6284
5139 6284 10422
10502 4879 5278
4879 5278 10502
5278 4879 10502
7557 8314 10885
8314 7557 10885
10885 7557 8314
1083 6758 9153
9153 1083 6758
6758 1083 9153
5967 48 13030
48 5967 13030
13030 48 5967
10274 3912 13556
3912 10274 13556
13556 3912 10274
2906 1387 9482
1387 2906 9482
9482 1387 2906
10113 12659 12894
12894 10113 12659
12659 10113 12894
2665 5980 7385
7385 2665 5980
5980 2665 7385
3286 2319 5863
2319 3286 5863
5863 2319 3286
8717 400 2546
2546 400 8717
400 2546 8717
3961 7992 11555
7992 3961 11555
11555 3961 7992
14603 8967 12594
8967 12594 14603
12594 8967 14603
1775 1358 4520
1358 1775 4520
4520 1358 1775
5971 7572 8054
7572 5971 8054
8054 5971 7572
7052 5400 8605
8605 5400 7052
5400 7052 8605
13715 11129 11998
11998 11129 13715
11129 11998 13715
4232 9318 12281
9318 4232 12281
12281 4232 9318
13283 7462 9538
9538 7462 13283
7462 9538 13283
4692 4297 11595
11595 4297 4692
4297 4692 11595
8761 6898 13878
13878 6898 8761
6898 8761 13878
7639 371 9107
371 7639 9107
9107 371 7639
5256 504 1560
1560 504 5256
504 1560 5256
8343 3853 9348
3853 8343 9348
9348 3853 8343
1423 11063 11593
11063 1423 11593
11593 1423 11063
5349 11690 13349
13349 5349 11690
11690 5349 13349
1542 6133 8457
6133 1542 8457
8457 1542 6133
10469 9996 10155
10155 9996 10469
9996 10155 10469
14478 4788 7039
7039 4788 14478
4788 7039 14478
2203 4466 9823
9823 2203 4466
4466 2203 9823
9299 6108 14597
14597 6108 9299
6108 9299 14597
13664 960 9564
960 9564 13664
9564 960 13664
9664 9984 10769
9984 9664 10769
10769 9664 9984
10409 9126 14260
14260 9126 10409
9126 10409 14260
1976 8758 10082
10082 1976 8758
8758 1976 10082
2993 1265 10150
10150 1265 2993
1265 2993 10150
222 3065 12636
3065 222 12636
12636 222 3065
13663 4965 8811
8811 4965 13663
4965 8811 13663
1700 4083 4517
4517 1700 4083
4083 1700 4517
12706 2712 11100
11100 2712 12706
2712 11100 12706
10644 5615 12715
5615 10644 12715
12715 5615 10644
7616 3962 10954
3962 7616 10954
10954 3962 7616
12106 7550 14698
14698 7550 12106
7550 12106 14698
4409 1699 14072
14072 1699 4409
1699 4409 14072
5428 1199 5295
1199 5295 5428
5295 1199 5428
6587 4786 6173
4786 6173 6587
6173 4786 6587
6650 2072 7766
7766 2072 6650
2072 6650 7766
7782 7289 9211
9211 7289 7782
7289 7782 9211
13964 10727 11150
10727 11150 13964
11150 10727 13964
8444 3994 11994
11994 3994 8444
3994 8444 11994
10625 1639 14772
1639 10625 14772
14772 1639 10625
354 808 9611
808 354 9611
9611 354 808
8620 1591 9820
9820 1591 8620
1591 8620 9820
13552 8313 8315
8313 8315 13552
8315 8313 13552
5601 253 7055
7055 253 5601
253 5601 7055
11709 7194 11628
7194 11628 11709
11628 7194 11709
5312 8612 14654
8612 5312 14654
14654 5312 8612
13183 10399 14070
10399 13183 14070
14070 10399 13183
2676 3678 7412
7412 2676 3678
3678 2676 7412
9322 11672 11932
11672 9322 11932
11932 9322 11672
5268 5013 14281
5013 5268 14281
14281 5013 5268
3727 4497 12698
12698 3727 4497
4497 3727 12698
5631 964 3946
3946 964 5631
964 3946 5631
11974 3437 7594
7594 3437 11974
3437 7594 11974
4245 1726 13396
1726 4245 13396
13396 1726 4245
5752 2330 8144
8144 2330 5752
2330 5752 8144
13709 2233 10960
10960 2233 13709
2233 10960 13709
14939 5128 14631
5128 14631 14939
14631 5128 14939
2075 10539 13994
10539 2075 13994
13994 2075 10539
8531 9069 13426
13426 8531 9069
9069 8531 13426
11430 1211 2146
2146 1211 11430
1211 2146 11430
2291 562 3924
562 2291 3924
3924 562 2291
13871 3985 10745
3985 10745 13871
10745 3985 13871
12300 1731 6203
1731 6203 12300
6203 1731 12300
9428 1289 13035
13035 1289 9428
1289 9428 13035
3906 6558 9548
9548 3906 6558
6558 3906 9548
403 313 1715
313 403 1715
1715 313 403
7974 12026 13119
13119 7974 12026
12026 7974 13119
13884 5078 8712
8712 5078 13884
5078 8712 13884
9832 2949 12968
2949 9832 12968
12968 2949 9832
8395 122 9968
122 8395 9968
9968 122 8395
7446 10490 10510
10510 7446 10490
10490 7446 10510
779 7547 8107
8107 779 7547
7547 779 8107
10785 6483 12161
6483 10785 12161
12161 6483 10785
3379 671 4073
671 3379 4073
4073 671 3379
2475 5163 7182
7182 2475 5163
5163 2475 7182
3209 488 8243
488 3209 8243
8243 488 3209
11074 4686 6942
4686 6942 11074
6942 4686 11074
14894 8373 9343
8373 9343 14894
9343 8373 14894
4789 7834 14984
14984 4789 7834
7834 4789 14984
1641 10690 11644
10690 1641 11644
11644 1641 10690
130 7576 14105
14105 130 7576
7576 130 14105
7748 8804 13268
13268 7748 8804
8804 7748 13268
1471 4575 7113
4575 1471 7113
7113 1471 4575
11247 2438 4695
2438 4695 11247
4695 2438 11247
5734 311 9576
311 5734 9576
9576 311 5734
8203 6213 6894
6894 6213 8203
6213 6894 8203
12597 9663 14216
9663 12597 14216
14216 9663 12597
10136 1357 2759
1357 2759 10136
2759 1357 10136
5177 314 3187
314 3187 5177
3187 314 5177
4396 608 9671
608 4396 9671
9671 608 4396
13284 2748 13821
13821 2748 13284
2748 13284 13821
9184 7374 14749
7374 9184 14749
14749 7374 9184
14680 13957 14940
13957 14680 14940
14940 13957 14680
3746 6719 6736
6736 3746 6719
6719 3746 6736
5494 1105 9011
9011 1105 5494
1105 5494 9011
4640 1918 9626
9626 1918 4640
1918 4640 9626
8691 10020 13424
10020 8691 13424
13424 8691 10020
5599 2349 12234
12234 2349 5599
2349 5599 12234
7212 1310 13691
13691 1310 7212
1310 7212 13691
4516 202 13946
13946 202 4516
202 4516 13946
12089 402 9700
9700 402 12089
402 9700 12089
6376 3127 7305
7305 3127 6376
3127 6376 7305
3666 2808 4268
4268 2808 3666
2808 3666 4268
5004 4086 6079
4086 5004 6079
6079 4086 5004
10726 4873 14471
4873 10726 14471
14471 4873 10726
7858 424 1769
1769 424 7858
424 1769 7858
2585 3812 10506
10506 2585 3812
3812 2585 10506
10168 40 10210
40 10168 10210
10210 40 10168
9151 7314 10437
7314 9151 10437
10437 7314 9151
2852 10698 11591
11591 2852 10698
10698 2852 11591
11611 2452 14492
14492 2452 11611
2452 11611 14492
10335 3293 9951
3293 9951 10335
9951 3293 10335
7692 10223 13847
10223 7692 13847
13847 7692 10223
11521 6185 11852
6185 11521 11852
11852 6185 11521
7279 2491 14398
2491 7279 14398
14398 2491 7279
11389 6748 7077
6748 7077 11389
7077 6748 11389
4179 2263 5038
5038 2263 4179
2263 4179 5038
3734 2798 5191
2798 3734 5191
5191 2798 3734
10461 1763 7964
1763 7964 10461
7964 1763 10461
1014 6165 14020
14020 1014 6165
6165 1014 14020
10305 549 4737
549 4737 10305
4737 549 10305
7800 6243 7991
7991 6243 7800
6243 7800 7991
1737 4977 5962
4977 1737 5962
5962 1737 4977
14588 560 1971
1971 560 14588
560 1971 14588
12121 448 5082
448 5082 12121
5082 448 12121
5465 3801 9851
3801 5465 9851
9851 3801 5465
1214 2270 7228
7228 1214 2270
2270 1214 7228
3082 2565 10501
10501 2565 3082
2565 3082 10501
13293 1320 5496
1320 5496 13293
5496 1320 13293
6892 6453 9328
9328 6453 6892
6453 6892 9328
915 11414 12941
12941 915 11414
11414 915 12941
4421 1399 6498
6498 1399 4421
1399 4421 6498
4631 10034 10512
10512 4631 10034
10034 4631 10512
14235 1356 2091
2091 1356 14235
1356 2091 14235
8652 4219 4411
4219 4411 8652
4411 4219 8652
2152 4757 13988
4757 2152 13988
13988 2152 4757
1143 6458 10037
10037 1143 6458
6458 1143 10037
6862 7227 11294
7227 6862 11294
11294 6862 7227
534 6698 13455
6698 534 13455
13455 534 6698
417 11189 11836
11189 417 11836
11836 417 11189
8900 2966 7363
2966 7363 8900
7363 2966 8900
11642 4749 9163
9163 4749 11642
4749 9163 11642
8404 10860 11799
10860 8404 11799
11799 8404 10860
1442 1564 6191
6191 1442 1564
1564 1442 6191
3968 4001 6546
6546 3968 4001
4001 3968 6546
11575 10100 10781
10100 10781 11575
10781 10100 11575
1636 4784 5673
4784 1636 5673
5673 1636 4784
2997 8773 8836
8836 2997 8773
8773 2997 8836
2103 4401 13282
13282 2103 4401
4401 2103 13282
11453 1286 3005
1286 3005 11453
3005 1286 11453
8838 5447 11313
11313 5447 8838
5447 8838 11313
11468 3732 13636
13636 3732 11468
3732 11468 13636
463 1643 5200
1643 463 5200
5200 463 1643
8147 4326 8975
8975 4326 8147
4326 8147 8975
729 11409 14672
14672 729 11409
11409 729 14672
8963 7320 12738
7320 8963 12738
12738 7320 8963
7482 3467 10922
3467 7482 10922
10922 3467 7482
12177 351 8518
351 8518 12177
8518 351 12177
6699 994 1964
994 1964 6699
1964 994 6699
3506 8686 9660
9660 3506 8686
8686 3506 9660
13621 4026 4074
4074 4026 13621
4026 4074 13621
13354 9083 12516
12516 9083 13354
9083 12516 13354
14356 9036 12924
9036 12924 14356
12924 9036 14356
12210 7187 9401
9401 7187 12210
7187 9401 12210
11726 6246 13526
6246 11726 13526
13526 6246 11726
7546 11039 12227
12227 7546 11039
11039 7546 12227
11340 7740 11537
11537 7740 11340
7740 11340 11537
127 13798 14896
13798 127 14896
14896 127 13798
10869 4666 10613
4666 10613 10869
10613 4666 10869
4324 11542 12345
11542 4324 12345
12345 4324 11542
1749 9504 13322
13322 1749 9504
9504 1749 13322
2214 3369 9971
3369 2214 9971
9971 2214 3369
1597 6411 8986
6411 1597 8986
8986 1597 6411
9911 639 2773
639 2773 9911
2773 639 9911
13501 11750 13532
13532 11750 13501
11750 13501 13532
7762 6035 8486
8486 6035 7762
6035 7762 8486
14465 1916 13321
1916 13321 14465
13321 1916 14465
14168 4017 14924
4017 14168 14924
14924 4017 14168
10550 6487 14062
6487 10550 14062
14062 6487 10550
13064 1179 10662
10662 1179 13064
1179 10662 13064
7072 5974 7669
7669 5974 7072
5974 7072 7669
1505 7179 8878
7179 1505 8878
8878 1505 7179
14489 10881 11262
10881 11262 14489
11262 10881 14489
14992 1045 5195
5195 1045 14992
1045 5195 14992
10165 1489 1834
1489 1834 10165
1834 1489 10165
9887 4620 13486
4620 9887 13486
13486 4620 9887
7141 2029 13078
13078 2029 7141
2029 7141 13078
487 5460 12666
12666 487 5460
5460 487 12666
11276 1484 11664
1484 11276 11664
11664 1484 11276
13605 8311 8701
8311 8701 13605
8701 8311 13605
4982 1661 9495
9495 1661 4982
1661 4982 9495
4254 9339 11374
11374 4254 9339
9339 4254 11374
8624 3002 3418
3418 3002 8624
3002 3418 8624
4438 4463 10936
10936 4438 4463
4463 4438 10936
7066 11548 12760
11548 7066 12760
12760 7066 11548
12439 10068 12004
10068 12004 12439
12004 10068 12439
563 9398 12282
9398 563 12282
12282 563 9398
13843 4090 7622
4090 7622 13843
7622 4090 13843
7704 5126 10941
10941 5126 7704
5126 7704 10941
1897 7948 11293
11293 1897 7948
7948 1897 11293
12295 1415 8180
8180 1415 12295
1415 8180 12295
6784 92 12675
12675 92 6784
92 6784 12675
7603 2035 13329
13329 2035 7603
2035 7603 13329
6006 2598 4480
2598 4480 6006
4480 2598 6006
14662 409 10293
10293 409 14662
409 10293 14662
10298 5159 13751
5159 10298 13751
13751 5159 10298
1795 2896 12343
2896 1795 12343
12343 1795 2896
3136 12219 13992
12219 3136 13992
13992 3136 12219
10802 2803 5322
5322 2803 10802
2803 5322 10802
12033 4534 13880
4534 12033 13880
13880 4534 12033
9436 1961 5884
1961 5884 9436
5884 1961 9436
4740 7806 14732
14732 4740 7806
7806 4740 14732
13404 3274 6105
3274 6105 13404
6105 3274 13404
2363 7773 10149
7773 2363 10149
10149 2363 7773
1016 1402 7867
1402 1016 7867
7867 1016 1402
13528 44 11004
11004 44 13528
44 11004 13528
5943 2153 8134
2153 5943 8134
8134 2153 5943
14998 2309 5684
5684 2309 14998
2309 5684 14998
6732 2827 7984
2827 6732 7984
7984 2827 6732
1175 6562 8336
8336 1175 6562
6562 1175 8336
5890 1981 3300
1981 3300 5890
3300 1981 5890
1689 2054 4049
4049 1689 2054
2054 1689 4049
14528 7625 14007
14007 7625 14528
7625 14007 14528
2052 1995 3330
1995 2052 3330
3330 1995 2052
12507 11731 14221
11731 12507 14221
14221 11731 12507
1922 2527 14987
2527 1922 14987
14987 1922 2527
13543 998 3337
998 3337 13543
3337 998 13543
80 4270 5857
5857 80 4270
4270 80 5857
3703 6363 11551
6363 3703 11551
11551 3703 6363
12386 6168 9682
9682 6168 12386
6168 9682 12386
8668 8348 12605
8348 8668 12605
12605 8348 8668
3362 10578 13457
10578 3362 13457
13457 3362 10578
3700 2656 9790
2656 3700 9790
9790 2656 3700
5267 2217 11928
11928 2217 5267
2217 5267 11928
682 1005 7635
7635 682 1005
1005 682 7635
6138 1552 7097
1552 6138 7097
7097 1552 6138
1145 13317 14780
14780 1145 13317
13317 1145 14780
13729 4126 10524
4126 10524 13729
10524 4126 13729
7674 9486 12997
9486 7674 12997
12997 7674 9486
5779 3491 14021
3491 5779 14021
14021 3491 5779
11169 849 1037
1037 849 11169
849 1037 11169
12330 10207 11907
11907 10207 12330
10207 11907 12330
999 6302 7451
7451 999 6302
6302 999 7451
5174 8879 12963
12963 5174 8879
8879 5174 12963
7727 2716 11687
2716 7727 11687
11687 2716 7727
376 1814 11499
11499 376 1814
1814 376 11499
11017 1470 5662
5662 1470 11017
1470 5662 11017
5514 5344 7024
5344 5514 7024
7024 5344 5514
9149 8401 9278
8401 9149 9278
9278 8401 9149
13330 3390 11514
3390 11514 13330
11514 3390 13330
4563 9230 12743
12743 4563 9230
9230 4563 12743
4231 3848 12933
3848 4231 12933
12933 3848 4231
6584 6976 11707
11707 6584 6976
6976 6584 11707
745 3823 14033
3823 745 14033
14033 745 3823
14815 11302 14682
11302 14682 14815
14682 11302 14815
13022 6123 13737
6123 13022 13737
13737 6123 13022
8503 10201 12695
10201 8503 12695
12695 8503 10201
11175 62 2351
2351 62 11175
62 2351 11175
4102 9313 10766
10766 4102 9313
9313 4102 10766
11784 7436 9308
9308 7436 11784
7436 9308 11784
12226 8390 12553
8390 12226 12553
12553 8390 12226
13640 3471 8103
3471 8103 13640
8103 3471 13640
8246 688 14285
14285 688 8246
688 8246 14285
9624 11540 12846
12846 9624 11540
11540 9624 12846
7202 3711 13018
13018 3711 7202
3711 7202 13018
4728 1091 1688
1091 1688 4728
1688 1091 4728
218 1351 8974
1351 218 8974
8974 218 1351
13063 8215 9771
9771 8215 13063
8215 9771 13063
2022 10390 14252
14252 2022 10390
10390 2022 14252
4152 7351 12799
7351 4152 12799
12799 4152 7351
10751 9454 11125
11125 9454 10751
9454 10751 11125
5742 10119 10786
10786 5742 10119
10119 5742 10786
5060 5417 7339
7339 5060 5417
5417 5060 7339
3018 2474 8782
8782 2474 3018
2474 3018 8782
432 13855 14679
14679 432 13855
13855 432 14679
3713 6495 14977
6495 3713 14977
14977 3713 6495
4568 1295 14731
1295 4568 14731
14731 1295 4568
3107 6038 9025
9025 3107 6038
6038 3107 9025
11312 12331 14723
12331 11312 14723
14723 11312 12331
1813 7422 8655
8655 1813 7422
7422 1813 8655
12995 8380 9111
8380 9111 12995
9111 8380 12995
2696 4363 12618
4363 2696 12618
12618 2696 4363
13373 1441 11028
1441 11028 13373
11028 1441 13373
6319 13474 14439
13474 6319 14439
14439 6319 13474
7323 3336 12819
3336 7323 12819
12819 3336 7323
4815 1104 5445
1104 4815 5445
5445 1104 4815
595 27 14526
27 595 14526
14526 27 595
14635 696 13346
13346 696 14635
696 13346 14635
799 2501 2668
2501 799 2668
2668 799 2501
8031 2831 4292
4292 2831 8031
2831 4292 8031
5531 10203 14425
14425 5531 10203
10203 5531 14425
12146 6910 7774
6910 7774 12146
7774 6910 12146
4453 5380 8513
5380 4453 8513
8513 4453 5380
12140 383 10507
383 10507 12140
10507 383 12140
5290 7721 9780
9780 5290 7721
7721 5290 9780
5864 1711 5235
5235 1711 5864
1711 5235 5864
12090 3661 7099
7099 3661 12090
3661 7099 12090
2014 1396 10043
10043 1396 2014
1396 2014 10043
14610 3524 11970
11970 3524 14610
3524 11970 14610
8660 10 4098
4098 10 8660
10 4098 8660
11042 8477 13881
13881 8477 11042
8477 11042 13881
6938 11048 13856
11048 6938 13856
13856 6938 11048
8971 1038 2822
2822 1038 8971
1038 2822 8971
3392 13205 13740
13740 3392 13205
13205 3392 13740
7815 5698 12486
5698 7815 12486
12486 5698 7815
10360 7535 11141
11141 7535 10360
7535 10360 11141
7651 456 7805
7805 456 7651
456 7651 7805
1988 2890 3982
2890 1988 3982
3982 1988 2890
13718 7465 10415
10415 7465 13718
7465 10415 13718
9242 1164 8549
8549 1164 9242
1164 8549 9242
12440 11592 14038
11592 12440 14038
14038 11592 12440
11787 7921 8932
7921 8932 11787
8932 7921 11787
9312 1340 13430
1340 9312 13430
13430 1340 9312
9399 4333 9852
4333 9399 9852
9852 4333 9399
3584 7780 9833
7780 3584 9833
9833 3584 7780
13626 6691 13983
13983 6691 13626
6691 13626 13983
5525 9749 12978
9749 5525 12978
12978 5525 9749
10939 9835 10342
10342 9835 10939
9835 10342 10939
7088 5061 11072
5061 7088 11072
11072 5061 7088
2417 1174 14993
1174 2417 14993
14993 1174 2417
2383 8434 12477
12477 2383 8434
8434 2383 12477
14108 8248 12072
8248 12072 14108
12072 8248 14108
2927 2845 13547
2845 2927 13547
13547 2845 2927
4303 2488 8276
8276 2488 4303
2488 4303 8276
13288 6002 11989
6002 11989 13288
11989 6002 13288
3223 284 6569
6569 284 3223
284 3223 6569
10496 13571 14873
13571 10496 14873
14873 10496 13571
336 1521 6378
1521 336 6378
6378 336 1521
4378 3341 11727
3341 4378 11727
11727 3341 4378
3149 2109 10433
2109 3149 10433
10433 2109 3149
276 2119 9799
2119 276 9799
9799 276 2119
8863 4579 14158
4579 8863 14158
14158 4579 8863
1667 413 6309
413 1667 6309
6309 413 1667
5804 2928 3422
3422 2928 5804
2928 3422 5804
5848 5324 14365
14365 5324 5848
5324 5848 14365
8853 3613 4467
3613 4467 8853
4467 3613 8853
8762 856 14884
856 8762 14884
14884 856 8762
7709 7652 14371
14371 7652 7709
7652 7709 14371
11565 5937 14107
14107 5937 11565
5937 11565 14107
7955 427 3062
427 3062 7955
3062 427 7955
13368 634 7430
634 7430 13368
7430 634 13368
5732 2693 14359
14359 2693 5732
2693 5732 14359
5269 8584 11685
11685 5269 8584
8584 5269 11685
6887 6249 8108
6249 6887 8108
8108 6249 6887
6426 6638 7301
7301 6426 6638
6638 6426 7301
9566 4756 13519
13519 4756 9566
4756 9566 13519
7064 2016 9408
9408 2016 7064
2016 7064 9408
3384 1959 13682
13682 1959 3384
1959 3384 13682
13313 12994 14752
14752 12994 13313
12994 13313 14752
5341 11018 12880
11018 5341 12880
12880 5341 11018
7624 6999 14000
14000 6999 7624
6999 7624 14000
8325 762 10435
10435 762 8325
762 8325 10435
12843 2318 4316
4316 2318 12843
2318 4316 12843
6696 7253 12745
12745 6696 7253
7253 6696 12745
9712 705 5273
705 5273 9712
5273 705 9712
4559 717 2754
2754 717 4559
717 2754 4559
12670 598 959
959 598 12670
598 959 12670
4793 6102 6633
6102 4793 6633
6633 4793 6102
8460 11281 14240
14240 8460 11281
11281 8460 14240
1911 6679 11791
6679 1911 11791
11791 1911 6679
9787 2860 3143
3143 2860 9787
2860 3143 9787
3130 2698 5209
2698 3130 5209
5209 2698 3130
8101 6122 7610
7610 6122 8101
6122 7610 8101
8807 4388 10474
4388 8807 10474
10474 4388 8807
6290 9577 11916
11916 6290 9577
9577 6290 11916
8663 892 8415
892 8415 8663
8415 892 8663
7197 10694 12545
10694 7197 12545
12545 7197 10694
6099 1375 13303
13303 1375 6099
1375 6099 13303
12970 1888 12127
12127 1888 12970
1888 12127 12970
1237 5718 11512
11512 1237 5718
5718 1237 11512
11716 6318 12852
12852 6318 11716
6318 11716 12852
2771 12656 13429
13429 2771 12656
12656 2771 13429
272 11790 14147
14147 272 11790
11790 272 14147
9837 86 7369
86 7369 9837
7369 86 9837
12987 259 9863
259 9863 12987
9863 259 12987
9177 5161 13493
5161 9177 13493
13493 5161 9177
5071 1119 7106
7106 1119 5071
1119 5071 7106
12418 4662 13108
4662 12418 13108
13108 4662 12418
1974 5113 12753
12753 1974 5113
5113 1974 12753
12796 8421 10363
10363 8421 12796
8421 10363 12796
7157 4594 5055
5055 4594 7157
4594 5055 7157
632 97 12154
12154 97 632
97 632 12154
2871 9424 13174
9424 2871 13174
13174 2871 9424
356 74 11901
74 356 11901
11901 74 356
3600 134 10489
134 3600 10489
10489 134 3600
4543 3280 13261
3280 4543 13261
13261 3280 4543
12015 766 9104
9104 766 12015
766 9104 12015
10067 4745 4820
4745 4820 10067
4820 4745 10067
13585 8047 11328
11328 8047 13585
8047 11328 13585
1158 1225 6927
1225 1158 6927
6927 1158 1225
12416 11208 14968
14968 11208 12416
11208 12416 14968
7996 753 1062
1062 753 7996
753 1062 7996
3905 1080 1576
1080 1576 3905
1576 1080 3905
4592 6620 13415
6620 4592 13415
13415 4592 6620
4446 6606 11881
11881 4446 6606
6606 4446 11881
4941 3256 10130
10130 3256 4941
3256 4941 10130
10780 6671 7577
6671 7577 10780
7577 6671 10780
6663 7401 8608
8608 6663 7401
7401 6663 8608
12162 9233 11419
9233 11419 12162
11419 9233 12162
3735 7734 14846
7734 3735 14846
14846 3735 7734
12044 5660 8129
5660 8129 12044
8129 5660 12044
8052 9565 10310
9565 8052 10310
10310 8052 9565
2294 1149 2880
2880 1149 2294
1149 2294 2880
4135 2168 11871
2168 4135 11871
11871 2168 4135
5431 2721 6499
6499 2721 5431
2721 5431 6499
12481 3804 4669
4669 3804 12481
3804 4669 12481
2600 10638 12253
12253 2600 10638
10638 2600 12253
11996 1977 14340
1977 11996 14340
14340 1977 11996
3020 6863 11024
11024 3020 6863
6863 3020 11024
10671 4991 5066
4991 5066 10671
5066 4991 10671
1209 8557 9354
9354 1209 8557
8557 1209 9354
5748 8359 12680
8359 5748 12680
12680 5748 8359
2084 85 9843
9843 85 2084
85 2084 9843
5590 588 14407
14407 588 5590
588 5590 14407
2050 2227 6526
2227 2050 6526
6526 2050 2227
7868 1482 5250
1482 5250 7868
5250 1482 7868
14571 1772 4151
1772 4151 14571
4151 1772 14571
2963 4523 14055
4523 2963 14055
14055 2963 4523
7008 2101 12878
12878 2101 7008
2101 7008 12878
