1087 160 330
330 160 1087
160 330 1087
485 899 1061
899 485 1061
1061 485 899
690 1 1215
1215 1 690
1 690 1215
503 879 1485
879 503 1485
1485 503 879
1336 1047 1081
1081 1047 1336
1047 1081 1336
263 755 1115
1115 263 755
755 263 1115
671 177 707
177 671 707
707 177 671
1029 167 689
689 167 1029
167 689 1029
1450 407 1343
407 1343 1450
1343 407 1450
1021 355 1140
1140 355 1021
355 1021 1140
607 217 1493
1493 217 607
217 607 1493
225 345 1110
345 225 1110
1110 225 345
1195 508 952
508 952 1195
952 508 1195
1026 357 493
357 493 1026
493 357 1026
58 62 1230
1230 58 62
62 58 1230
477 362 1142
362 477 1142
1142 362 477
1437 873 1016
873 1016 1437
1016 873 1437
335 333 591
333 335 591
591 333 335
862 349 1196
1196 349 862
349 862 1196
1297 674 1345
1345 674 1297
674 1297 1345
842 95 1164
1164 95 842
95 842 1164
128 1015 1165
1015 128 1165
1165 128 1015
734 470 1159
1159 470 734
470 734 1159
55 208 742
742 55 208
208 55 742
429 113 1032
113 429 1032
1032 113 429
926 15 691
691 15 926
15 691 926
340 197 790
197 340 790
790 197 340
820 915 1414
915 820 1414
1414 820 915
815 10 384
10 384 815
384 10 815
816 387 531
387 531 816
531 387 816
237 130 1490
130 237 1490
1490 130 237
547 32 1464
1464 32 547
32 547 1464
902 19 747
19 747 902
747 19 902
1086 718 892
892 718 1086
718 892 1086
880 358 883
358 880 883
883 358 880
1098 554 1129
1129 554 1098
554 1098 1129
475 835 1100
1100 475 835
835 475 1100
1274 552 650
650 552 1274
552 650 1274
882 96 1133
1133 96 882
96 882 1133
211 441 1167
1167 211 441
441 211 1167
451 242 605
242 451 605
605 242 451
957 1327 1441
1441 957 1327
1327 957 1441
216 777 1069
777 216 1069
1069 216 777
1210 77 1329
1329 77 1210
77 1210 1329
774 1117 1451
1117 774 1451
1451 774 1117
1214 797 1260
1260 797 1214
797 1214 1260
1269 576 636
636 576 1269
576 636 1269
946 474 555
555 474 946
474 555 946
1182 22 546
546 22 1182
22 546 1182
110 368 1046
1046 110 368
368 110 1046
359 512 1257
512 359 1257
1257 359 512
210 327 1054
327 210 1054
1054 210 327
444 1158 1238
1158 444 1238
1238 444 1158
967 5 764
5 764 967
764 5 967
479 721 940
721 479 940
940 479 721
905 995 1243
995 905 1243
1243 905 995
483 499 761
499 483 761
761 483 499
1247 63 1435
1435 63 1247
63 1247 1435
936 622 1452
622 936 1452
1452 622 936
776 382 893
382 776 893
893 382 776
878 204 1479
1479 204 878
204 878 1479
1162 507 1298
1298 507 1162
507 1162 1298
201 670 1056
670 201 1056
1056 201 670
1340 810 1200
1200 810 1340
810 1200 1340
1482 568 1409
1409 568 1482
568 1409 1482
922 149 559
559 149 922
149 559 922
59 1031 1201
1031 59 1201
1201 59 1031
1312 1023 1163
1163 1023 1312
1023 1163 1312
610 412 1272
412 610 1272
1272 412 610
894 413 834
834 413 894
413 834 894
597 809 1225
809 597 1225
1225 597 809
658 675 1348
1348 658 675
675 658 1348
681 220 1429
220 681 1429
1429 220 681
1416 270 770
770 270 1416
270 770 1416
1267 1203 1412
1203 1267 1412
1412 1203 1267
1265 948 1356
948 1265 1356
1356 948 1265
1342 914 1033
914 1033 1342
1033 914 1342
678 391 1224
391 678 1224
1224 391 678
1486 82 601
601 82 1486
82 601 1486
1202 24 1397
1397 24 1202
24 1202 1397
252 57 1253
1253 57 252
57 252 1253
1458 51 1064
51 1064 1458
1064 51 1458
987 431 1382
431 987 1382
1382 431 987
577 930 1229
1229 577 930
930 577 1229
942 196 1103
1103 196 942
196 942 1103
1005 352 802
352 802 1005
802 352 1005
116 628 1449
1449 116 628
628 116 1449
1261 143 903
903 143 1261
143 903 1261
148 53 918
53 148 918
918 53 148
67 124 722
124 67 722
722 67 124
262 530 1171
530 262 1171
1171 262 530
741 500 664
664 500 741
500 664 741
7 6 480
480 6 7
6 7 480
301 688 785
688 301 785
785 301 688
1346 524 564
524 564 1346
564 524 1346
844 78 291
291 78 844
78 291 844
1007 260 1252
1252 260 1007
260 1007 1252
780 496 634
634 496 780
496 634 780
1127 9 750
750 9 1127
9 750 1127
659 248 1066
248 659 1066
1066 248 659
1240 1070 1444
1444 1070 1240
1070 1240 1444
1359 129 612
129 612 1359
612 129 1359
188 1300 1402
1300 188 1402
1402 188 1300
134 621 801
621 134 801
801 134 621
1320 759 970
759 970 1320
970 759 1320
1277 207 1338
207 1277 1338
1338 207 1277
599 1059 1365
1365 599 1059
1059 599 1365
283 306 663
663 283 306
306 283 663
1363 756 1349
756 1349 1363
1349 756 1363
560 56 556
56 556 560
556 56 560
1386 36 473
36 473 1386
473 36 1386
697 227 629
629 227 697
227 629 697
489 321 1400
321 489 1400
1400 321 489
525 285 1190
1190 285 525
285 525 1190
440 76 332
332 76 440
76 332 440
821 406 574
406 574 821
574 406 821
35 840 1250
1250 35 840
840 35 1250
1042 89 1114
1114 89 1042
89 1042 1114
1366 1241 1404
1404 1241 1366
1241 1366 1404
643 54 1128
54 643 1128
1128 54 643
1147 491 975
975 491 1147
491 975 1147
71 509 800
800 71 509
509 71 800
99 256 1389
1389 99 256
256 99 1389
233 909 1308
1308 233 909
909 233 1308
88 979 1440
979 88 1440
1440 88 979
1439 528 666
666 528 1439
528 666 1439
1220 938 1003
938 1003 1220
1003 938 1220
1442 259 495
495 259 1442
259 495 1442
80 68 596
68 80 596
596 68 80
156 992 1068
1068 156 992
992 156 1068
437 325 356
356 325 437
325 356 437
929 319 969
969 319 929
319 929 969
1301 551 685
685 551 1301
551 685 1301
187 934 955
955 187 934
934 187 955
705 31 297
31 297 705
297 31 705
61 652 921
652 61 921
921 61 652
104 1014 1430
1430 104 1014
1014 104 1430
85 338 1355
338 85 1355
1355 85 338
653 361 379
361 379 653
379 361 653
461 369 1302
1302 369 461
369 461 1302
453 579 1183
1183 453 579
579 453 1183
985 778 1249
1249 778 985
778 985 1249
891 21 1325
1325 21 891
21 891 1325
1455 1273 1309
1309 1273 1455
1273 1309 1455
83 443 527
527 83 443
443 83 527
236 255 397
397 236 255
255 236 397
2 30 870
870 2 30
30 2 870
782 202 501
501 202 782
202 501 782
289 310 1217
310 289 1217
1217 289 310
536 191 709
709 191 536
191 536 709
1156 1418 1423
1418 1156 1423
1423 1156 1418
997 230 958
958 230 997
230 958 997
1011 735 1111
735 1011 1111
1111 735 1011
993 215 616
616 215 993
215 616 993
1113 366 1368
1368 366 1113
366 1113 1368
1315 859 1352
859 1315 1352
1352 859 1315
1161 206 1193
206 1161 1193
1193 206 1161
18 293 672
672 18 293
293 18 672
1244 927 1222
927 1222 1244
1222 927 1244
1496 901 1341
901 1341 1496
1341 901 1496
91 142 304
304 91 142
142 91 304
1475 563 1027
563 1027 1475
1027 563 1475
1335 11 1268
1268 11 1335
11 1268 1335
1434 400 972
972 400 1434
400 972 1434
44 513 739
739 44 513
513 44 739
146 888 1318
888 146 1318
1318 146 888
1373 244 456
456 244 1373
244 456 1373
588 791 1198
791 588 1198
1198 588 791
991 33 737
737 33 991
33 737 991
984 895 1421
895 984 1421
1421 895 984
109 593 1410
593 109 1410
1410 109 593
1173 115 808
115 808 1173
808 115 1173
786 388 1078
1078 388 786
388 786 1078
520 155 779
155 520 779
779 155 520
339 488 1461
1461 339 488
488 339 1461
592 331 1306
1306 331 592
331 592 1306
1364 328 729
328 729 1364
729 328 1364
448 867 1275
1275 448 867
867 448 1275
1053 161 1084
161 1053 1084
1084 161 1053
267 176 1146
176 267 1146
1146 176 267
1109 396 884
396 884 1109
884 396 1109
1398 908 1235
908 1235 1398
1235 908 1398
817 90 1333
1333 90 817
90 817 1333
265 209 232
209 232 265
232 209 265
857 714 826
826 714 857
714 826 857
954 45 1375
1375 45 954
45 954 1375
1080 93 107
107 93 1080
93 107 1080
79 341 733
341 79 733
733 79 341
784 394 1205
394 784 1205
1205 394 784
1426 131 1448
1448 131 1426
131 1426 1448
445 137 519
137 445 519
519 137 445
427 282 580
580 282 427
282 427 580
1150 1317 1350
1350 1150 1317
1317 1150 1350
471 462 1242
1242 462 471
462 471 1242
1311 245 1180
1180 245 1311
245 1180 1311
631 178 1255
178 631 1255
1255 178 631
385 1101 1499
1101 385 1499
1499 385 1101
1339 73 504
73 504 1339
504 73 1339
1278 186 937
937 186 1278
186 937 1278
890 376 706
706 376 890
376 706 890
179 673 1383
673 179 1383
1383 179 673
1145 1106 1445
1106 1145 1445
1445 1106 1145
231 516 1192
1192 231 516
516 231 1192
1199 1328 1470
1470 1199 1328
1328 1199 1470
144 719 1152
1152 144 719
719 144 1152
173 1208 1492
1492 173 1208
1208 173 1492
1096 243 419
243 419 1096
419 243 1096
947 1295 1436
1436 947 1295
1295 947 1436
466 350 562
562 350 466
350 466 562
846 380 963
963 380 846
380 846 963
812 1040 1286
1286 812 1040
1040 812 1286
103 913 1323
913 103 1323
1323 103 913
1245 866 1353
866 1245 1353
1353 866 1245
1085 329 1107
1107 329 1085
329 1085 1107
540 1197 1212
1197 540 1212
1212 540 1197
1360 464 757
464 757 1360
757 464 1360
999 544 732
544 732 999
732 544 999
1385 190 950
950 190 1385
190 950 1385
303 249 251
249 251 303
251 249 303
1374 40 66
66 40 1374
40 66 1374
1316 286 1271
1271 286 1316
286 1271 1316
858 635 660
660 635 858
635 660 858
373 956 1248
956 373 1248
1248 373 956
912 126 316
126 316 912
316 126 912
1415 72 288
72 288 1415
288 72 1415
272 241 627
241 272 627
627 241 272
762 41 43
41 43 762
43 41 762
923 703 1020
1020 703 923
703 923 1020
668 163 354
354 163 668
163 354 668
1174 205 1074
1074 205 1174
205 1074 1174
1331 28 1424
28 1331 1424
1424 28 1331
1500 364 669
364 669 1500
669 364 1500
977 676 711
711 676 977
676 711 977
1067 998 1351
1351 998 1067
998 1067 1351
1264 383 749
383 749 1264
749 383 1264
261 515 1419
515 261 1419
1419 261 515
951 606 647
606 647 951
647 606 951
486 617 1179
617 486 1179
1179 486 617
625 169 1075
169 625 1075
1075 169 625
257 125 682
682 125 257
125 257 682
943 343 945
945 343 943
343 943 945
1221 819 986
986 819 1221
819 986 1221
420 42 1454
1454 42 420
42 420 1454
1456 767 1487
1487 767 1456
767 1456 1487
363 39 860
860 39 363
39 363 860
312 602 1226
1226 312 602
602 312 1226
1427 70 223
223 70 1427
70 223 1427
299 174 1289
1289 174 299
174 299 1289
614 1472 1498
1472 614 1498
1498 614 1472
1051 885 889
885 889 1051
889 885 1051
775 290 746
746 290 775
290 746 775
1367 1276 1283
1276 1283 1367
1283 1276 1367
476 446 1079
1079 446 476
446 476 1079
514 966 1095
966 514 1095
1095 514 966
392 497 702
497 392 702
702 392 497
1378 837 1447
837 1378 1447
1447 837 1378
1413 229 449
449 229 1413
229 449 1413
1228 783 982
783 982 1228
982 783 1228
1091 98 789
789 98 1091
98 789 1091
680 679 793
793 679 680
679 680 793
1463 183 534
183 534 1463
534 183 1463
50 152 1232
152 50 1232
1232 50 152
1030 393 949
949 393 1030
393 949 1030
836 166 305
305 166 836
166 305 836
1233 548 1149
1149 548 1233
548 1149 1233
1391 1282 1425
1282 1391 1425
1425 1282 1391
1361 662 965
965 662 1361
662 965 1361
442 898 1143
1143 442 898
898 442 1143
102 105 626
626 102 105
105 102 626
561 1049 1370
1049 561 1370
1370 561 1049
1369 284 781
284 781 1369
781 284 1369
16 920 1025
920 16 1025
1025 16 920
994 794 1209
1209 794 994
794 994 1209
64 657 874
874 64 657
657 64 874
180 423 861
861 180 423
423 180 861
1048 1294 1478
1294 1048 1478
1478 1048 1294
438 100 863
863 100 438
100 438 863
1037 315 758
315 758 1037
758 315 1037
181 589 1137
589 181 1137
1137 181 589
1120 402 806
806 402 1120
402 806 1120
65 772 1176
772 65 1176
1176 65 772
346 318 1266
318 346 1266
1266 318 346
48 906 1189
906 48 1189
1189 48 906
996 308 1380
1380 308 996
308 996 1380
648 269 875
269 648 875
875 269 648
1453 661 1104
1104 661 1453
661 1104 1453
300 198 1467
1467 198 300
198 300 1467
1258 94 140
140 94 1258
94 140 1258
803 175 1279
175 803 1279
1279 175 803
720 1194 1459
1459 720 1194
1194 720 1459
824 114 1480
114 824 1480
1480 114 824
700 964 1227
964 700 1227
1227 700 964
1157 683 696
683 696 1157
696 683 1157
649 433 1012
1012 433 649
433 649 1012
792 428 490
428 490 792
490 428 792
904 959 971
971 904 959
959 904 971
715 164 212
212 164 715
164 212 715
1018 271 1009
1009 271 1018
271 1009 1018
941 214 287
287 214 941
214 287 941
150 224 292
224 150 292
292 150 224
1307 1060 1154
1154 1060 1307
1060 1154 1307
162 604 1256
1256 162 604
604 162 1256
600 276 537
537 276 600
276 537 600
726 615 1050
615 726 1050
1050 615 726
1099 34 818
34 818 1099
818 34 1099
336 619 1169
1169 336 619
619 336 1169
851 375 1465
1465 375 851
375 851 1465
856 122 274
274 122 856
122 274 856
736 1036 1130
1130 736 1036
1036 736 1130
92 539 1151
1151 92 539
539 92 1151
646 728 935
935 646 728
728 646 935
825 1092 1237
1092 825 1237
1237 825 1092
1118 253 523
253 523 1118
523 253 1118
570 371 481
371 481 570
481 371 570
1089 275 1038
275 1038 1089
1038 275 1089
872 1263 1377
1377 872 1263
1263 872 1377
436 928 1088
928 436 1088
1088 436 928
334 12 133
133 12 334
12 133 334
414 460 608
608 414 460
460 414 608
575 405 983
405 575 983
983 405 575
1125 613 1313
613 1125 1313
1313 613 1125
731 26 1469
26 731 1469
1469 26 731
118 147 1187
1187 118 147
147 118 1187
353 1126 1292
1292 353 1126
1126 353 1292
1489 787 1097
787 1097 1489
1097 787 1489
307 121 465
121 307 465
465 121 307
565 609 853
609 565 853
853 565 609
1138 743 1466
1466 743 1138
743 1138 1466
911 1168 1319
1168 911 1319
1319 911 1168
830 1116 1236
1236 830 1116
1116 830 1236
184 151 1326
1326 151 184
151 184 1326
1411 510 827
510 827 1411
827 510 1411
813 23 200
200 23 813
23 200 813
20 771 897
897 20 771
771 20 897
814 172 545
172 545 814
545 172 814
14 192 422
192 14 422
422 14 192
1178 748 838
838 748 1178
748 838 1178
1206 75 277
75 277 1206
277 75 1206
522 165 1006
1006 165 522
165 522 1006
1122 132 543
543 132 1122
132 543 1122
1119 234 695
695 234 1119
234 695 1119
403 389 472
389 403 472
472 389 403
459 136 1405
136 459 1405
1405 136 459
494 572 1362
1362 494 572
572 494 1362
1073 1035 1471
1035 1073 1471
1471 1035 1073
1063 1358 1372
1358 1063 1372
1372 1063 1358
639 266 1254
1254 266 639
266 639 1254
213 1044 1139
1044 213 1139
1139 213 1044
968 1001 1062
1062 968 1001
1001 968 1062
1296 752 1310
752 1296 1310
1310 752 1296
1077 309 716
716 309 1077
309 716 1077
919 370 849
849 370 919
370 849 919
1390 254 640
254 640 1390
640 254 1390
541 765 769
765 541 769
769 541 765
981 724 1213
1213 724 981
724 981 1213
342 900 1387
1387 342 900
900 342 1387
1401 595 773
595 773 1401
773 595 1401
1132 932 1134
1134 932 1132
932 1132 1134
1337 798 1231
1231 798 1337
798 1231 1337
832 585 805
585 805 832
805 585 832
1052 360 760
760 360 1052
360 760 1052
395 492 917
492 395 917
917 395 492
518 584 1181
1181 518 584
584 518 1181
989 637 1384
1384 637 989
637 989 1384
246 887 1406
887 246 1406
1406 246 887
452 418 704
704 418 452
418 452 704
240 337 717
717 240 337
337 240 717
457 567 865
567 457 865
865 457 567
1017 347 1043
347 1017 1043
1043 347 1017
698 751 1045
1045 698 751
751 698 1045
847 228 1160
1160 228 847
228 847 1160
1121 398 1105
1105 398 1121
398 1105 1121
1008 502 1172
1172 502 1008
502 1008 1172
828 348 641
348 641 828
641 348 828
1155 633 687
633 687 1155
687 633 1155
1188 170 1093
170 1093 1188
1093 170 1188
314 281 852
281 314 852
852 281 314
795 194 586
194 586 795
586 194 795
1112 158 1376
158 1112 1376
1376 158 1112
973 569 744
744 569 973
569 744 973
1381 84 365
365 84 1381
84 365 1381
378 409 1094
1094 378 409
409 378 1094
1491 1293 1344
1344 1293 1491
1293 1344 1491
381 264 425
264 381 425
425 264 381
788 38 1055
38 788 1055
1055 38 788
573 699 1259
1259 573 699
699 573 1259
693 753 869
753 693 869
869 693 753
740 553 1408
553 740 1408
1408 553 740
1288 153 1207
153 1207 1288
1207 153 1288
119 326 421
421 119 326
326 119 421
1332 416 1394
416 1332 1394
1394 416 1332
939 112 468
112 468 939
468 112 939
1446 189 1000
1000 189 1446
189 1000 1446
611 138 1082
138 611 1082
1082 138 611
630 725 990
725 630 990
990 630 725
1433 578 1438
578 1433 1438
1438 578 1433
1357 854 1473
854 1357 1473
1473 854 1357
1071 157 710
710 157 1071
157 710 1071
1090 87 193
193 87 1090
87 193 1090
250 168 727
168 250 727
727 168 250
311 1108 1251
1251 311 1108
1108 311 1251
822 424 557
557 424 822
424 557 822
278 159 324
159 278 324
324 159 278
656 120 1131
1131 120 656
120 656 1131
655 351 1218
351 655 1218
1218 351 655
1281 111 667
667 111 1281
111 667 1281
247 1290 1395
1290 247 1395
1395 247 1290
222 273 587
273 222 587
587 222 273
933 538 581
581 538 933
538 581 933
199 47 101
47 101 199
101 47 199
487 141 1330
1330 141 487
141 487 1330
896 399 1422
1422 399 896
399 896 1422
1477 868 1234
868 1234 1477
1234 868 1477
374 665 1211
665 374 1211
1211 374 665
871 713 1396
713 871 1396
1396 713 871
426 313 1028
1028 313 426
313 426 1028
139 469 1262
469 139 1262
1262 139 469
701 238 401
238 401 701
401 238 701
620 1041 1495
1041 620 1495
1495 620 1041
377 843 1004
843 377 1004
1004 377 843
1468 1483 1497
1483 1468 1497
1497 1468 1483
583 511 745
745 511 583
511 583 745
1102 74 239
74 239 1102
239 74 1102
1186 430 1314
1314 430 1186
430 1186 1314
154 1481 1484
1481 154 1484
1484 154 1481
694 642 1034
1034 642 694
642 694 1034
390 841 1287
1287 390 841
841 390 1287
1177 52 1291
1291 52 1177
52 1177 1291
907 108 1417
108 907 1417
1417 108 907
506 542 738
738 506 542
542 506 738
1083 372 1185
1185 372 1083
372 1083 1185
1322 145 1175
145 1175 1322
1175 145 1322
594 13 768
13 594 768
768 13 594
1010 535 1299
1299 535 1010
535 1010 1299
1191 408 1239
408 1191 1239
1239 408 1191
1024 571 855
571 855 1024
855 571 1024
1144 226 978
226 978 1144
978 226 1144
1123 590 864
864 590 1123
590 864 1123
1280 532 980
980 532 1280
532 980 1280
988 1216 1321
1321 988 1216
1216 988 1321
17 25 877
25 17 877
877 17 25
411 439 478
439 411 478
478 411 439
962 221 829
829 221 962
221 829 962
886 195 1204
1204 195 886
195 886 1204
1065 730 804
730 804 1065
804 730 1065
944 831 961
961 831 944
831 944 961
1494 29 268
268 29 1494
29 268 1494
482 931 1488
931 482 1488
1488 482 931
618 185 1270
185 618 1270
1270 185 618
1462 106 754
754 106 1462
106 754 1462
1141 799 1305
1305 799 1141
799 1141 1305
623 686 1285
686 623 1285
1285 623 686
845 37 447
37 447 845
447 37 845
317 280 807
807 280 317
280 317 807
521 323 1393
323 521 1393
1393 323 521
1457 833 1443
833 1443 1457
1443 833 1457
529 1153 1219
1153 529 1219
1219 529 1153
638 410 1058
1058 410 638
410 638 1058
517 27 1124
1124 27 517
27 517 1124
1324 218 839
218 839 1324
839 218 1324
417 86 1135
1135 86 417
86 417 1135
1148 598 1431
1431 598 1148
598 1148 1431
454 386 960
960 386 454
386 454 960
127 235 651
651 127 235
235 127 651
1184 404 1072
404 1072 1184
1072 404 1184
654 1076 1347
1076 654 1347
1347 654 1076
1432 294 712
712 294 1432
294 712 1432
974 848 1334
848 974 1334
1334 848 974
566 415 881
881 415 566
415 566 881
1474 526 603
526 603 1474
603 526 1474
677 1166 1303
1166 677 1303
1303 677 1166
624 322 1304
1304 322 624
322 624 1304
367 320 434
434 320 367
320 367 434
182 924 1354
1354 182 924
924 182 1354
1428 692 1392
692 1392 1428
1392 692 1428
811 1284 1371
1371 811 1284
1284 811 1371
550 302 1246
302 550 1246
1246 302 550
1460 219 549
549 219 1460
219 549 1460
1379 632 1039
632 1039 1379
1039 632 1379
296 49 823
823 49 296
49 296 823
8 558 723
558 8 723
723 8 558
484 171 435
171 435 484
435 171 484
925 69 279
69 279 925
279 69 925
684 3 976
976 3 684
3 684 976
953 498 916
916 498 953
498 916 953
1399 850 1019
1019 850 1399
850 1019 1399
1407 123 458
458 123 1407
123 458 1407
258 533 1013
1013 258 533
533 258 1013
644 796 1420
1420 644 796
796 644 1420
298 81 1403
1403 81 298
81 298 1403
910 432 455
455 432 910
432 455 910
505 763 1170
1170 505 763
763 505 1170
135 467 1002
1002 135 467
467 135 1002
203 60 1476
60 203 1476
1476 60 203
450 876 1223
876 450 1223
1223 450 876
1057 582 766
582 766 1057
766 582 1057
344 4 46
4 46 344
46 4 344
708 117 1388
117 708 1388
1388 117 708
1022 295 463
295 463 1022
463 295 1022
97 645 1136
1136 97 645
645 97 1136
