74781 70001 112323
70001 74781 112323
112323 70001 74781
144635 27946 107693
107693 27946 144635
27946 107693 144635
108297 49296 75474
49296 75474 108297
75474 49296 108297
117780 78722 103068
103068 78722 117780
78722 103068 117780
98660 48472 67518
67518 48472 98660
48472 67518 98660
77902 19572 75780
19572 75780 77902
75780 19572 77902
111063 53000 94551
94551 53000 111063
53000 94551 111063
108260 65566 99889
65566 99889 108260
99889 65566 108260
14219 78880 138794
138794 14219 78880
78880 14219 138794
46930 63672 119342
119342 46930 63672
63672 46930 119342
45733 4247 141465
141465 4247 45733
4247 45733 141465
28755 60036 126699
126699 28755 60036
60036 28755 126699
13663 13201 43432
43432 13201 13663
13201 13663 43432
54349 2816 80238
2816 54349 80238
80238 2816 54349
6465 62713 139780
139780 6465 62713
62713 6465 139780
24296 17432 133038
17432 24296 133038
133038 17432 24296
90902 22780 39730
22780 39730 90902
39730 22780 90902
92348 27242 90837
90837 27242 92348
27242 90837 92348
85556 13805 89036
89036 13805 85556
13805 85556 89036
55922 28301 45030
28301 45030 55922
45030 28301 55922
7672 65724 122517
122517 7672 65724
65724 7672 122517
119677 72965 108400
72965 108400 119677
108400 72965 119677
52114 53762 138158
53762 52114 138158
138158 52114 53762
131039 49110 86104
86104 49110 131039
49110 86104 131039
68408 21994 50367
50367 21994 68408
21994 50367 68408
84397 110900 116199
110900 84397 116199
116199 84397 110900
129035 102029 133696
102029 129035 133696
133696 102029 129035
140792 44877 149612
44877 140792 149612
149612 44877 140792
126251 36565 47022
47022 36565 126251
36565 47022 126251
9720 18842 149905
149905 9720 18842
18842 9720 149905
79934 25277 132086
25277 79934 132086
132086 25277 79934
31180 1211 2138
1211 2138 31180
2138 1211 31180
109779 45511 144033
45511 109779 144033
144033 45511 109779
121653 38432 76814
38432 76814 121653
76814 38432 121653
51822 3260 41686
41686 3260 51822
3260 41686 51822
101203 14898 134674
134674 14898 101203
14898 101203 134674
127585 14119 27603
14119 27603 127585
27603 14119 127585
118811 3186 83220
83220 3186 118811
3186 83220 118811
131618 143288 144963
143288 131618 144963
144963 131618 143288
6104 53433 108384
108384 6104 53433
53433 6104 108384
53951 34666 57583
34666 53951 57583
57583 34666 53951
123807 38093 121448
121448 38093 123807
38093 121448 123807
54516 50577 119858
119858 50577 54516
50577 54516 119858
130841 17002 99432
99432 17002 130841
17002 99432 130841
54466 1004 48617
1004 48617 54466
48617 1004 54466
98062 79862 85949
79862 85949 98062
85949 79862 98062
126271 41026 53865
53865 41026 126271
41026 53865 126271
101170 3014 120684
120684 3014 101170
3014 101170 120684
116948 18185 21988
21988 18185 116948
18185 21988 116948
5131 109088 113187
113187 5131 109088
109088 5131 113187
76471 21531 69964
69964 21531 76471
21531 69964 76471
130906 55659 74576
55659 74576 130906
74576 55659 130906
34151 77552 90409
77552 34151 90409
90409 34151 77552
9855 84769 135137
84769 9855 135137
135137 9855 84769
66588 103937 130252
130252 66588 103937
103937 66588 130252
126426 10936 17806
10936 17806 126426
17806 10936 126426
50939 81259 147696
147696 50939 81259
81259 50939 147696
143836 113577 125864
113577 125864 143836
125864 113577 143836
55316 53543 130939
130939 53543 55316
53543 55316 130939
20045 7634 43780
43780 7634 20045
7634 20045 43780
122440 12764 39813
12764 39813 122440
39813 12764 122440
114508 35841 108784
108784 35841 114508
35841 108784 114508
23860 36353 149666
149666 23860 36353
36353 23860 149666
83441 14138 110460
110460 14138 83441
14138 83441 110460
65857 29532 141360
29532 65857 141360
141360 29532 65857
59539 13336 147089
13336 59539 147089
147089 13336 59539
139851 31410 114988
31410 114988 139851
114988 31410 139851
124497 60866 88163
88163 60866 124497
60866 88163 124497
106964 19038 82615
82615 19038 106964
19038 82615 106964
142954 48680 83033
83033 48680 142954
48680 83033 142954
65885 981 96928
981 65885 96928
96928 981 65885
91328 45921 128946
128946 45921 91328
45921 91328 128946
15388 44838 113031
44838 15388 113031
113031 15388 44838
32915 29289 38844
29289 32915 38844
38844 29289 32915
36945 64497 83028
83028 36945 64497
64497 36945 83028
39711 13822 99430
99430 13822 39711
13822 39711 99430
59281 11572 62362
11572 59281 62362
62362 11572 59281
94675 4067 82951
82951 4067 94675
4067 82951 94675
142712 34222 129530
129530 34222 142712
34222 129530 142712
71252 11656 46692
11656 46692 71252
46692 11656 71252
3670 49402 62327
49402 3670 62327
62327 3670 49402
28633 16266 106929
106929 16266 28633
16266 28633 106929
56995 22748 59626
59626 22748 56995
22748 56995 59626
47736 1958 131203
131203 1958 47736
1958 47736 131203
6194 24308 106046
106046 6194 24308
24308 6194 106046
32865 83843 108866
83843 32865 108866
108866 32865 83843
102633 69042 130994
69042 102633 130994
130994 69042 102633
115159 18003 27563
27563 18003 115159
18003 27563 115159
78713 20674 99029
99029 20674 78713
20674 78713 99029
3857 79962 143588
143588 3857 79962
79962 3857 143588
30780 30518 68865
68865 30518 30780
30518 30780 68865
38582 45718 97584
97584 38582 45718
45718 38582 97584
88516 36043 90251
36043 88516 90251
90251 36043 88516
110676 93289 106594
106594 93289 110676
93289 106594 110676
121161 48357 94891
94891 48357 121161
48357 94891 121161
103392 5651 64542
5651 64542 103392
64542 5651 103392
84365 105466 146999
146999 84365 105466
105466 84365 146999
50070 30688 47734
30688 47734 50070
47734 30688 50070
42703 91600 145820
91600 42703 145820
145820 42703 91600
134171 77134 105240
105240 77134 134171
77134 105240 134171
45771 48905 95178
48905 45771 95178
95178 45771 48905
71662 8931 128387
128387 8931 71662
8931 71662 128387
111550 20343 102688
20343 102688 111550
102688 20343 111550
58287 22368 56217
56217 22368 58287
22368 56217 58287
25747 74517 143526
74517 25747 143526
143526 25747 74517
97766 88339 106888
88339 97766 106888
106888 88339 97766
97784 135607 139073
139073 97784 135607
135607 97784 139073
47586 101971 149738
149738 47586 101971
101971 47586 149738
63237 133012 137997
133012 63237 137997
137997 63237 133012
2448 40714 70609
70609 2448 40714
40714 2448 70609
78731 73288 100766
100766 73288 78731
73288 78731 100766
97778 125143 133912
133912 97778 125143
125143 97778 133912
46081 20566 121048
20566 46081 121048
121048 20566 46081
129564 98143 142048
98143 129564 142048
142048 98143 129564
97404 109019 126553
126553 97404 109019
109019 97404 126553
142188 87403 130844
87403 130844 142188
130844 87403 142188
68449 66399 111257
66399 68449 111257
111257 66399 68449
8568 146882 147037
147037 8568 146882
146882 8568 147037
145893 41402 103404
41402 103404 145893
103404 41402 145893
108452 100030 113394
100030 108452 113394
113394 100030 108452
58330 30328 68166
30328 58330 68166
68166 30328 58330
45001 16188 138493
16188 45001 138493
138493 16188 45001
64328 27739 92706
27739 64328 92706
92706 27739 64328
108609 11123 74512
11123 74512 108609
74512 11123 108609
124528 40351 41600
40351 41600 124528
41600 40351 124528
129798 60767 89398
60767 89398 129798
89398 60767 129798
18712 24633 87333
87333 18712 24633
24633 18712 87333
117328 6788 110970
110970 6788 117328
6788 110970 117328
19695 1170 21284
1170 19695 21284
21284 1170 19695
126861 15209 56670
56670 15209 126861
15209 56670 126861
56455 11542 149227
149227 11542 56455
11542 56455 149227
43628 44338 91619
91619 43628 44338
44338 43628 91619
81053 69381 95624
69381 81053 95624
95624 69381 81053
86315 11611 77089
11611 77089 86315
77089 11611 86315
26270 45198 97679
45198 26270 97679
97679 26270 45198
60225 9497 52017
9497 52017 60225
52017 9497 60225
20822 26920 83610
26920 20822 83610
83610 20822 26920
118405 59689 100074
59689 100074 118405
100074 59689 118405
75142 75456 132552
132552 75142 75456
75456 75142 132552
67196 54358 132514
132514 54358 67196
54358 67196 132514
63379 55183 107146
55183 63379 107146
107146 55183 63379
125950 77149 102673
102673 77149 125950
77149 102673 125950
120719 5349 35851
35851 5349 120719
5349 35851 120719
120397 21743 96573
96573 21743 120397
21743 96573 120397
31863 66615 113268
113268 31863 66615
66615 31863 113268
79965 129988 131098
131098 79965 129988
129988 79965 131098
138971 6490 37961
37961 6490 138971
6490 37961 138971
60553 48824 94544
48824 60553 94544
94544 48824 60553
108396 33164 140913
140913 33164 108396
33164 108396 140913
145121 42794 70694
70694 42794 145121
42794 70694 145121
92506 31925 118349
31925 92506 118349
118349 31925 92506
41306 15372 113249
15372 41306 113249
113249 15372 41306
86594 80934 108333
108333 80934 86594
80934 86594 108333
47682 30375 121682
121682 30375 47682
30375 47682 121682
60504 47124 91832
47124 60504 91832
91832 47124 60504
149576 82783 85120
82783 85120 149576
85120 82783 149576
87506 70650 71189
70650 71189 87506
71189 70650 87506
66942 543 144209
144209 543 66942
543 66942 144209
77723 95319 148436
148436 77723 95319
95319 77723 148436
91141 70584 148677
148677 70584 91141
70584 91141 148677
41107 72181 130913
72181 41107 130913
130913 41107 72181
31985 25932 113506
25932 31985 113506
113506 25932 31985
111785 39356 121285
39356 111785 121285
121285 39356 111785
67988 31297 79018
79018 31297 67988
31297 67988 79018
148734 11172 19499
11172 19499 148734
19499 11172 148734
117749 78742 125217
78742 117749 125217
125217 78742 117749
130469 24540 57727
57727 24540 130469
24540 57727 130469
111511 18186 21858
18186 21858 111511
21858 18186 111511
134224 11181 29432
29432 11181 134224
11181 29432 134224
120829 112635 124907
124907 112635 120829
112635 120829 124907
101160 116759 148592
116759 101160 148592
148592 101160 116759
108767 62761 116914
116914 62761 108767
62761 108767 116914
44046 67659 134447
67659 44046 134447
134447 44046 67659
24209 76656 136155
76656 24209 136155
136155 24209 76656
134377 24718 116570
116570 24718 134377
24718 116570 134377
9407 35299 89967
89967 9407 35299
35299 9407 89967
100799 66533 121647
121647 66533 100799
66533 100799 121647
64664 50653 148434
50653 64664 148434
148434 50653 64664
132801 86982 143921
143921 86982 132801
86982 132801 143921
17956 46459 125247
46459 17956 125247
125247 17956 46459
23985 83954 90494
90494 23985 83954
83954 23985 90494
69167 109696 118851
118851 69167 109696
109696 69167 118851
47024 49925 144506
49925 47024 144506
144506 47024 49925
82069 1813 16968
1813 16968 82069
16968 1813 82069
117743 11660 71035
11660 71035 117743
71035 11660 117743
91228 113529 122809
122809 91228 113529
113529 91228 122809
46536 44774 137554
44774 46536 137554
137554 44774 46536
51002 108791 123272
123272 51002 108791
108791 51002 123272
44856 124080 124123
124080 44856 124123
124123 44856 124080
28462 13850 72869
13850 28462 72869
72869 13850 28462
14837 130014 130744
130014 14837 130744
130744 14837 130014
111206 53660 109650
53660 109650 111206
109650 53660 111206
142124 51308 119323
51308 119323 142124
119323 51308 142124
45147 99584 147379
99584 45147 147379
147379 45147 99584
137901 1107 118091
118091 1107 137901
1107 118091 137901
51250 17527 26533
26533 17527 51250
17527 26533 51250
128263 47703 149907
47703 128263 149907
149907 47703 128263
136550 2660 125064
2660 125064 136550
125064 2660 136550
126771 132358 149723
132358 126771 149723
149723 126771 132358
43690 46074 87747
46074 43690 87747
87747 43690 46074
41677 19938 62291
19938 41677 62291
62291 19938 41677
32351 32612 117987
117987 32351 32612
32612 32351 117987
63317 58682 80251
58682 63317 80251
80251 58682 63317
29146 99844 148544
148544 29146 99844
99844 29146 148544
31737 30173 71865
71865 30173 31737
30173 31737 71865
37939 83685 143335
143335 37939 83685
83685 37939 143335
82007 84719 90104
84719 82007 90104
90104 82007 84719
38741 2835 108207
2835 38741 108207
108207 2835 38741
102485 108605 148138
148138 102485 108605
108605 102485 148138
6171 78960 141107
141107 6171 78960
78960 6171 141107
61932 119321 119558
119321 61932 119558
119558 61932 119321
63272 134608 146285
146285 63272 134608
134608 63272 146285
84112 68465 149050
68465 84112 149050
149050 68465 84112
139183 73566 146507
146507 73566 139183
73566 139183 146507
146436 122062 124556
122062 124556 146436
124556 122062 146436
54880 31215 131550
31215 54880 131550
131550 31215 54880
94507 88797 119749
88797 94507 119749
119749 88797 94507
33012 25542 102177
25542 33012 102177
102177 25542 33012
65920 99049 103132
99049 65920 103132
103132 65920 99049
109315 46639 71484
71484 46639 109315
46639 71484 109315
885 76789 119033
119033 885 76789
76789 885 119033
47861 36086 83292
36086 47861 83292
83292 36086 47861
66028 42462 110325
42462 66028 110325
110325 42462 66028
146906 44200 107066
107066 44200 146906
44200 107066 146906
70290 66368 106815
66368 70290 106815
106815 66368 70290
11962 5824 31312
31312 5824 11962
5824 11962 31312
21160 17437 121276
121276 17437 21160
17437 21160 121276
73483 1853 23044
23044 1853 73483
1853 23044 73483
149185 39945 84828
39945 84828 149185
84828 39945 149185
11606 39839 69198
39839 11606 69198
69198 11606 39839
30302 105637 135480
105637 30302 135480
135480 30302 105637
108486 41579 67662
41579 67662 108486
67662 41579 108486
139046 75625 125767
75625 125767 139046
125767 75625 139046
102803 43256 114226
114226 43256 102803
43256 102803 114226
115042 128059 135865
135865 115042 128059
128059 115042 135865
77267 104684 142953
142953 77267 104684
104684 77267 142953
62693 110 89723
89723 110 62693
110 62693 89723
72576 41953 70117
70117 41953 72576
41953 70117 72576
12102 4445 24237
24237 4445 12102
4445 12102 24237
15195 43382 112804
43382 15195 112804
112804 15195 43382
58596 15345 127060
127060 15345 58596
15345 58596 127060
77507 19558 46451
19558 46451 77507
46451 19558 77507
102571 23707 62248
23707 62248 102571
62248 23707 102571
126651 17566 76015
17566 76015 126651
76015 17566 126651
144463 29608 116984
116984 29608 144463
29608 116984 144463
129940 8519 26564
26564 8519 129940
8519 26564 129940
49887 74020 105114
74020 49887 105114
105114 49887 74020
115055 10816 27817
27817 10816 115055
10816 27817 115055
37435 7452 69995
69995 7452 37435
7452 37435 69995
102624 6580 109275
109275 6580 102624
6580 102624 109275
100906 109109 118234
118234 100906 109109
109109 100906 118234
28157 74828 83800
83800 28157 74828
74828 28157 83800
69937 63435 65255
65255 63435 69937
63435 65255 69937
26851 74621 149426
149426 26851 74621
74621 26851 149426
114819 105830 127943
105830 114819 127943
127943 105830 114819
100047 53729 136108
53729 100047 136108
136108 53729 100047
148465 43601 90765
43601 90765 148465
90765 43601 148465
36660 76969 95433
95433 36660 76969
76969 36660 95433
87626 54116 86946
54116 86946 87626
86946 54116 87626
82916 6294 46296
6294 46296 82916
46296 6294 82916
55473 17284 146006
17284 55473 146006
146006 17284 55473
125731 8687 144259
144259 8687 125731
8687 125731 144259
21745 78149 115683
78149 21745 115683
115683 21745 78149
51729 15556 125067
15556 51729 125067
125067 15556 51729
23165 22694 98568
22694 23165 98568
98568 22694 23165
47368 92164 121083
121083 47368 92164
92164 47368 121083
97472 17915 52694
52694 17915 97472
17915 52694 97472
138607 32599 146537
32599 138607 146537
146537 32599 138607
79112 29082 66141
66141 29082 79112
29082 66141 79112
124370 33368 127177
33368 124370 127177
127177 33368 124370
80429 74554 123312
123312 74554 80429
74554 80429 123312
22005 33894 56268
56268 22005 33894
33894 22005 56268
129815 11519 43637
43637 11519 129815
11519 43637 129815
74397 6271 148484
6271 74397 148484
148484 6271 74397
141619 90140 118180
90140 118180 141619
118180 90140 141619
7199 5669 118096
118096 5669 7199
5669 7199 118096
109674 15863 21330
15863 21330 109674
21330 15863 109674
82073 34041 91826
34041 82073 91826
91826 34041 82073
107125 23836 46902
46902 23836 107125
23836 46902 107125
10200 110409 126242
126242 10200 110409
110409 10200 126242
20619 77738 129703
129703 20619 77738
77738 20619 129703
39122 86389 128425
128425 39122 86389
86389 39122 128425
89591 277 90801
277 89591 90801
90801 277 89591
128537 36719 96998
36719 96998 128537
96998 36719 128537
31182 16451 28609
28609 16451 31182
16451 28609 31182
102115 37762 126852
37762 102115 126852
126852 37762 102115
20853 22995 77207
22995 20853 77207
77207 20853 22995
73828 114347 126592
126592 73828 114347
114347 73828 126592
12587 79871 88135
79871 12587 88135
88135 12587 79871
117765 54605 101535
54605 101535 117765
101535 54605 117765
59898 12720 60008
12720 59898 60008
60008 12720 59898
144422 20870 59533
20870 59533 144422
59533 20870 144422
110570 49688 101291
49688 101291 110570
101291 49688 110570
139648 99765 141234
99765 139648 141234
141234 99765 139648
13326 76756 145406
145406 13326 76756
76756 13326 145406
36219 63175 73573
63175 36219 73573
73573 36219 63175
129974 65664 66647
65664 66647 129974
66647 65664 129974
110901 56407 148044
56407 110901 148044
148044 56407 110901
10876 48674 146353
146353 10876 48674
48674 10876 146353
114833 57363 117367
117367 57363 114833
57363 114833 117367
88406 136677 149699
149699 88406 136677
136677 88406 149699
51658 105826 117082
117082 51658 105826
105826 51658 117082
83155 83247 112515
83247 83155 112515
112515 83155 83247
57779 93853 148379
148379 57779 93853
93853 57779 148379
21568 52680 145360
145360 21568 52680
52680 21568 145360
32761 73348 125725
73348 32761 125725
125725 32761 73348
149778 51258 71734
71734 51258 149778
51258 71734 149778
140475 103289 143938
143938 103289 140475
103289 140475 143938
33278 88753 108643
88753 33278 108643
108643 33278 88753
38101 88628 97730
88628 38101 97730
97730 38101 88628
11319 49544 73347
49544 11319 73347
73347 11319 49544
115289 145564 147689
147689 115289 145564
145564 115289 147689
62237 78155 145825
78155 62237 145825
145825 62237 78155
10905 107845 142164
142164 10905 107845
107845 10905 142164
140660 106447 133548
106447 133548 140660
133548 106447 140660
24206 36009 56902
56902 24206 36009
36009 24206 56902
70441 131411 149599
149599 70441 131411
131411 70441 149599
74356 32311 126789
126789 32311 74356
32311 74356 126789
98958 10808 64269
64269 10808 98958
10808 64269 98958
143356 37516 136556
37516 136556 143356
136556 37516 143356
44567 22352 38539
38539 22352 44567
22352 38539 44567
18282 53612 95307
53612 18282 95307
95307 18282 53612
115131 38469 67679
67679 38469 115131
38469 67679 115131
122413 33997 91106
33997 91106 122413
91106 33997 122413
5584 59794 119501
59794 5584 119501
119501 5584 59794
122682 6780 10017
6780 10017 122682
10017 6780 122682
83276 51391 62496
62496 51391 83276
51391 62496 83276
24877 77844 144131
77844 24877 144131
144131 24877 77844
23552 50520 84587
50520 23552 84587
84587 23552 50520
103852 143202 148320
148320 103852 143202
143202 103852 148320
111031 102248 139881
102248 111031 139881
139881 102248 111031
240 120468 129245
129245 240 120468
120468 240 129245
93489 58718 93366
93366 58718 93489
58718 93366 93489
71994 506 24579
506 24579 71994
24579 506 71994
149870 6368 133589
133589 6368 149870
6368 133589 149870
117671 5195 140159
140159 5195 117671
5195 117671 140159
36390 15325 86205
15325 36390 86205
86205 15325 36390
120785 69606 104622
104622 69606 120785
69606 104622 120785
13410 28461 80393
28461 13410 80393
80393 13410 28461
85611 82979 99504
99504 82979 85611
82979 85611 99504
20778 93091 122732
122732 20778 93091
93091 20778 122732
49498 60135 82115
82115 49498 60135
60135 49498 82115
132872 65669 79905
79905 65669 132872
65669 79905 132872
76165 35049 71014
71014 35049 76165
35049 71014 76165
139833 24469 109406
24469 109406 139833
109406 24469 139833
5523 34564 130324
34564 5523 130324
130324 5523 34564
148599 39830 129182
39830 129182 148599
129182 39830 148599
9873 35082 67081
67081 9873 35082
35082 9873 67081
64264 69893 130260
69893 64264 130260
130260 64264 69893
7833 42230 58377
42230 7833 58377
58377 7833 42230
110626 62967 135435
135435 62967 110626
62967 110626 135435
58748 8922 77497
77497 8922 58748
8922 58748 77497
124666 50202 145911
50202 124666 145911
145911 50202 124666
138674 83388 114529
114529 83388 138674
83388 114529 138674
139380 55147 131847
55147 131847 139380
131847 55147 139380
46786 8695 34201
8695 34201 46786
34201 8695 46786
51106 54088 131416
54088 51106 131416
131416 51106 54088
83099 9893 123102
123102 9893 83099
9893 83099 123102
8487 69630 129758
69630 8487 129758
129758 8487 69630
68808 9445 92713
9445 68808 92713
92713 9445 68808
136744 85437 86531
85437 86531 136744
86531 85437 136744
125655 23031 36842
36842 23031 125655
23031 36842 125655
38143 26655 141405
26655 38143 141405
141405 26655 38143
103436 1335 75339
75339 1335 103436
1335 75339 103436
114911 19726 122723
19726 114911 122723
122723 19726 114911
59756 38712 139158
139158 38712 59756
38712 59756 139158
113819 84054 135971
135971 84054 113819
84054 113819 135971
1904 92866 93017
92866 1904 93017
93017 1904 92866
29296 63289 84724
63289 29296 84724
84724 29296 63289
41095 12186 80484
12186 41095 80484
80484 12186 41095
37468 20740 103323
20740 37468 103323
103323 20740 37468
147862 15775 33544
15775 33544 147862
33544 15775 147862
67389 5126 83839
83839 5126 67389
5126 67389 83839
26156 37451 50147
37451 26156 50147
50147 26156 37451
82894 57218 114184
114184 57218 82894
57218 82894 114184
101765 73456 127104
73456 101765 127104
127104 73456 101765
5904 26777 86416
26777 5904 86416
86416 5904 26777
126215 13147 32718
32718 13147 126215
13147 32718 126215
2907 77778 85149
85149 2907 77778
77778 2907 85149
119894 46756 56093
56093 46756 119894
46756 56093 119894
101896 106518 108315
106518 101896 108315
108315 101896 106518
17306 5025 109014
109014 5025 17306
5025 17306 109014
102838 90855 95677
95677 90855 102838
90855 95677 102838
1930 58405 79999
58405 1930 79999
79999 1930 58405
119057 39407 62929
62929 39407 119057
39407 62929 119057
122639 35063 107731
107731 35063 122639
35063 107731 122639
127908 66844 73696
73696 66844 127908
66844 73696 127908
33486 82990 118237
82990 33486 118237
118237 33486 82990
66320 28049 127092
28049 66320 127092
127092 28049 66320
32211 138110 144184
144184 32211 138110
138110 32211 144184
1321 12447 50100
12447 1321 50100
50100 1321 12447
118368 34399 92801
34399 92801 118368
92801 34399 118368
115174 12149 87392
12149 87392 115174
87392 12149 115174
33479 117532 149673
149673 33479 117532
117532 33479 149673
85903 21855 51453
51453 21855 85903
21855 51453 85903
146392 49128 92631
92631 49128 146392
49128 92631 146392
33616 119083 141407
119083 33616 141407
141407 33616 119083
112377 75076 131165
75076 112377 131165
131165 75076 112377
41739 36509 108937
36509 41739 108937
108937 36509 41739
148323 772 72883
772 72883 148323
72883 772 148323
47413 46437 79161
46437 47413 79161
79161 46437 47413
5235 26373 27036
26373 5235 27036
27036 5235 26373
92402 7103 126021
7103 92402 126021
126021 7103 92402
108402 55149 70415
55149 70415 108402
70415 55149 108402
108815 110631 122088
122088 108815 110631
110631 108815 122088
38005 23206 85667
85667 23206 38005
23206 38005 85667
30983 89103 119030
89103 30983 119030
119030 30983 89103
134888 49873 102297
49873 102297 134888
102297 49873 134888
127660 20737 131615
20737 127660 131615
131615 20737 127660
66590 6402 62978
62978 6402 66590
6402 62978 66590
90315 26208 133492
133492 26208 90315
26208 90315 133492
102942 24148 52805
24148 52805 102942
52805 24148 102942
84869 20150 40461
40461 20150 84869
20150 40461 84869
112995 24858 97161
24858 97161 112995
97161 24858 112995
31250 41944 49578
41944 31250 49578
49578 31250 41944
135611 68806 113398
68806 113398 135611
113398 68806 135611
93549 6568 131310
131310 6568 93549
6568 93549 131310
88330 3008 93829
93829 3008 88330
3008 88330 93829
131802 53743 118628
53743 118628 131802
118628 53743 131802
110923 18718 77919
18718 77919 110923
77919 18718 110923
19282 3155 25351
25351 3155 19282
3155 19282 25351
11505 53925 95994
53925 11505 95994
95994 11505 53925
94701 68157 133598
68157 94701 133598
133598 68157 94701
64172 17721 108222
17721 64172 108222
108222 17721 64172
7871 58966 106573
106573 7871 58966
58966 7871 106573
114364 41419 121762
41419 114364 121762
121762 41419 114364
113823 19530 114665
19530 113823 114665
114665 19530 113823
68101 37821 97007
37821 68101 97007
97007 37821 68101
18562 64757 107669
64757 18562 107669
107669 18562 64757
18949 681 63021
63021 681 18949
681 18949 63021
105680 34690 108295
108295 34690 105680
34690 105680 108295
47943 35751 148444
148444 35751 47943
35751 47943 148444
2785 6397 47871
6397 2785 47871
47871 2785 6397
107041 42665 127206
127206 42665 107041
42665 107041 127206
31319 19790 25486
19790 25486 31319
25486 19790 31319
131561 21903 128764
128764 21903 131561
21903 128764 131561
125923 33466 53531
53531 33466 125923
33466 53531 125923
112795 28910 132607
28910 112795 132607
132607 28910 112795
34207 50927 140185
50927 34207 140185
140185 34207 50927
85195 7318 79766
7318 79766 85195
79766 7318 85195
74683 16580 113191
16580 74683 113191
113191 16580 74683
119271 5144 46684
5144 46684 119271
46684 5144 119271
58720 85525 120124
85525 58720 120124
120124 58720 85525
108591 13884 147899
147899 13884 108591
13884 108591 147899
112290 69633 146426
69633 112290 146426
146426 69633 112290
122058 33261 47319
47319 33261 122058
33261 47319 122058
130097 114069 120479
120479 114069 130097
114069 120479 130097
91393 11088 31174
31174 11088 91393
11088 31174 91393
29285 21619 50320
21619 29285 50320
50320 21619 29285
79554 45472 59725
45472 59725 79554
59725 45472 79554
46291 55337 89774
55337 46291 89774
89774 46291 55337
57129 76821 105707
105707 57129 76821
76821 57129 105707
41504 6966 77721
6966 41504 77721
77721 6966 41504
17064 101443 113892
113892 17064 101443
101443 17064 113892
83624 68248 78650
68248 78650 83624
78650 68248 83624
100613 29814 43239
29814 43239 100613
43239 29814 100613
13135 81031 114560
81031 13135 114560
114560 13135 81031
138998 3743 41925
41925 3743 138998
3743 41925 138998
35615 28257 34582
28257 34582 35615
34582 28257 35615
105511 4738 22181
4738 22181 105511
22181 4738 105511
97721 16945 86681
16945 86681 97721
86681 16945 97721
59478 43577 96893
96893 43577 59478
43577 59478 96893
98656 40613 50295
40613 50295 98656
50295 40613 98656
12806 36371 90372
36371 12806 90372
90372 12806 36371
31040 109277 132816
132816 31040 109277
109277 31040 132816
18779 84213 144801
144801 18779 84213
84213 18779 144801
96864 44130 66471
66471 44130 96864
44130 66471 96864
43384 109486 114430
109486 43384 114430
114430 43384 109486
73161 93637 111002
111002 73161 93637
93637 73161 111002
39416 36613 88100
36613 39416 88100
88100 36613 39416
95760 13405 65060
65060 13405 95760
13405 65060 95760
18737 36614 141744
36614 18737 141744
141744 18737 36614
71523 66701 77055
77055 66701 71523
66701 71523 77055
92424 56263 126484
126484 56263 92424
56263 92424 126484
2162 100084 114369
100084 2162 114369
114369 2162 100084
80765 30553 108498
108498 30553 80765
30553 80765 108498
85878 73393 141001
73393 85878 141001
141001 73393 85878
149378 53527 131425
131425 53527 149378
53527 131425 149378
5971 32821 67258
32821 5971 67258
67258 5971 32821
136950 65675 116776
65675 116776 136950
116776 65675 136950
113168 26940 87825
26940 87825 113168
87825 26940 113168
26312 59076 141866
59076 26312 141866
141866 26312 59076
123691 85760 130621
130621 85760 123691
85760 123691 130621
86182 41437 90739
90739 41437 86182
41437 86182 90739
114747 83735 125056
125056 83735 114747
83735 114747 125056
43736 115491 149985
115491 43736 149985
149985 43736 115491
149381 14265 73584
73584 14265 149381
14265 73584 149381
22458 13058 121189
121189 13058 22458
13058 22458 121189
40154 129415 143947
143947 40154 129415
129415 40154 143947
111021 53914 93954
53914 93954 111021
93954 53914 111021
102895 92198 98364
92198 98364 102895
98364 92198 102895
139731 73099 117600
117600 73099 139731
73099 117600 139731
53884 86905 129881
129881 53884 86905
86905 53884 129881
68693 22984 75766
75766 22984 68693
22984 68693 75766
92851 74447 109191
74447 92851 109191
109191 74447 92851
42128 7637 47261
7637 42128 47261
47261 7637 42128
3875 99759 143238
99759 3875 143238
143238 3875 99759
29325 71190 98130
71190 29325 98130
98130 29325 71190
95242 89059 93415
89059 93415 95242
93415 89059 95242
37508 59545 82964
82964 37508 59545
59545 37508 82964
34947 25515 132897
25515 34947 132897
132897 25515 34947
24234 51633 116528
116528 24234 51633
51633 24234 116528
37621 40398 116544
116544 37621 40398
40398 37621 116544
7508 9285 26006
9285 7508 26006
26006 7508 9285
1357 16321 135453
16321 1357 135453
135453 1357 16321
64938 109981 130219
130219 64938 109981
109981 64938 130219
146307 56095 100828
100828 56095 146307
56095 100828 146307
129053 36413 48743
36413 48743 129053
48743 36413 129053
102280 49169 111749
111749 49169 102280
49169 102280 111749
81293 9688 68324
68324 9688 81293
9688 68324 81293
135726 76839 138583
138583 76839 135726
76839 135726 138583
77356 5247 93454
93454 5247 77356
5247 77356 93454
73606 69889 137981
137981 69889 73606
69889 73606 137981
110038 37599 68618
68618 37599 110038
37599 68618 110038
46551 43244 84842
84842 43244 46551
43244 46551 84842
10248 19990 27382
27382 10248 19990
19990 10248 27382
128703 36849 125737
125737 36849 128703
36849 125737 128703
117641 140132 149535
140132 117641 149535
149535 117641 140132
139166 33402 144445
33402 139166 144445
144445 33402 139166
128660 62534 87363
62534 87363 128660
87363 62534 128660
27973 65718 85889
65718 27973 85889
85889 27973 65718
106227 65764 112492
65764 106227 112492
112492 65764 106227
67853 44955 47212
44955 47212 67853
47212 44955 67853
89566 23328 123818
23328 89566 123818
123818 23328 89566
47364 97692 110197
110197 47364 97692
97692 47364 110197
129992 48670 136253
48670 129992 136253
136253 48670 129992
39925 29775 52368
29775 39925 52368
52368 29775 39925
98692 29537 40150
40150 29537 98692
29537 40150 98692
128256 74403 134048
134048 74403 128256
74403 128256 134048
63338 1176 127315
127315 1176 63338
1176 63338 127315
85641 95695 102642
95695 85641 102642
102642 85641 95695
3714 131 68492
131 3714 68492
68492 131 3714
147890 18362 80575
18362 80575 147890
80575 18362 147890
119162 45702 90066
45702 90066 119162
90066 45702 119162
37211 81028 122334
122334 37211 81028
81028 37211 122334
83041 45469 123717
123717 45469 83041
45469 83041 123717
144167 39712 145234
39712 144167 145234
145234 39712 144167
122565 62912 130714
62912 122565 130714
130714 62912 122565
102707 61157 123075
123075 61157 102707
61157 102707 123075
77357 109095 143664
109095 77357 143664
143664 77357 109095
77236 18547 24935
24935 18547 77236
18547 24935 77236
75713 423 65188
423 65188 75713
65188 423 75713
82283 8175 95596
95596 8175 82283
8175 82283 95596
8944 9686 34280
34280 8944 9686
9686 8944 34280
100889 28041 56328
56328 28041 100889
28041 56328 100889
45538 86340 121923
121923 45538 86340
86340 45538 121923
115011 67455 73946
67455 73946 115011
73946 67455 115011
47844 106476 125788
106476 47844 125788
125788 47844 106476
76640 6972 122623
6972 76640 122623
122623 6972 76640
88189 2281 61061
61061 2281 88189
2281 61061 88189
72152 32051 101417
101417 32051 72152
32051 72152 101417
98663 71427 75560
75560 71427 98663
71427 75560 98663
38515 53683 61691
53683 38515 61691
61691 38515 53683
123302 63234 73627
73627 63234 123302
63234 73627 123302
52539 38478 107926
107926 38478 52539
38478 52539 107926
147571 10539 121109
10539 121109 147571
121109 10539 147571
8792 130210 148257
148257 8792 130210
130210 8792 148257
78305 29338 101147
29338 78305 101147
101147 29338 78305
74916 88109 113458
88109 74916 113458
113458 74916 88109
51920 19817 109341
109341 19817 51920
19817 51920 109341
58653 69928 77388
77388 58653 69928
69928 58653 77388
23872 80962 102242
102242 23872 80962
80962 23872 102242
34211 43724 116061
43724 34211 116061
116061 34211 43724
120129 34241 82933
34241 82933 120129
82933 34241 120129
105803 47260 95643
47260 95643 105803
95643 47260 105803
142144 12747 45313
12747 45313 142144
45313 12747 142144
144413 47492 109177
47492 109177 144413
109177 47492 144413
57854 83739 129428
83739 57854 129428
129428 57854 83739
133769 927 65924
927 65924 133769
65924 927 133769
142420 70416 122055
122055 70416 142420
70416 122055 142420
127111 55845 60408
60408 55845 127111
55845 60408 127111
39160 57641 142009
142009 39160 57641
57641 39160 142009
78782 100093 133489
100093 78782 133489
133489 78782 100093
45143 10315 73194
73194 10315 45143
10315 45143 73194
38212 22778 145749
22778 38212 145749
145749 22778 38212
49279 19039 21889
19039 21889 49279
21889 19039 49279
128976 44369 55303
44369 55303 128976
55303 44369 128976
80101 59651 60371
59651 60371 80101
60371 59651 80101
66447 24593 39770
39770 24593 66447
24593 39770 66447
29605 38674 133359
38674 29605 133359
133359 29605 38674
27842 14253 41757
14253 27842 41757
41757 14253 27842
141675 2522 37795
2522 37795 141675
37795 2522 141675
50235 90891 140700
140700 50235 90891
90891 50235 140700
133052 56581 83361
83361 56581 133052
56581 83361 133052
26301 36524 38161
36524 26301 38161
38161 26301 36524
72050 135213 142242
135213 72050 142242
142242 72050 135213
137136 1563 88274
1563 88274 137136
88274 1563 137136
96046 83256 117517
117517 83256 96046
83256 96046 117517
23355 6770 82024
6770 23355 82024
82024 6770 23355
57608 82142 115035
82142 57608 115035
115035 57608 82142
109513 10716 55466
10716 55466 109513
55466 10716 109513
2218 38354 72657
38354 2218 72657
72657 2218 38354
30587 37906 131489
37906 30587 131489
131489 30587 37906
144527 101542 137800
137800 101542 144527
101542 137800 144527
141967 62775 87599
62775 87599 141967
87599 62775 141967
28442 956 146454
146454 956 28442
956 28442 146454
23250 63517 141466
141466 23250 63517
63517 23250 141466
53976 73742 141541
141541 53976 73742
73742 53976 141541
66195 9945 121740
121740 9945 66195
9945 66195 121740
61809 46194 46198
46198 46194 61809
46194 46198 61809
67645 53348 114259
114259 53348 67645
53348 67645 114259
80148 117468 123071
123071 80148 117468
117468 80148 123071
45792 3757 100683
3757 45792 100683
100683 3757 45792
70460 86699 142884
86699 70460 142884
142884 70460 86699
73235 10039 136402
136402 10039 73235
10039 73235 136402
27853 36411 124690
36411 27853 124690
124690 27853 36411
24711 7088 100665
100665 7088 24711
7088 24711 100665
13076 47005 91646
91646 13076 47005
47005 13076 91646
23307 29215 138036
29215 23307 138036
138036 23307 29215
36994 10219 13298
13298 10219 36994
10219 13298 36994
42162 8622 10946
8622 10946 42162
10946 8622 42162
87808 3 117922
117922 3 87808
3 87808 117922
67925 78076 99434
78076 67925 99434
99434 67925 78076
20457 20772 58300
20772 20457 58300
58300 20457 20772
77572 8224 38052
8224 38052 77572
38052 8224 77572
144070 32458 127078
32458 127078 144070
127078 32458 144070
76866 35561 132790
35561 76866 132790
132790 35561 76866
131656 20678 44081
44081 20678 131656
20678 44081 131656
108066 52285 144553
52285 108066 144553
144553 52285 108066
122943 1644 20603
1644 20603 122943
20603 1644 122943
49909 67433 132886
67433 49909 132886
132886 49909 67433
50180 34704 147687
147687 34704 50180
34704 50180 147687
119718 4159 38609
38609 4159 119718
4159 38609 119718
107989 14939 135191
135191 14939 107989
14939 107989 135191
131101 112974 145743
112974 131101 145743
145743 112974 131101
148088 32557 73636
32557 73636 148088
73636 32557 148088
36783 14977 47457
47457 14977 36783
14977 36783 47457
84161 31094 97987
97987 31094 84161
31094 84161 97987
143431 26029 34664
34664 26029 143431
26029 34664 143431
130477 51054 106893
51054 106893 130477
106893 51054 130477
40310 50704 90070
50704 40310 90070
90070 40310 50704
130685 49025 94244
94244 49025 130685
49025 94244 130685
66621 22550 126912
22550 66621 126912
126912 22550 66621
91237 14019 94498
94498 14019 91237
14019 91237 94498
126715 81995 131791
131791 81995 126715
81995 126715 131791
89060 71342 147264
71342 89060 147264
147264 71342 89060
100272 3138 45436
3138 45436 100272
45436 3138 100272
65302 18528 130574
18528 65302 130574
130574 18528 65302
79966 93188 104910
104910 79966 93188
93188 79966 104910
10757 54340 111204
54340 10757 111204
111204 10757 54340
106603 25814 82829
25814 82829 106603
82829 25814 106603
81963 51559 101664
51559 81963 101664
101664 51559 81963
93946 37654 105808
105808 37654 93946
37654 93946 105808
36480 92057 107997
107997 36480 92057
92057 36480 107997
57591 40769 115929
115929 40769 57591
40769 57591 115929
107439 40772 62074
62074 40772 107439
40772 62074 107439
145178 55910 104219
55910 104219 145178
104219 55910 145178
44089 109170 139011
139011 44089 109170
109170 44089 139011
100455 40444 92342
92342 40444 100455
40444 92342 100455
53999 14243 76089
76089 14243 53999
14243 53999 76089
147540 76861 86150
86150 76861 147540
76861 86150 147540
496 92791 133872
92791 496 133872
133872 496 92791
76188 86727 104186
86727 76188 104186
104186 76188 86727
51280 134281 139179
134281 51280 139179
139179 51280 134281
25501 4409 32627
32627 4409 25501
4409 25501 32627
37305 52834 56908
52834 37305 56908
56908 37305 52834
29933 74561 123348
123348 29933 74561
74561 29933 123348
58959 54811 144697
144697 54811 58959
54811 58959 144697
53201 78046 143258
78046 53201 143258
143258 53201 78046
71579 70100 81340
70100 71579 81340
81340 70100 71579
134566 40028 43488
40028 43488 134566
43488 40028 134566
53461 2403 74459
2403 53461 74459
74459 2403 53461
4356 9658 107329
9658 4356 107329
107329 4356 9658
85199 14394 64888
14394 64888 85199
64888 14394 85199
17593 724 92871
724 17593 92871
92871 724 17593
21253 42662 92333
42662 21253 92333
92333 21253 42662
12556 54415 93470
93470 12556 54415
54415 12556 93470
120541 64315 117355
117355 64315 120541
64315 117355 120541
5770 3091 129969
3091 5770 129969
129969 3091 5770
18117 26729 119412
26729 18117 119412
119412 18117 26729
104720 31022 38293
38293 31022 104720
31022 38293 104720
139255 126532 134977
134977 126532 139255
126532 134977 139255
82962 101327 106466
106466 82962 101327
101327 82962 106466
83128 45301 54138
54138 45301 83128
45301 54138 83128
7987 3779 58803
3779 7987 58803
58803 3779 7987
44677 50902 74294
50902 44677 74294
74294 44677 50902
48155 33102 122230
33102 48155 122230
122230 33102 48155
15648 85831 140783
140783 15648 85831
85831 15648 140783
58867 102528 126461
126461 58867 102528
102528 58867 126461
4601 58489 118437
58489 4601 118437
118437 4601 58489
115891 34965 104981
34965 104981 115891
104981 34965 115891
13708 41654 81194
41654 13708 81194
81194 13708 41654
27812 13418 118082
13418 27812 118082
118082 13418 27812
113773 28097 81540
28097 81540 113773
81540 28097 113773
143570 8886 123338
123338 8886 143570
8886 123338 143570
74433 23233 99666
23233 74433 99666
99666 23233 74433
60126 56167 146584
146584 56167 60126
56167 60126 146584
40341 39991 103251
39991 40341 103251
103251 39991 40341
145683 94318 94910
94910 94318 145683
94318 94910 145683
130095 69561 80939
69561 80939 130095
80939 69561 130095
5383 57168 101740
57168 5383 101740
101740 5383 57168
63631 9288 88772
9288 63631 88772
88772 9288 63631
99892 32022 44754
44754 32022 99892
32022 44754 99892
36359 14203 112647
112647 14203 36359
14203 36359 112647
52700 36441 37582
36441 37582 52700
37582 36441 52700
116957 51003 63564
51003 63564 116957
63564 51003 116957
124493 16292 80983
16292 80983 124493
80983 16292 124493
56794 33757 75075
75075 33757 56794
33757 56794 75075
71450 32553 147307
147307 32553 71450
32553 71450 147307
86601 45465 145151
145151 45465 86601
45465 86601 145151
57810 46848 57875
57875 46848 57810
46848 57810 57875
8809 44109 137857
44109 8809 137857
137857 8809 44109
11005 44827 130229
44827 11005 130229
130229 11005 44827
139525 6542 15848
6542 15848 139525
15848 6542 139525
21503 29452 117815
117815 21503 29452
29452 21503 117815
142949 74232 117093
117093 74232 142949
74232 117093 142949
97992 38903 132355
132355 38903 97992
38903 97992 132355
141083 41985 60217
41985 60217 141083
60217 41985 141083
98775 615 11210
615 11210 98775
11210 615 98775
143336 132050 149303
149303 132050 143336
132050 143336 149303
