10266 7979 8807
7979 8807 10266
8807 7979 10266
11066 2939 12457
2939 11066 12457
12457 2939 11066
13015 11954 13916
13916 11954 13015
11954 13015 13916
968 1065 5687
1065 968 5687
5687 968 1065
13305 9578 12252
12252 9578 13305
9578 12252 13305
14626 386 14830
14830 386 14626
386 14626 14830
3389 54 6279
54 3389 6279
6279 54 3389
11230 7158 8604
7158 8604 11230
8604 7158 11230
378 2045 13299
2045 378 13299
13299 378 2045
3173 4663 9429
9429 3173 4663
4663 3173 9429
12566 2606 3603
2606 3603 12566
3603 2606 12566
4139 2907 12618
12618 2907 4139
2907 4139 12618
9121 4242 12612
12612 4242 9121
4242 9121 12612
2268 3606 11864
3606 2268 11864
11864 2268 3606
2144 3105 13565
13565 2144 3105
3105 2144 13565
768 9120 12849
9120 768 12849
12849 768 9120
4437 10436 12907
10436 4437 12907
12907 4437 10436
6860 2766 7697
2766 6860 7697
7697 2766 6860
1911 6986 8797
6986 1911 8797
8797 1911 6986
5225 3174 6806
6806 3174 5225
3174 5225 6806
4345 7773 12432
12432 4345 7773
7773 4345 12432
6124 2170 2448
2448 2170 6124
2170 2448 6124
11829 109 13943
109 11829 13943
13943 109 11829
777 368 5569
368 777 5569
5569 368 777
2920 4214 4624
4214 2920 4624
4624 2920 4214
3802 5857 11000
5857 3802 11000
11000 3802 5857
7647 1877 9575
1877 7647 9575
9575 1877 7647
6126 4737 11172
4737 6126 11172
11172 4737 6126
5062 12184 14383
14383 5062 12184
12184 5062 14383
1385 4712 12321
4712 1385 12321
12321 1385 4712
10132 9955 13664
9955 10132 13664
13664 9955 10132
6418 7252 7742
7742 6418 7252
7252 6418 7742
13100 9073 13530
13530 9073 13100
9073 13100 13530
9588 3814 5725
5725 3814 9588
3814 5725 9588
3738 7602 10122
7602 3738 10122
10122 3738 7602
10833 4134 10753
4134 10753 10833
10753 4134 10833
13297 9113 9332
9113 9332 13297
9332 9113 13297
8755 3927 5830
3927 5830 8755
5830 3927 8755
10090 6559 9706
9706 6559 10090
6559 9706 10090
6063 11276 11940
11276 6063 11940
11940 6063 11276
14932 1270 7420
1270 7420 14932
7420 1270 14932
5870 10681 10825
10681 5870 10825
10825 5870 10681
8857 11443 12945
12945 8857 11443
11443 8857 12945
7028 5134 10752
5134 7028 10752
10752 5134 7028
12997 3029 6575
6575 3029 12997
3029 6575 12997
3275 6342 13209
6342 3275 13209
13209 3275 6342
3600 7117 7344
7344 3600 7117
7117 3600 7344
3359 2002 13999
2002 3359 13999
13999 2002 3359
10895 396 12223
396 10895 12223
12223 396 10895
12418 2364 10486
2364 10486 12418
10486 2364 12418
131 11076 11238
11076 131 11238
11238 131 11076
7059 7286 8887
7286 7059 8887
8887 7059 7286
3139 128 11638
11638 128 3139
128 3139 11638
8050 6540 9390
9390 6540 8050
6540 8050 9390
10246 2661 4302
4302 2661 10246
2661 4302 10246
11285 13667 14456
13667 11285 14456
14456 11285 13667
6043 5390 9993
9993 5390 6043
5390 6043 9993
7687 83 9166
9166 83 7687
83 7687 9166
1123 808 9209
9209 808 1123
808 1123 9209
13700 2890 14545
14545 2890 13700
2890 13700 14545
12422 8681 14770
14770 8681 12422
8681 12422 14770
10255 5739 10513
10513 5739 10255
5739 10255 10513
504 10827 14088
14088 504 10827
10827 504 14088
10302 3608 9291
9291 3608 10302
3608 9291 10302
9500 11109 11651
11651 9500 11109
11109 9500 11651
5341 1438 4614
1438 4614 5341
4614 1438 5341
13884 7719 14925
7719 13884 14925
14925 7719 13884
14633 4656 7356
4656 7356 14633
7356 4656 14633
9900 6368 7993
6368 7993 9900
7993 6368 9900
10199 5247 14174
14174 5247 10199
5247 10199 14174
9729 1735 11444
11444 1735 9729
1735 9729 11444
14249 1909 2445
1909 2445 14249
2445 1909 14249
10196 90 9797
9797 90 10196
90 9797 10196
1386 5200 7934
5200 1386 7934
7934 1386 5200
4434 6071 13002
13002 4434 6071
6071 4434 13002
7536 7346 9533
9533 7346 7536
7346 7536 9533
14664 3164 5318
3164 5318 14664
5318 3164 14664
5400 846 6416
846 5400 6416
6416 846 5400
4003 10163 11491
10163 4003 11491
11491 4003 10163
5594 4706 14590
14590 4706 5594
4706 5594 14590
3514 2125 7771
2125 3514 7771
7771 2125 3514
8598 3070 8331
3070 8331 8598
8331 3070 8598
3711 2511 14209
2511 3711 14209
14209 2511 3711
11009 2534 11675
2534 11009 11675
11675 2534 11009
4441 10845 14408
10845 4441 14408
14408 4441 10845
12165 126 8997
8997 126 12165
126 8997 12165
12735 2563 11055
2563 11055 12735
11055 2563 12735
3683 5666 13295
13295 3683 5666
5666 3683 13295
8501 10426 13507
13507 8501 10426
10426 8501 13507
13422 986 6450
986 6450 13422
6450 986 13422
14177 4351 9703
4351 9703 14177
9703 4351 14177
8668 103 3417
103 3417 8668
3417 103 8668
2353 3555 14936
14936 2353 3555
3555 2353 14936
3900 2827 5016
2827 3900 5016
5016 2827 3900
5151 7863 14418
14418 5151 7863
7863 5151 14418
4145 2006 7061
2006 4145 7061
7061 2006 4145
5552 4375 6029
6029 4375 5552
4375 5552 6029
7390 1781 11515
1781 7390 11515
11515 1781 7390
14719 1839 7092
1839 7092 14719
7092 1839 14719
2925 3978 6067
3978 2925 6067
6067 2925 3978
5393 1239 14960
1239 5393 14960
14960 1239 5393
953 4086 4326
4086 953 4326
4326 953 4086
13203 3194 6856
3194 6856 13203
6856 3194 13203
6443 981 12777
981 6443 12777
12777 981 6443
7872 12471 12641
12641 7872 12471
12471 7872 12641
40 7775 8767
7775 40 8767
8767 40 7775
2706 938 14743
14743 938 2706
938 2706 14743
11486 5504 10541
5504 10541 11486
10541 5504 11486
3983 10853 14779
14779 3983 10853
10853 3983 14779
13132 2952 10293
10293 2952 13132
2952 10293 13132
1842 7533 8645
8645 1842 7533
7533 1842 8645
2104 3239 3939
3939 2104 3239
3239 2104 3939
67 4385 5692
5692 67 4385
4385 67 5692
186 10521 12976
12976 186 10521
10521 186 12976
9065 5855 15000
15000 5855 9065
5855 9065 15000
10888 5660 10797
10797 5660 10888
5660 10797 10888
10221 4291 7901
4291 7901 10221
7901 4291 10221
1753 13785 13874
13874 1753 13785
13785 1753 13874
5787 1904 3716
1904 3716 5787
3716 1904 5787
13534 2806 4873
2806 4873 13534
4873 2806 13534
7274 10068 12950
12950 7274 10068
10068 7274 12950
10028 305 1421
305 1421 10028
1421 305 10028
11866 7668 11267
7668 11267 11866
11267 7668 11866
2714 775 13415
775 2714 13415
13415 775 2714
12884 3269 14797
14797 3269 12884
3269 12884 14797
7180 5363 7111
7111 5363 7180
5363 7111 7180
4868 1897 6406
6406 1897 4868
1897 4868 6406
9598 7919 8334
8334 7919 9598
7919 8334 9598
14997 3524 12389
3524 12389 14997
12389 3524 14997
13389 9778 13503
13503 9778 13389
9778 13389 13503
3720 7557 10078
7557 3720 10078
10078 3720 7557
13922 11619 14575
11619 13922 14575
14575 11619 13922
267 4794 11671
11671 267 4794
4794 267 11671
13554 9277 11187
11187 9277 13554
9277 11187 13554
9584 2178 6296
6296 2178 9584
2178 6296 9584
12861 12840 14501
14501 12840 12861
12840 12861 14501
2914 1011 2069
2069 1011 2914
1011 2069 2914
10113 1747 11547
1747 10113 11547
11547 1747 10113
11536 1545 11123
1545 11123 11536
11123 1545 11536
1587 5892 7312
7312 1587 5892
5892 1587 7312
11998 2844 11558
2844 11558 11998
11558 2844 11998
5742 11355 13058
13058 5742 11355
11355 5742 13058
13763 218 10448
10448 218 13763
218 10448 13763
5109 2900 11725
11725 2900 5109
2900 5109 11725
5145 3635 10119
3635 5145 10119
10119 3635 5145
6923 9556 9590
9590 6923 9556
9556 6923 9590
6862 2529 3011
2529 3011 6862
3011 2529 6862
6932 391 12661
391 6932 12661
12661 391 6932
8926 10706 14725
10706 8926 14725
14725 8926 10706
10033 7817 11331
7817 10033 11331
11331 7817 10033
6176 6429 7760
6429 6176 7760
7760 6176 6429
5001 2380 5751
5751 2380 5001
2380 5001 5751
3629 4144 9265
4144 3629 9265
9265 3629 4144
9368 3770 9517
3770 9368 9517
9517 3770 9368
11202 7996 9852
7996 9852 11202
9852 7996 11202
10804 6503 13367
6503 10804 13367
13367 6503 10804
3634 227 12469
227 3634 12469
12469 227 3634
5445 9487 14163
14163 5445 9487
9487 5445 14163
12874 4448 14338
4448 12874 14338
14338 4448 12874
2230 11554 14036
14036 2230 11554
11554 2230 14036
3982 11160 13642
13642 3982 11160
11160 3982 13642
10250 2734 5797
5797 2734 10250
2734 5797 10250
5747 921 8151
921 5747 8151
8151 921 5747
2954 1409 13894
1409 2954 13894
13894 1409 2954
4481 11938 12144
11938 4481 12144
12144 4481 11938
5935 1052 7353
1052 5935 7353
7353 1052 5935
6285 962 8531
962 6285 8531
8531 962 6285
12072 10080 11880
10080 11880 12072
11880 10080 12072
13456 1056 2828
2828 1056 13456
1056 2828 13456
4496 11585 12981
11585 4496 12981
12981 4496 11585
4817 1419 7166
7166 1419 4817
1419 4817 7166
8019 11378 14804
11378 8019 14804
14804 8019 11378
11018 6451 13816
6451 11018 13816
13816 6451 11018
9938 8893 11988
8893 9938 11988
11988 8893 9938
1130 7636 9086
9086 1130 7636
7636 1130 9086
10319 5235 12171
5235 10319 12171
12171 5235 10319
8314 398 9298
398 8314 9298
9298 398 8314
243 256 13446
13446 243 256
256 243 13446
8633 4848 7609
4848 7609 8633
7609 4848 8633
2127 1770 11949
11949 1770 2127
1770 2127 11949
10333 2080 11051
2080 10333 11051
11051 2080 10333
4412 4360 9289
9289 4360 4412
4360 4412 9289
8062 2012 12408
2012 8062 12408
12408 2012 8062
10110 247 14519
247 10110 14519
14519 247 10110
11885 4279 8063
4279 8063 11885
8063 4279 11885
1859 263 13970
13970 263 1859
263 1859 13970
14805 7587 14153
7587 14153 14805
14153 7587 14805
13597 7945 14262
14262 7945 13597
7945 13597 14262
13454 2301 3449
2301 3449 13454
3449 2301 13454
11100 249 4544
4544 249 11100
249 4544 11100
2732 1066 5781
1066 2732 5781
5781 1066 2732
5221 3588 6756
6756 3588 5221
3588 5221 6756
1007 4422 10098
4422 1007 10098
10098 1007 4422
2628 1169 10008
10008 1169 2628
1169 2628 10008
2304 990 10610
10610 990 2304
990 2304 10610
9258 1833 12803
1833 9258 12803
12803 1833 9258
11934 743 1048
1048 743 11934
743 1048 11934
9094 1459 13382
13382 1459 9094
1459 9094 13382
2761 7198 9962
7198 2761 9962
9962 2761 7198
10922 6309 7052
7052 6309 10922
6309 7052 10922
2533 4512 9133
4512 2533 9133
9133 2533 4512
2801 3937 11549
3937 2801 11549
11549 2801 3937
481 219 9161
219 481 9161
9161 219 481
1591 718 12614
718 1591 12614
12614 718 1591
7677 4563 13915
13915 4563 7677
4563 7677 13915
4998 488 13595
488 4998 13595
13595 488 4998
14891 8646 10846
8646 10846 14891
10846 8646 14891
1138 1673 12880
1673 1138 12880
12880 1138 1673
13576 79 1759
1759 79 13576
79 1759 13576
12132 5321 14525
5321 12132 14525
14525 5321 12132
11968 1519 14794
14794 1519 11968
1519 11968 14794
5661 6011 11800
11800 5661 6011
6011 5661 11800
11521 4207 8318
4207 8318 11521
8318 4207 11521
5287 10685 12466
10685 5287 12466
12466 5287 10685
1624 6822 13260
6822 1624 13260
13260 1624 6822
13851 3336 5354
3336 5354 13851
5354 3336 13851
5631 9503 12190
9503 5631 12190
12190 5631 9503
12229 547 3344
547 3344 12229
3344 547 12229
1939 3666 8231
3666 1939 8231
8231 1939 3666
493 237 2297
237 493 2297
2297 237 493
14567 1401 8172
8172 1401 14567
1401 8172 14567
3643 1697 14334
1697 3643 14334
14334 1697 3643
5690 612 3779
612 3779 5690
3779 612 5690
5578 14084 14441
14441 5578 14084
14084 5578 14441
11430 4267 5824
4267 5824 11430
5824 4267 11430
3065 2626 10974
10974 2626 3065
2626 3065 10974
14119 1282 8150
8150 1282 14119
1282 8150 14119
3615 5248 6759
5248 3615 6759
6759 3615 5248
1161 8287 12022
8287 1161 12022
12022 1161 8287
2618 1956 13511
13511 1956 2618
1956 2618 13511
7556 4478 7909
4478 7556 7909
7909 4478 7556
5822 2906 11846
2906 5822 11846
11846 2906 5822
9772 2744 3872
3872 2744 9772
2744 3872 9772
3110 8144 14962
8144 3110 14962
14962 3110 8144
8189 1972 9989
1972 8189 9989
9989 1972 8189
13383 1913 9476
9476 1913 13383
1913 9476 13383
11249 1843 7815
1843 7815 11249
7815 1843 11249
7541 1402 2802
1402 2802 7541
2802 1402 7541
13611 4236 10952
4236 10952 13611
10952 4236 13611
14903 891 14496
891 14496 14903
14496 891 14903
10649 9070 13837
13837 9070 10649
9070 10649 13837
12756 4897 6048
4897 6048 12756
6048 4897 12756
14478 2039 14037
14037 2039 14478
2039 14037 14478
10117 8415 9357
8415 9357 10117
9357 8415 10117
9111 9325 11387
9325 9111 11387
11387 9111 9325
6174 3115 6541
6541 3115 6174
3115 6174 6541
14709 10592 13197
10592 13197 14709
13197 10592 14709
11347 3416 9146
3416 9146 11347
9146 3416 11347
7067 3684 6548
6548 3684 7067
3684 6548 7067
3724 4110 11326
4110 3724 11326
11326 3724 4110
10089 2843 12511
2843 10089 12511
12511 2843 10089
4339 1320 8986
8986 1320 4339
1320 4339 8986
8457 1184 3198
1184 3198 8457
3198 1184 8457
415 2199 4974
2199 415 4974
4974 415 2199
8263 12096 13627
12096 8263 13627
13627 8263 12096
12960 10819 13671
10819 12960 13671
13671 10819 12960
11593 2614 7683
2614 7683 11593
7683 2614 11593
10938 6777 7990
6777 7990 10938
7990 6777 10938
6141 5672 14474
14474 5672 6141
5672 6141 14474
6866 2385 10438
2385 6866 10438
10438 2385 6866
12279 6600 10506
10506 6600 12279
6600 10506 12279
9254 574 5087
574 5087 9254
5087 574 9254
615 9264 9271
9264 615 9271
9271 615 9264
13775 7764 10578
10578 7764 13775
7764 10578 13775
13217 5024 6936
5024 6936 13217
6936 5024 13217
11555 3821 12644
3821 11555 12644
12644 3821 11555
14777 14878 14912
14912 14777 14878
14878 14777 14912
6708 59 11319
59 6708 11319
11319 59 6708
7741 167 3637
167 3637 7741
3637 167 7741
2831 1399 8561
8561 1399 2831
1399 2831 8561
2510 641 6433
6433 641 2510
641 2510 6433
3113 1885 3242
1885 3113 3242
3242 1885 3113
13513 3842 9461
3842 9461 13513
9461 3842 13513
13053 5603 14253
14253 5603 13053
5603 13053 14253
13352 5061 12406
12406 5061 13352
5061 12406 13352
14470 5090 11907
5090 11907 14470
11907 5090 14470
13379 424 5327
5327 424 13379
424 5327 13379
12414 1186 3632
3632 1186 12414
1186 3632 12414
13398 5536 8278
5536 8278 13398
8278 5536 13398
5495 6120 9964
6120 5495 9964
9964 5495 6120
1961 7349 9010
9010 1961 7349
7349 1961 9010
8171 11071 12662
12662 8171 11071
11071 8171 12662
9726 2018 7763
7763 2018 9726
2018 7763 9726
14113 2351 7772
7772 2351 14113
2351 7772 14113
856 11117 13745
11117 856 13745
13745 856 11117
3853 2390 11863
2390 3853 11863
11863 2390 3853
13635 2382 12811
2382 12811 13635
12811 2382 13635
7694 851 3893
3893 851 7694
851 3893 7694
14140 583 4723
583 4723 14140
4723 583 14140
3459 5028 9241
9241 3459 5028
5028 3459 9241
5667 2406 14026
2406 5667 14026
14026 2406 5667
1651 1957 5065
5065 1651 1957
1957 1651 5065
9187 1593 8549
1593 8549 9187
8549 1593 9187
14326 11614 12345
11614 12345 14326
12345 11614 14326
1691 259 5568
259 1691 5568
5568 259 1691
13 8815 9753
8815 13 9753
9753 13 8815
12083 7047 14389
7047 12083 14389
14389 7047 12083
4477 4530 14150
14150 4477 4530
4530 4477 14150
4456 2237 13976
13976 2237 4456
2237 4456 13976
14522 7825 8574
8574 7825 14522
7825 8574 14522
14831 5838 7169
5838 7169 14831
7169 5838 14831
2331 5305 7860
7860 2331 5305
5305 2331 7860
3805 11074 13512
11074 3805 13512
13512 3805 11074
1578 3027 10820
10820 1578 3027
3027 1578 10820
6702 6916 8773
6916 6702 8773
8773 6702 6916
6857 2328 2775
2775 2328 6857
2328 2775 6857
13023 8555 11701
8555 11701 13023
11701 8555 13023
2665 12793 13564
12793 2665 13564
13564 2665 12793
11591 4007 13029
13029 4007 11591
4007 11591 13029
4364 10870 10918
10918 4364 10870
10870 4364 10918
941 9653 13575
13575 941 9653
9653 941 13575
6740 1604 7907
1604 6740 7907
7907 1604 6740
13799 1090 4631
4631 1090 13799
1090 4631 13799
8021 5057 12215
12215 5057 8021
5057 8021 12215
3035 286 6460
6460 286 3035
286 3035 6460
4361 5842 10995
10995 4361 5842
5842 4361 10995
10290 485 10563
10563 485 10290
485 10290 10563
6362 2066 2117
2117 2066 6362
2066 2117 6362
14079 441 10471
441 10471 14079
10471 441 14079
3541 1889 6314
1889 3541 6314
6314 1889 3541
1258 1240 2598
2598 1240 1258
1240 1258 2598
4992 11928 14018
11928 4992 14018
14018 4992 11928
10822 9765 13107
9765 10822 13107
13107 9765 10822
8780 1618 2687
1618 2687 8780
2687 1618 8780
9905 453 7001
7001 453 9905
453 7001 9905
3962 6827 8365
6827 3962 8365
8365 3962 6827
2772 4473 5163
5163 2772 4473
4473 2772 5163
1447 5586 7318
7318 1447 5586
5586 1447 7318
11399 5607 5808
5808 5607 11399
5607 5808 11399
5880 2540 14663
2540 5880 14663
14663 2540 5880
9943 6110 13303
6110 9943 13303
13303 6110 9943
13176 8982 14588
14588 8982 13176
8982 13176 14588
8768 13143 13696
13143 8768 13696
13696 8768 13143
5823 8241 12677
12677 5823 8241
8241 5823 12677
3272 3816 13161
13161 3272 3816
3816 3272 13161
12061 1994 13609
1994 12061 13609
13609 1994 12061
9876 3297 14404
3297 9876 14404
14404 3297 9876
5737 8056 9520
8056 5737 9520
9520 5737 8056
5954 679 1204
679 1204 5954
1204 679 5954
13195 2479 10743
10743 2479 13195
2479 10743 13195
6274 5913 7621
5913 6274 7621
7621 5913 6274
8515 6324 14665
14665 6324 8515
6324 8515 14665
1417 4616 14280
4616 1417 14280
14280 1417 4616
744 8491 13232
8491 744 13232
13232 744 8491
4585 144 10511
144 4585 10511
10511 144 4585
4067 333 2030
333 2030 4067
2030 333 4067
3400 1558 14504
14504 1558 3400
1558 3400 14504
2893 2738 14330
2738 2893 14330
14330 2738 2893
2047 7598 10235
10235 2047 7598
7598 2047 10235
189 6308 11086
11086 189 6308
6308 189 11086
4274 699 12019
12019 699 4274
699 4274 12019
4376 3766 8023
3766 4376 8023
8023 3766 4376
2343 3712 8895
8895 2343 3712
3712 2343 8895
12711 8935 12098
8935 12098 12711
12098 8935 12711
8269 1762 9046
9046 1762 8269
1762 8269 9046
1941 2057 7337
7337 1941 2057
2057 1941 7337
14538 3647 11402
11402 3647 14538
3647 11402 14538
14875 1844 13350
13350 1844 14875
1844 13350 14875
12026 538 14740
14740 538 12026
538 12026 14740
7333 10382 11049
11049 7333 10382
10382 7333 11049
2778 6501 9385
9385 2778 6501
6501 2778 9385
9868 2439 9060
9060 2439 9868
2439 9060 9868
3665 2096 3380
2096 3380 3665
3380 2096 3665
12478 1608 5438
1608 5438 12478
5438 1608 12478
9489 6084 7013
7013 6084 9489
6084 7013 9489
8075 281 11492
281 8075 11492
11492 281 8075
6269 2507 8944
8944 2507 6269
2507 6269 8944
3679 4649 8100
4649 3679 8100
8100 3679 4649
308 1800 2654
1800 308 2654
2654 308 1800
2976 2883 11918
11918 2883 2976
2883 2976 11918
418 1012 13933
13933 418 1012
1012 418 13933
8522 1444 14400
1444 8522 14400
14400 1444 8522
8406 602 6899
602 6899 8406
6899 602 8406
12264 436 6348
6348 436 12264
436 6348 12264
569 6325 11811
11811 569 6325
6325 569 11811
13835 4880 12953
4880 12953 13835
12953 4880 13835
1945 7306 13287
13287 1945 7306
7306 1945 13287
2956 1687 11920
11920 1687 2956
1687 2956 11920
2284 2719 12869
2719 2284 12869
12869 2284 2719
7432 9134 10553
9134 7432 10553
10553 7432 9134
8137 137 10945
137 8137 10945
10945 137 8137
11930 2189 10740
2189 10740 11930
10740 2189 11930
3508 3009 12009
12009 3009 3508
3009 3508 12009
7433 6403 14488
14488 6403 7433
6403 7433 14488
12755 5434 9843
5434 9843 12755
9843 5434 12755
4617 3953 11836
3953 4617 11836
11836 3953 4617
9928 8201 12718
12718 8201 9928
8201 9928 12718
10777 1418 8110
8110 1418 10777
1418 8110 10777
7207 3857 4408
3857 4408 7207
4408 3857 7207
10732 68 14789
68 10732 14789
14789 68 10732
8946 1563 6322
6322 1563 8946
1563 6322 8946
13105 1822 1857
1857 1822 13105
1822 1857 13105
34 7723 11749
11749 34 7723
7723 34 11749
9496 4554 9562
4554 9496 9562
9562 4554 9496
3675 3202 8248
8248 3202 3675
3202 3675 8248
10049 9302 10389
10389 9302 10049
9302 10049 10389
3736 535 5386
535 3736 5386
5386 535 3736
3408 12334 12639
12639 3408 12334
12334 3408 12639
13428 1704 13289
1704 13289 13428
13289 1704 13428
6099 573 4077
4077 573 6099
573 4077 6099
3733 3270 3393
3270 3393 3733
3393 3270 3733
10287 8022 12681
8022 10287 12681
12681 8022 10287
4954 6722 12487
12487 4954 6722
6722 4954 12487
3246 3197 4796
4796 3197 3246
3197 3246 4796
5029 9338 11246
9338 5029 11246
11246 5029 9338
7508 11572 14222
14222 7508 11572
11572 7508 14222
3648 1645 8298
1645 3648 8298
8298 1645 3648
6546 905 6237
6237 905 6546
905 6237 6546
14151 916 12224
12224 916 14151
916 12224 14151
7368 1338 4192
4192 1338 7368
1338 4192 7368
5376 3490 9586
9586 3490 5376
3490 5376 9586
4035 3520 14578
3520 4035 14578
14578 3520 4035
12609 5624 13792
13792 5624 12609
5624 12609 13792
9305 4646 4864
4646 4864 9305
4864 4646 9305
14801 9766 12617
12617 9766 14801
9766 12617 14801
5995 2509 8450
2509 5995 8450
8450 2509 5995
11031 4179 12428
4179 11031 12428
12428 4179 11031
9617 564 7857
7857 564 9617
564 7857 9617
8155 2508 5882
5882 2508 8155
2508 5882 8155
6992 2400 13184
2400 6992 13184
13184 2400 6992
5834 6014 6184
6184 5834 6014
6014 5834 6184
10874 7197 8956
8956 7197 10874
7197 8956 10874
10805 8384 11814
8384 10805 11814
11814 8384 10805
8174 12128 14569
14569 8174 12128
12128 8174 14569
11083 12007 14724
12007 11083 14724
14724 11083 12007
10213 9984 10890
10890 9984 10213
9984 10213 10890
1163 284 6000
6000 284 1163
284 1163 6000
2395 8426 12146
12146 2395 8426
8426 2395 12146
4454 7397 9330
9330 4454 7397
7397 4454 9330
4018 3831 10007
10007 3831 4018
3831 4018 10007
1653 6711 14267
14267 1653 6711
6711 1653 14267
991 4370 7534
4370 991 7534
7534 991 4370
9794 1342 14486
14486 1342 9794
1342 9794 14486
8954 7769 14864
14864 7769 8954
7769 8954 14864
12409 13115 13887
13887 12409 13115
13115 12409 13887
2367 6963 8696
8696 2367 6963
6963 2367 8696
12288 566 14565
566 12288 14565
14565 566 12288
3826 350 1905
350 1905 3826
1905 350 3826
8402 1453 2227
2227 1453 8402
1453 2227 8402
4016 5233 7217
7217 4016 5233
5233 4016 7217
14142 12390 14593
12390 14142 14593
14593 12390 14142
868 4059 10473
10473 868 4059
4059 868 10473
7130 8427 8677
8677 7130 8427
8427 7130 8677
9019 3810 10590
10590 3810 9019
3810 9019 10590
5651 2235 14535
14535 2235 5651
2235 5651 14535
7856 3145 13879
13879 3145 7856
3145 7856 13879
12786 1370 14899
1370 12786 14899
14899 1370 12786
9281 1674 4050
4050 1674 9281
1674 4050 9281
12397 4919 9266
4919 9266 12397
9266 4919 12397
4669 3445 12254
3445 4669 12254
12254 3445 4669
747 5032 6990
5032 747 6990
6990 747 5032
11874 11272 13926
11272 11874 13926
13926 11272 11874
5957 3579 3948
3948 3579 5957
3579 3948 5957
6224 475 12670
475 6224 12670
12670 475 6224
11089 11114 13863
13863 11089 11114
11114 11089 13863
1581 1684 8801
8801 1581 1684
1684 1581 8801
3254 6814 14510
6814 3254 14510
14510 3254 6814
7213 2923 10596
10596 2923 7213
2923 7213 10596
10239 1266 12848
12848 1266 10239
1266 10239 12848
1805 6293 10169
6293 1805 10169
10169 1805 6293
13568 3141 11151
11151 3141 13568
3141 11151 13568
10626 11060 11244
11244 10626 11060
11060 10626 11244
8498 1254 4590
1254 4590 8498
4590 1254 8498
2481 814 11745
11745 814 2481
814 2481 11745
13410 4541 6780
6780 4541 13410
4541 6780 13410
3352 1526 10264
10264 1526 3352
1526 3352 10264
9140 1372 10383
1372 9140 10383
10383 1372 9140
5254 10039 11570
10039 5254 11570
11570 5254 10039
8891 9106 14910
9106 8891 14910
14910 8891 9106
9672 6454 13562
13562 6454 9672
6454 9672 13562
9467 290 10645
10645 290 9467
290 9467 10645
10247 9806 11741
9806 10247 11741
11741 9806 10247
2352 5591 14821
5591 2352 14821
14821 2352 5591
7345 4060 12027
12027 4060 7345
4060 7345 12027
14043 1855 8660
8660 1855 14043
1855 8660 14043
9156 4080 5372
4080 5372 9156
5372 4080 9156
12956 9377 10916
9377 10916 12956
10916 9377 12956
3248 13493 13539
13493 3248 13539
13539 3248 13493
8096 390 7958
7958 390 8096
390 7958 8096
3374 7282 9232
9232 3374 7282
7282 3374 9232
1019 1470 10859
10859 1019 1470
1470 1019 10859
5191 7145 10987
10987 5191 7145
7145 5191 10987
9591 7749 8641
8641 7749 9591
7749 8641 9591
14098 360 529
360 529 14098
529 360 14098
5971 7095 7552
7095 5971 7552
7552 5971 7095
12404 7810 9959
7810 9959 12404
9959 7810 12404
5819 5714 13069
13069 5714 5819
5714 5819 13069
5728 4451 12508
4451 5728 12508
12508 4451 5728
8092 710 4273
710 4273 8092
4273 710 8092
13009 2690 4645
4645 2690 13009
2690 4645 13009
8568 3313 13330
13330 3313 8568
3313 8568 13330
11805 7786 11837
11837 7786 11805
7786 11805 11837
12395 2757 5757
2757 5757 12395
5757 2757 12395
12108 4480 8996
4480 8996 12108
8996 4480 12108
12492 8177 14378
14378 8177 12492
8177 12492 14378
2554 10574 14149
14149 2554 10574
10574 2554 14149
11369 7628 14446
14446 7628 11369
7628 11369 14446
14377 1950 5312
5312 1950 14377
1950 5312 14377
14287 10509 13973
13973 10509 14287
10509 13973 14287
14733 1044 1389
1044 1389 14733
1389 1044 14733
8303 8239 11639
11639 8239 8303
8239 8303 11639
8044 6872 13373
6872 8044 13373
13373 6872 8044
3331 2646 6560
6560 2646 3331
2646 3331 6560
5633 8805 11222
8805 5633 11222
11222 5633 8805
4991 9062 14109
14109 4991 9062
9062 4991 14109
12547 3505 5708
3505 5708 12547
5708 3505 12547
6260 1740 2724
2724 1740 6260
1740 2724 6260
14989 2005 14576
2005 14576 14989
14576 2005 14989
3293 8901 10642
10642 3293 8901
8901 3293 10642
10699 183 2518
183 2518 10699
2518 183 10699
12246 969 2911
2911 969 12246
969 2911 12246
871 11374 14475
14475 871 11374
11374 871 14475
4455 5187 5931
5931 4455 5187
5187 4455 5931
4564 841 10558
10558 841 4564
841 4564 10558
8711 7323 8826
8826 7323 8711
7323 8711 8826
10724 2302 9157
2302 9157 10724
9157 2302 10724
14901 5270 9253
5270 9253 14901
9253 5270 14901
12142 100 8864
100 8864 12142
8864 100 12142
10548 2120 8642
8642 2120 10548
2120 8642 10548
4103 6317 12029
6317 4103 12029
12029 4103 6317
927 291 4765
4765 291 927
291 927 4765
376 2545 2731
2731 376 2545
2545 376 2731
13298 2679 12684
2679 12684 13298
12684 2679 13298
6873 9609 10491
10491 6873 9609
9609 6873 10491
3789 11948 12627
11948 3789 12627
12627 3789 11948
12097 4924 10807
10807 4924 12097
4924 10807 12097
11496 8971 11506
11506 8971 11496
8971 11496 11506
10841 11 8032
11 8032 10841
8032 11 10841
10467 7653 14822
7653 10467 14822
14822 7653 10467
3903 2779 4999
4999 2779 3903
2779 3903 4999
236 344 10481
10481 236 344
344 236 10481
7633 1223 6408
1223 6408 7633
6408 1223 7633
7254 11069 11227
11227 7254 11069
11069 7254 11227
13707 12004 13834
12004 13707 13834
13834 12004 13707
13866 3999 11395
11395 3999 13866
3999 11395 13866
9655 5161 9844
9844 5161 9655
5161 9655 9844
5992 1202 8148
1202 5992 8148
8148 1202 5992
5450 6178 8101
8101 5450 6178
6178 5450 8101
10433 6295 13991
13991 6295 10433
6295 10433 13991
5511 9286 10457
9286 5511 10457
10457 5511 9286
748 13431 14184
14184 748 13431
13431 748 14184
7355 2042 11317
2042 7355 11317
11317 2042 7355
7189 2329 13213
2329 7189 13213
13213 2329 7189
5854 681 10849
681 5854 10849
10849 681 5854
7469 6828 10947
10947 6828 7469
6828 7469 10947
1870 8142 8330
8330 1870 8142
8142 1870 8330
12488 12415 13241
12415 12488 13241
13241 12415 12488
14503 3277 8154
8154 3277 14503
3277 8154 14503
6568 7758 8414
7758 6568 8414
8414 6568 7758
13063 1238 7864
1238 7864 13063
7864 1238 13063
2484 10889 13818
10889 2484 13818
13818 2484 10889
11481 409 4420
4420 409 11481
409 4420 11481
12533 7383 10478
10478 7383 12533
7383 10478 12533
10423 9382 10460
10460 9382 10423
9382 10423 10460
8779 1050 8240
1050 8240 8779
8240 1050 8779
4620 11605 13018
11605 4620 13018
13018 4620 11605
9396 9669 11166
9669 9396 11166
11166 9396 9669
13872 296 3334
3334 296 13872
296 3334 13872
2473 3154 13826
3154 2473 13826
13826 2473 3154
11532 9554 14270
14270 9554 11532
9554 11532 14270
10573 3338 9066
9066 3338 10573
3338 9066 10573
2552 7820 10941
7820 2552 10941
10941 2552 7820
3581 694 2248
694 2248 3581
2248 694 3581
279 7546 10647
10647 279 7546
7546 279 10647
14314 9352 14086
14086 9352 14314
9352 14086 14314
5532 12704 14015
14015 5532 12704
12704 5532 14015
12403 2809 5015
5015 2809 12403
2809 5015 12403
7710 9727 13529
13529 7710 9727
9727 7710 13529
12104 9309 11768
9309 11768 12104
11768 9309 12104
8485 635 5228
5228 635 8485
635 5228 8485
11673 369 8057
8057 369 11673
369 8057 11673
7510 11368 14629
14629 7510 11368
11368 7510 14629
6181 3345 5863
5863 3345 6181
3345 5863 6181
2494 1362 14966
14966 1362 2494
1362 2494 14966
10365 5724 12842
5724 10365 12842
12842 5724 10365
14957 1309 13201
1309 13201 14957
13201 1309 14957
4330 4557 9386
4557 4330 9386
9386 4330 4557
8102 1998 14436
1998 8102 14436
14436 1998 8102
2052 6404 10342
6404 2052 10342
10342 2052 6404
3176 8879 13332
13332 3176 8879
8879 3176 13332
10783 2946 5723
2946 5723 10783
5723 2946 10783
8390 7835 10185
10185 7835 8390
7835 8390 10185
11419 4241 8098
8098 4241 11419
4241 8098 11419
12850 232 14561
232 12850 14561
14561 232 12850
1278 5524 9695
9695 1278 5524
5524 1278 9695
3830 6486 8927
8927 3830 6486
6486 3830 8927
2499 6083 14788
14788 2499 6083
6083 2499 14788
2776 4680 5814
4680 2776 5814
5814 2776 4680
7133 2312 7722
7722 2312 7133
2312 7133 7722
9354 6104 12460
6104 9354 12460
12460 6104 9354
2490 8006 10539
8006 2490 10539
10539 2490 8006
12423 2281 6646
6646 2281 12423
2281 6646 12423
11234 1683 2860
1683 2860 11234
2860 1683 11234
14748 3208 13800
3208 13800 14748
13800 3208 14748
13674 9613 13961
13961 9613 13674
9613 13674 13961
12060 3076 12402
12402 3076 12060
3076 12060 12402
12330 3914 8665
8665 3914 12330
3914 8665 12330
12077 1103 1559
1559 1103 12077
1103 1559 12077
3680 2135 11923
2135 3680 11923
11923 2135 3680
12828 1395 3865
3865 1395 12828
1395 3865 12828
6326 3771 5734
3771 5734 6326
5734 3771 6326
6593 4528 8847
4528 6593 8847
8847 4528 6593
10871 5898 7992
5898 7992 10871
7992 5898 10871
13395 5009 12781
12781 5009 13395
5009 12781 13395
6115 609 3319
3319 609 6115
609 3319 6115
10862 2179 3403
2179 3403 10862
3403 2179 10862
4132 13941 14941
14941 4132 13941
13941 4132 14941
14130 7662 8748
7662 8748 14130
8748 7662 14130
1388 8846 14780
8846 1388 14780
14780 1388 8846
10222 2342 8435
2342 8435 10222
8435 2342 10222
2928 7550 11003
7550 2928 11003
11003 2928 7550
1275 6008 8291
6008 1275 8291
8291 1275 6008
12621 2895 3427
2895 3427 12621
3427 2895 12621
6523 12179 14312
14312 6523 12179
12179 6523 14312
118 8743 9528
9528 118 8743
8743 118 9528
13546 11953 13016
13016 11953 13546
11953 13016 13546
11384 1236 10330
10330 1236 11384
1236 10330 11384
5951 1761 3184
3184 1761 5951
1761 3184 5951
5614 7542 8742
8742 5614 7542
7542 5614 8742
11072 3886 13480
3886 11072 13480
13480 3886 11072
6772 1886 8160
1886 6772 8160
8160 1886 6772
12180 2629 3119
3119 2629 12180
2629 3119 12180
673 3189 3585
3585 673 3189
3189 673 3585
9365 7981 9877
9877 7981 9365
7981 9365 9877
7395 7708 14639
14639 7395 7708
7708 7395 14639
11719 2264 6685
6685 2264 11719
2264 6685 11719
13219 2542 5743
5743 2542 13219
2542 5743 13219
244 532 11397
532 244 11397
11397 244 532
2420 6954 11314
11314 2420 6954
6954 2420 11314
13327 3284 14073
14073 3284 13327
3284 13327 14073
10369 4894 5867
5867 4894 10369
4894 5867 10369
2837 1208 9716
9716 1208 2837
1208 2837 9716
9907 10058 12779
12779 9907 10058
10058 9907 12779
13713 4960 12249
4960 12249 13713
12249 4960 13713
5353 5064 10716
10716 5064 5353
5064 5353 10716
241 408 3349
3349 241 408
408 241 3349
316 10912 11391
11391 316 10912
10912 316 11391
11630 3590 13525
13525 3590 11630
3590 11630 13525
14459 3264 7612
3264 7612 14459
7612 3264 14459
5932 1785 12514
12514 1785 5932
1785 5932 12514
10249 835 3474
835 3474 10249
3474 835 10249
14048 13753 14434
13753 14048 14434
14434 13753 14048
14850 8289 9960
9960 8289 14850
8289 9960 14850
5785 434 7500
7500 434 5785
434 5785 7500
11873 6457 11550
11550 6457 11873
6457 11550 11873
6816 1440 2532
2532 1440 6816
1440 2532 6816
5652 8619 14017
14017 5652 8619
8619 5652 14017
5054 8940 11337
11337 5054 8940
8940 5054 11337
9942 903 4839
903 4839 9942
4839 903 9942
13047 3598 7261
7261 3598 13047
3598 7261 13047
3446 3786 9690
3786 3446 9690
9690 3446 3786
14221 4491 7472
4491 7472 14221
7472 4491 14221
4223 2432 3763
3763 2432 4223
2432 3763 4223
7880 3060 9975
3060 7880 9975
9975 3060 7880
9470 950 5878
5878 950 9470
950 5878 9470
7539 13757 13823
13757 7539 13823
13823 7539 13757
1183 496 1703
1703 496 1183
496 1183 1703
12722 358 11841
11841 358 12722
358 11841 12722
7162 11165 14604
11165 7162 14604
14604 7162 11165
11985 5288 11295
11295 5288 11985
5288 11295 11985
14658 4525 12301
12301 4525 14658
4525 12301 14658
784 4075 13448
4075 784 13448
13448 784 4075
8036 1565 8702
8702 1565 8036
1565 8036 8702
13417 1219 5978
1219 5978 13417
5978 1219 13417
7652 1241 13733
1241 7652 13733
13733 1241 7652
6798 12906 13467
12906 6798 13467
13467 6798 12906
3410 2402 6191
2402 3410 6191
6191 2402 3410
14712 9887 10075
9887 10075 14712
10075 9887 14712
3053 1139 7452
1139 3053 7452
7452 1139 3053
2521 130 806
130 806 2521
806 130 2521
48 1380 9135
9135 48 1380
1380 48 9135
4866 262 355
355 262 4866
262 355 4866
5273 7789 11617
7789 5273 11617
11617 5273 7789
10735 7051 14871
7051 10735 14871
14871 7051 10735
13191 8578 11044
8578 11044 13191
11044 8578 13191
4247 960 13038
13038 960 4247
960 4247 13038
4552 1112 5573
1112 4552 5573
5573 1112 4552
4745 1197 9831
9831 1197 4745
1197 4745 9831
9026 4167 10625
10625 4167 9026
4167 9026 10625
4141 2386 4611
2386 4141 4611
4611 2386 4141
14217 10632 13159
10632 13159 14217
13159 10632 14217
3150 2755 6194
6194 2755 3150
2755 3150 6194
4615 8883 14539
8883 4615 14539
14539 4615 8883
7670 1803 8772
1803 7670 8772
8772 1803 7670
680 10674 13249
10674 680 13249
13249 680 10674
3324 8547 10394
10394 3324 8547
8547 3324 10394
9260 4404 12916
4404 9260 12916
12916 4404 9260
9312 1797 12980
1797 9312 12980
12980 1797 9312
8611 2090 8928
8928 2090 8611
2090 8611 8928
9631 14635 14911
14911 9631 14635
14635 9631 14911
5546 4055 10148
4055 5546 10148
10148 4055 5546
8235 6442 10037
10037 6442 8235
6442 8235 10037
74 4030 6706
6706 74 4030
4030 74 6706
6817 4726 12505
4726 6817 12505
12505 4726 6817
10469 6365 10175
6365 10175 10469
10175 6365 10469
4465 513 2586
2586 513 4465
513 2586 4465
5868 5754 7635
5754 5868 7635
7635 5754 5868
1442 8616 14694
14694 1442 8616
8616 1442 14694
12766 382 12962
382 12766 12962
12962 382 12766
13982 3224 10461
3224 10461 13982
10461 3224 13982
12207 1445 2909
2909 1445 12207
1445 2909 12207
7018 7692 8442
7692 7018 8442
8442 7018 7692
417 4911 12889
12889 417 4911
4911 417 12889
6955 2944 11663
11663 2944 6955
2944 6955 11663
8169 7405 8243
8243 7405 8169
7405 8169 8243
10505 5663 8750
8750 5663 10505
5663 8750 10505
9902 6611 10844
6611 9902 10844
10844 6611 9902
6728 9233 11407
11407 6728 9233
9233 6728 11407
9783 1547 8621
8621 1547 9783
1547 8621 9783
6863 2337 7928
7928 2337 6863
2337 6863 7928
5841 1588 10482
10482 1588 5841
1588 5841 10482
1336 7547 7643
7547 1336 7643
7643 1336 7547
11578 1182 4767
1182 4767 11578
4767 1182 11578
8440 5036 11936
11936 5036 8440
5036 8440 11936
3286 1269 9999
9999 1269 3286
1269 3286 9999
14159 8614 9801
8614 9801 14159
9801 8614 14159
4397 1639 8066
8066 1639 4397
1639 4397 8066
8429 8127 12567
8127 8429 12567
12567 8127 8429
9225 7225 13536
13536 7225 9225
7225 9225 13536
506 8368 13736
8368 506 13736
13736 506 8368
6263 10650 12074
10650 6263 12074
12074 6263 10650
8723 2443 10348
10348 2443 8723
2443 8723 10348
14246 371 5300
371 5300 14246
5300 371 14246
1676 5975 8076
5975 1676 8076
8076 1676 5975
3685 5155 12730
12730 3685 5155
5155 3685 12730
2241 9249 11597
9249 2241 11597
11597 2241 9249
13169 4813 12680
4813 12680 13169
12680 4813 13169
10690 9410 12449
12449 9410 10690
9410 10690 12449
8739 4940 5159
4940 5159 8739
5159 4940 8739
1242 5627 13070
13070 1242 5627
5627 1242 13070
11401 579 3671
3671 579 11401
579 3671 11401
12804 6402 14742
6402 12804 14742
14742 6402 12804
7851 2287 9025
9025 2287 7851
2287 7851 9025
2672 4709 11493
4709 2672 11493
11493 2672 4709
4825 4766 11889
11889 4766 4825
4766 4825 11889
14274 1375 13404
13404 1375 14274
1375 13404 14274
11305 3039 6253
3039 6253 11305
6253 3039 11305
14707 323 8377
323 8377 14707
8377 323 14707
4395 2822 6499
2822 4395 6499
6499 2822 4395
13269 14039 14961
14039 13269 14961
14961 13269 14039
5121 5801 11422
5801 5121 11422
11422 5121 5801
12563 8640 8700
8700 8640 12563
8640 8700 12563
11183 6572 10268
6572 10268 11183
10268 6572 11183
4268 9079 12854
9079 4268 12854
12854 4268 9079
5144 14056 14412
14056 5144 14412
14412 5144 14056
13537 9519 11931
11931 9519 13537
9519 11931 13537
14943 872 1268
872 1268 14943
1268 872 14943
8918 8881 11099
11099 8881 8918
8881 8918 11099
2298 4128 9420
4128 2298 9420
9420 2298 4128
1361 7877 8476
7877 1361 8476
8476 1361 7877
1621 5357 9290
5357 1621 9290
9290 1621 5357
8130 120 12650
12650 120 8130
120 8130 12650
9492 11345 13351
11345 9492 13351
13351 9492 11345
3099 542 13477
13477 542 3099
542 3099 13477
13464 6282 6415
6415 6282 13464
6282 6415 13464
706 5202 11038
11038 706 5202
5202 706 11038
6075 484 6913
484 6075 6913
6913 484 6075
430 4725 12921
4725 430 12921
12921 430 4725
2086 2501 3571
2501 2086 3571
3571 2086 2501
10305 2193 6376
2193 6376 10305
6376 2193 10305
12716 2813 12006
2813 12006 12716
12006 2813 12716
6587 7882 10172
10172 6587 7882
7882 6587 10172
5662 6549 12008
6549 5662 12008
12008 5662 6549
6352 6571 11526
11526 6352 6571
6571 6352 11526
11020 5127 14813
5127 11020 14813
14813 5127 11020
5436 3273 5180
5180 3273 5436
3273 5180 5436
235 8212 13793
8212 235 13793
13793 235 8212
7627 11507 12595
12595 7627 11507
11507 7627 12595
6569 6747 11865
11865 6569 6747
6747 6569 11865
1034 4047 9879
4047 1034 9879
9879 1034 4047
12248 5626 13743
5626 12248 13743
13743 5626 12248
13911 5310 5908
5908 5310 13911
5310 5908 13911
3930 5916 10638
5916 3930 10638
10638 3930 5916
3255 8400 12056
12056 3255 8400
8400 3255 12056
11573 3979 9898
9898 3979 11573
3979 9898 11573
12182 5075 12923
5075 12182 12923
12923 5075 12182
1603 7646 11340
7646 1603 11340
11340 1603 7646
182 177 2861
177 182 2861
2861 177 182
10297 9834 11241
9834 10297 11241
11241 9834 10297
14120 5563 12984
5563 12984 14120
12984 5563 14120
12485 5023 9980
9980 5023 12485
5023 9980 12485
10535 6903 7144
6903 7144 10535
7144 6903 10535
11677 1403 4045
1403 4045 11677
4045 1403 11677
4820 11921 14288
11921 4820 14288
14288 4820 11921
6399 7616 14616
14616 6399 7616
7616 6399 14616
3125 6310 13246
6310 3125 13246
13246 3125 6310
1016 3782 12564
12564 1016 3782
3782 1016 12564
3129 486 1931
486 1931 3129
1931 486 3129
8292 10083 10164
10083 8292 10164
10164 8292 10083
1220 3086 5998
5998 1220 3086
3086 1220 5998
14735 1732 14890
14890 1732 14735
1732 14735 14890
11206 4654 13827
13827 4654 11206
4654 11206 13827
14505 5668 13769
13769 5668 14505
5668 13769 14505
3413 7782 11344
11344 3413 7782
7782 3413 11344
5547 10338 11692
10338 5547 11692
11692 5547 10338
4593 2292 7878
7878 2292 4593
2292 4593 7878
11480 339 13840
339 11480 13840
13840 339 11480
12266 5336 10285
10285 5336 12266
5336 10285 12266
13229 10741 12170
12170 10741 13229
10741 12170 13229
13693 10271 13450
13450 10271 13693
10271 13450 13693
2560 7639 13555
7639 2560 13555
13555 2560 7639
8712 5791 13263
13263 5791 8712
5791 8712 13263
14175 5496 6692
6692 5496 14175
5496 6692 14175
845 1521 13262
1521 845 13262
13262 845 1521
4446 6284 13087
13087 4446 6284
6284 4446 13087
7525 9335 12168
9335 7525 12168
12168 7525 9335
4687 11784 11916
11784 4687 11916
11916 4687 11784
1729 818 2633
818 1729 2633
2633 818 1729
10137 1187 1285
1285 1187 10137
1187 1285 10137
2483 1789 2407
1789 2407 2483
2407 1789 2483
1852 3862 6912
6912 1852 3862
3862 1852 6912
1041 4536 10739
10739 1041 4536
4536 1041 10739
10351 2190 2358
2190 2358 10351
2358 2190 10351
13036 1495 11292
1495 11292 13036
11292 1495 13036
1768 1178 14029
1178 1768 14029
14029 1178 1768
4961 3934 5258
3934 4961 5258
5258 3934 4961
7650 974 13318
13318 974 7650
974 7650 13318
6351 5141 9473
9473 5141 6351
5141 6351 9473
3993 7152 13665
7152 3993 13665
13665 3993 7152
2603 12902 14291
14291 2603 12902
12902 2603 14291
7961 1883 8225
1883 7961 8225
8225 1883 7961
4608 4513 9811
9811 4513 4608
4513 4608 9811
11689 554 3479
554 3479 11689
3479 554 11689
6770 8094 9768
8094 6770 9768
9768 6770 8094
13873 3040 6644
3040 6644 13873
6644 3040 13873
8058 340 10361
10361 340 8058
340 8058 10361
65 5130 6576
6576 65 5130
5130 65 6576
6510 2993 5758
2993 5758 6510
5758 2993 6510
3562 6488 13584
13584 3562 6488
6488 3562 13584
5589 2037 3908
2037 3908 5589
3908 2037 5589
7751 8115 10130
10130 7751 8115
8115 7751 10130
2611 1975 3480
3480 1975 2611
1975 2611 3480
4394 3311 9504
3311 4394 9504
9504 3311 4394
3288 5107 12816
5107 3288 12816
12816 3288 5107
12260 7470 13747
7470 12260 13747
13747 7470 12260
10672 6475 6976
6976 6475 10672
6475 6976 10672
9402 1276 10728
10728 1276 9402
1276 9402 10728
5595 3265 6168
3265 5595 6168
6168 3265 5595
4995 533 14066
533 4995 14066
14066 533 4995
3225 5309 8638
5309 3225 8638
8638 3225 5309
10454 1667 4906
1667 4906 10454
4906 1667 10454
5123 11148 12660
11148 5123 12660
12660 5123 11148
4311 9262 13468
13468 4311 9262
9262 4311 13468
10937 5478 13889
13889 5478 10937
5478 10937 13889
341 1174 12333
