4091 2444 5485
2444 4091 5485
5485 2444 4091
4719 2593 8679
8679 2593 4719
2593 4719 8679
11644 440 5077
5077 440 11644
440 5077 11644
1354 6279 9008
6279 1354 9008
9008 1354 6279
4136 8003 9025
9025 4136 8003
8003 4136 9025
7409 7057 12260
12260 7057 7409
7057 7409 12260
10804 3731 8350
3731 8350 10804
8350 3731 10804
2282 12262 14715
12262 2282 14715
14715 2282 12262
10950 5287 8599
5287 8599 10950
8599 5287 10950
7298 147 11010
11010 147 7298
147 7298 11010
2833 6134 12724
12724 2833 6134
6134 2833 12724
11242 9235 10130
10130 9235 11242
9235 10130 11242
10481 8345 14678
8345 10481 14678
14678 8345 10481
2374 7030 13849
13849 2374 7030
7030 2374 13849
9253 4778 13194
4778 9253 13194
13194 4778 9253
5811 5191 12339
5191 5811 12339
12339 5191 5811
1781 8764 14921
8764 1781 14921
14921 1781 8764
14259 1520 5664
1520 5664 14259
5664 1520 14259
1568 6262 13591
6262 1568 13591
13591 1568 6262
11594 5514 7918
7918 5514 11594
5514 7918 11594
9693 6883 12980
6883 9693 12980
12980 6883 9693
11904 10458 13735
10458 11904 13735
13735 10458 11904
5738 4088 6603
6603 4088 5738
4088 5738 6603
11870 8466 14053
8466 11870 14053
14053 8466 11870
12871 3466 7398
3466 7398 12871
7398 3466 12871
855 9955 10546
10546 855 9955
9955 855 10546
9176 8319 8510
8510 8319 9176
8319 8510 9176
8785 3640 7006
3640 7006 8785
7006 3640 8785
3111 5722 6256
6256 3111 5722
5722 3111 6256
5388 939 14910
939 5388 14910
14910 939 5388
10966 2129 8225
2129 8225 10966
8225 2129 10966
12504 4753 6698
4753 6698 12504
6698 4753 12504
5785 1929 6687
1929 5785 6687
6687 1929 5785
9266 6359 11681
11681 6359 9266
6359 9266 11681
11493 11297 11844
11844 11297 11493
11297 11493 11844
11431 4729 11541
11541 4729 11431
4729 11431 11541
13917 811 1150
1150 811 13917
811 1150 13917
6005 3754 10707
10707 3754 6005
3754 6005 10707
3969 8858 13448
8858 3969 13448
13448 3969 8858
3465 7644 13681
13681 3465 7644
7644 3465 13681
3522 2974 7444
7444 2974 3522
2974 3522 7444
2216 1344 4337
1344 2216 4337
4337 1344 2216
10999 2105 4902
4902 2105 10999
2105 4902 10999
1175 14149 14339
14339 1175 14149
14149 1175 14339
5244 117 12250
12250 117 5244
117 5244 12250
890 2909 14604
14604 890 2909
2909 890 14604
4484 2723 14415
14415 2723 4484
2723 4484 14415
2169 8984 13544
8984 2169 13544
13544 2169 8984
2406 10003 12273
10003 2406 12273
12273 2406 10003
5456 3384 6125
3384 5456 6125
6125 3384 5456
12984 1701 9837
9837 1701 12984
1701 9837 12984
3989 369 5474
5474 369 3989
369 3989 5474
3478 624 5859
5859 624 3478
624 3478 5859
13147 7465 13620
7465 13147 13620
13620 7465 13147
11558 2504 5510
5510 2504 11558
2504 5510 11558
7469 3426 6965
3426 6965 7469
6965 3426 7469
910 1428 10937
10937 910 1428
1428 910 10937
12744 9892 11901
9892 11901 12744
11901 9892 12744
968 12171 13541
12171 968 13541
13541 968 12171
12626 6491 12296
12296 6491 12626
6491 12296 12626
10214 6054 13313
13313 6054 10214
6054 10214 13313
13707 3374 7673
7673 3374 13707
3374 7673 13707
1308 3547 12909
3547 1308 12909
12909 1308 3547
10894 951 10189
951 10189 10894
10189 951 10894
10503 7362 14986
7362 10503 14986
14986 7362 10503
14295 6864 7683
6864 7683 14295
7683 6864 14295
7161 3672 5973
3672 5973 7161
5973 3672 7161
2142 4079 6693
6693 2142 4079
4079 2142 6693
10777 7542 11022
7542 10777 11022
11022 7542 10777
5159 10124 14475
10124 5159 14475
14475 5159 10124
6425 5220 11641
5220 6425 11641
11641 5220 6425
3868 2383 6183
6183 2383 3868
2383 3868 6183
6776 11174 14699
14699 6776 11174
11174 6776 14699
8176 4776 9239
9239 4776 8176
4776 8176 9239
10971 6781 13103
13103 6781 10971
6781 10971 13103
12639 9861 10627
10627 9861 12639
9861 10627 12639
5961 868 13049
13049 868 5961
868 5961 13049
11902 7018 12593
7018 11902 12593
12593 7018 11902
4721 4762 7684
7684 4721 4762
4762 4721 7684
13654 10851 12721
12721 10851 13654
10851 12721 13654
6563 2162 3007
3007 2162 6563
2162 3007 6563
11982 9340 14924
14924 9340 11982
9340 11982 14924
3236 13676 14285
14285 3236 13676
13676 3236 14285
10362 2545 6733
2545 6733 10362
6733 2545 10362
11282 6645 12812
6645 11282 12812
12812 6645 11282
14486 2213 10181
2213 10181 14486
10181 2213 14486
13268 2017 12157
2017 12157 13268
12157 2017 13268
6436 7646 13033
13033 6436 7646
7646 6436 13033
9358 1505 10294
10294 1505 9358
1505 9358 10294
5756 74 826
74 826 5756
826 74 5756
14195 8625 14870
14870 8625 14195
8625 14195 14870
6987 1041 1255
1255 1041 6987
1041 1255 6987
7758 1657 7378
1657 7378 7758
7378 1657 7758
5328 2772 8742
8742 2772 5328
2772 5328 8742
381 4834 5228
4834 381 5228
5228 381 4834
975 1700 5919
1700 975 5919
5919 975 1700
13696 13133 13505
13505 13133 13696
13133 13505 13696
695 1560 3876
1560 695 3876
3876 695 1560
12287 3594 9924
3594 9924 12287
9924 3594 12287
2554 2293 8483
2293 2554 8483
8483 2293 2554
3239 2929 9703
2929 3239 9703
9703 2929 3239
9227 892 10830
892 9227 10830
10830 892 9227
9514 5112 5735
5735 5112 9514
5112 5735 9514
5516 2881 10863
2881 5516 10863
10863 2881 5516
14026 14181 14544
14181 14026 14544
14544 14026 14181
9626 724 11668
11668 724 9626
724 9626 11668
11323 5637 13495
13495 5637 11323
5637 11323 13495
14751 1911 3244
1911 3244 14751
3244 1911 14751
13799 5129 10792
10792 5129 13799
5129 10792 13799
12911 3 3599
3 3599 12911
3599 3 12911
4449 6019 12616
12616 4449 6019
6019 4449 12616
7532 2639 13015
13015 2639 7532
2639 7532 13015
14142 6969 12691
12691 6969 14142
6969 12691 14142
7129 2254 4012
2254 4012 7129
4012 2254 7129
573 1133 3273
3273 573 1133
1133 573 3273
2280 6982 7974
6982 2280 7974
7974 2280 6982
10502 479 14321
14321 479 10502
479 10502 14321
10282 7213 11781
11781 7213 10282
7213 10282 11781
660 1286 5700
5700 660 1286
1286 660 5700
10623 9491 12617
12617 9491 10623
9491 10623 12617
13232 9302 9344
9344 9302 13232
9302 9344 13232
2720 10524 12827
12827 2720 10524
10524 2720 12827
3851 750 11698
750 3851 11698
11698 750 3851
9671 680 10540
10540 680 9671
680 9671 10540
13936 7965 10876
7965 10876 13936
10876 7965 13936
1225 11552 14873
14873 1225 11552
11552 1225 14873
5149 588 2572
588 2572 5149
2572 588 5149
6006 2478 4875
2478 4875 6006
4875 2478 6006
5315 1985 10883
1985 5315 10883
10883 1985 5315
7663 5268 13508
5268 7663 13508
13508 5268 7663
9251 919 2288
2288 919 9251
919 2288 9251
13216 5176 8936
5176 8936 13216
8936 5176 13216
3417 2010 14268
2010 3417 14268
14268 2010 3417
1029 898 1557
1557 898 1029
898 1029 1557
6187 6798 6964
6964 6187 6798
6798 6187 6964
3091 9180 13004
9180 3091 13004
13004 3091 9180
12796 504 6673
6673 504 12796
504 6673 12796
7947 8366 10398
8366 7947 10398
10398 7947 8366
3591 2861 7137
7137 2861 3591
2861 3591 7137
4548 10459 13794
10459 4548 13794
13794 4548 10459
11320 12470 13574
12470 11320 13574
13574 11320 12470
1196 1422 2187
2187 1196 1422
1422 1196 2187
2427 2904 11331
2904 2427 11331
11331 2427 2904
6810 6355 11940
11940 6355 6810
6355 6810 11940
6515 883 5422
883 5422 6515
5422 883 6515
3303 8140 11646
8140 3303 11646
11646 3303 8140
7818 4958 13540
13540 4958 7818
4958 7818 13540
7091 8145 13367
8145 7091 13367
13367 7091 8145
12461 9092 11512
11512 9092 12461
9092 11512 12461
8862 1267 7583
7583 1267 8862
1267 7583 8862
1465 7072 14028
7072 1465 14028
14028 1465 7072
1746 347 3682
3682 347 1746
347 1746 3682
1414 8187 12387
8187 1414 12387
12387 1414 8187
6592 3958 5273
3958 5273 6592
5273 3958 6592
14520 8923 13346
13346 8923 14520
8923 13346 14520
12937 8247 9037
9037 8247 12937
8247 9037 12937
1751 334 10512
334 1751 10512
10512 334 1751
6385 4027 14376
4027 6385 14376
14376 4027 6385
13777 9552 11350
9552 11350 13777
11350 9552 13777
7866 8727 10477
8727 7866 10477
10477 7866 8727
1716 7939 8657
7939 1716 8657
8657 1716 7939
7315 6569 8949
8949 6569 7315
6569 7315 8949
14008 1158 4887
1158 4887 14008
4887 1158 14008
11273 5581 14300
5581 11273 14300
14300 5581 11273
7865 1582 11776
11776 1582 7865
1582 7865 11776
2220 9937 13110
13110 2220 9937
9937 2220 13110
2155 6784 13692
13692 2155 6784
6784 2155 13692
9756 3355 8154
3355 8154 9756
8154 3355 9756
8289 3240 10441
3240 8289 10441
10441 3240 8289
867 1762 13878
13878 867 1762
1762 867 13878
1931 5370 14860
14860 1931 5370
5370 1931 14860
5046 5797 9533
9533 5046 5797
5797 5046 9533
3513 2627 7950
2627 3513 7950
7950 2627 3513
11525 6203 9234
9234 6203 11525
6203 9234 11525
7016 2401 10532
10532 2401 7016
2401 7016 10532
5234 6850 13763
6850 5234 13763
13763 5234 6850
782 648 12587
12587 648 782
648 782 12587
5407 10177 10682
10177 5407 10682
10682 5407 10177
12076 12370 13381
13381 12076 12370
12370 12076 13381
3824 4559 6060
4559 3824 6060
6060 3824 4559
12723 7757 12578
7757 12578 12723
12578 7757 12723
14414 9984 11788
11788 9984 14414
9984 11788 14414
9653 572 3152
572 3152 9653
3152 572 9653
14886 163 14509
163 14509 14886
14509 163 14886
11480 10581 12343
12343 10581 11480
10581 11480 12343
9912 5251 8624
8624 5251 9912
5251 8624 9912
12130 1451 8261
1451 8261 12130
8261 1451 12130
5100 10729 14024
10729 5100 14024
14024 5100 10729
4084 11118 14568
14568 4084 11118
11118 4084 14568
13986 6091 9623
9623 6091 13986
6091 9623 13986
7162 3922 4368
4368 3922 7162
3922 4368 7162
4212 1237 2923
2923 1237 4212
1237 2923 4212
13832 3937 5886
3937 5886 13832
5886 3937 13832
5428 2855 7891
7891 2855 5428
2855 5428 7891
7537 4063 7226
7226 4063 7537
4063 7226 7537
4150 6213 14631
14631 4150 6213
6213 4150 14631
13081 3793 11550
3793 11550 13081
11550 3793 13081
13672 11857 14082
11857 13672 14082
14082 11857 13672
5289 2071 8273
2071 5289 8273
8273 2071 5289
1896 10783 13443
13443 1896 10783
10783 1896 13443
7842 2312 5993
2312 5993 7842
5993 2312 7842
3912 2095 3433
2095 3433 3912
3433 2095 3912
6166 4739 13396
4739 6166 13396
13396 4739 6166
9346 9801 11461
9801 9346 11461
11461 9346 9801
3328 4338 14347
14347 3328 4338
4338 3328 14347
1081 3202 11338
3202 1081 11338
11338 1081 3202
13357 9148 13437
9148 13357 13437
13437 9148 13357
6796 8045 12107
12107 6796 8045
8045 6796 12107
5910 6848 11929
6848 5910 11929
11929 5910 6848
14151 4640 14215
14215 4640 14151
4640 14151 14215
7037 1978 3125
1978 3125 7037
3125 1978 7037
14729 4439 9957
4439 9957 14729
9957 4439 14729
4547 470 10446
10446 470 4547
470 4547 10446
12346 2882 8865
2882 8865 12346
8865 2882 12346
2793 9314 14960
14960 2793 9314
9314 2793 14960
2884 10522 11849
10522 2884 11849
11849 2884 10522
14537 7300 8546
7300 8546 14537
8546 7300 14537
3151 3055 8686
8686 3055 3151
3055 3151 8686
3498 5076 10260
5076 3498 10260
10260 3498 5076
4864 2414 4581
4581 2414 4864
2414 4581 4864
3068 1739 4558
4558 1739 3068
1739 3068 4558
11240 6465 14186
6465 11240 14186
14186 6465 11240
12165 4068 7794
4068 7794 12165
7794 4068 12165
5413 5932 6582
5932 5413 6582
6582 5413 5932
9809 2525 2979
2979 2525 9809
2525 2979 9809
7498 1847 12695
1847 7498 12695
12695 1847 7498
11454 5779 11203
5779 11203 11454
11203 5779 11454
791 5099 9338
9338 791 5099
5099 791 9338
5089 1248 13018
1248 5089 13018
13018 1248 5089
2764 9226 12040
9226 2764 12040
12040 2764 9226
8653 6427 8967
6427 8653 8967
8967 6427 8653
11623 4497 7617
7617 4497 11623
4497 7617 11623
9014 7570 14288
14288 7570 9014
7570 9014 14288
11183 3648 11764
3648 11183 11764
11764 3648 11183
4938 12505 13218
13218 4938 12505
12505 4938 13218
11747 9556 10744
9556 10744 11747
10744 9556 11747
2178 4744 8944
4744 2178 8944
8944 2178 4744
2762 1059 8412
8412 1059 2762
1059 2762 8412
12809 6953 7523
7523 6953 12809
6953 7523 12809
13857 3261 10038
3261 10038 13857
10038 3261 13857
7356 8590 9072
9072 7356 8590
8590 7356 9072
14377 6680 11912
11912 6680 14377
6680 11912 14377
1242 8398 9279
9279 1242 8398
8398 1242 9279
6873 1274 3333
1274 3333 6873
3333 1274 6873
7706 2856 8488
2856 7706 8488
8488 2856 7706
6424 5075 9762
9762 5075 6424
5075 6424 9762
7013 1906 10025
1906 7013 10025
10025 1906 7013
5058 5547 11362
5547 5058 11362
11362 5058 5547
5410 481 11894
11894 481 5410
481 5410 11894
3545 4909 12096
4909 3545 12096
12096 3545 4909
6001 6915 11918
11918 6001 6915
6915 6001 11918
14312 11557 14777
14777 11557 14312
11557 14312 14777
8122 1116 2775
2775 1116 8122
1116 2775 8122
5759 2161 2441
2161 2441 5759
2441 2161 5759
3276 3100 5286
5286 3100 3276
3100 3276 5286
2541 9928 13922
13922 2541 9928
9928 2541 13922
8036 717 12342
12342 717 8036
717 8036 12342
7458 4317 11920
4317 7458 11920
11920 4317 7458
14990 5035 13214
5035 13214 14990
13214 5035 14990
2739 1679 9446
9446 1679 2739
1679 2739 9446
4656 4766 5206
4766 4656 5206
5206 4656 4766
12832 13600 14724
14724 12832 13600
13600 12832 14724
11854 5446 14147
14147 5446 11854
5446 11854 14147
3525 6270 12305
6270 3525 12305
12305 3525 6270
5272 5336 9040
9040 5272 5336
5336 5272 9040
4059 10289 12794
10289 4059 12794
12794 4059 10289
374 1115 9100
1115 374 9100
9100 374 1115
819 9422 10111
10111 819 9422
9422 819 10111
3474 3066 8884
8884 3066 3474
3066 3474 8884
11705 10753 12882
12882 10753 11705
10753 11705 12882
3722 5861 7367
7367 3722 5861
5861 3722 7367
2404 8361 11856
8361 2404 11856
11856 2404 8361
5629 4797 8985
4797 5629 8985
8985 4797 5629
4301 2586 7073
7073 2586 4301
2586 4301 7073
12404 11110 13734
11110 12404 13734
13734 11110 12404
1842 11853 11877
11877 1842 11853
11853 1842 11877
5522 10493 11532
11532 5522 10493
10493 5522 11532
10287 4377 13061
4377 10287 13061
13061 4377 10287
6271 10545 11086
10545 6271 11086
11086 6271 10545
11188 8266 10856
10856 8266 11188
8266 10856 11188
12863 4256 8252
4256 8252 12863
8252 4256 12863
1471 656 11693
11693 656 1471
656 1471 11693
7295 4665 14311
4665 7295 14311
14311 4665 7295
13663 7952 10164
7952 10164 13663
10164 7952 13663
1102 4116 10098
10098 1102 4116
4116 1102 10098
2405 5350 10347
5350 2405 10347
10347 2405 5350
2508 12081 14579
14579 2508 12081
12081 2508 14579
14685 956 12915
12915 956 14685
956 12915 14685
10486 7567 10159
7567 10159 10486
10159 7567 10486
8665 10478 11435
11435 8665 10478
10478 8665 11435
592 9206 12946
12946 592 9206
9206 592 12946
7645 6246 9454
6246 7645 9454
9454 6246 7645
6760 3454 10701
3454 6760 10701
10701 3454 6760
9512 4622 14220
14220 4622 9512
4622 9512 14220
2351 1590 5494
1590 2351 5494
5494 1590 2351
3354 2045 2867
2867 2045 3354
2045 2867 3354
2418 13781 13961
13961 2418 13781
13781 2418 13961
6583 13743 14335
14335 6583 13743
13743 6583 14335
4173 4203 12254
4203 4173 12254
12254 4173 4203
5511 3962 6881
3962 5511 6881
6881 3962 5511
4714 3549 4470
4470 3549 4714
3549 4470 4714
628 5527 13279
13279 628 5527
5527 628 13279
647 10167 12194
10167 647 12194
12194 647 10167
965 1141 11977
11977 965 1141
1141 965 11977
10089 9024 12093
9024 10089 12093
12093 9024 10089
2384 10405 14023
10405 2384 14023
14023 2384 10405
11645 5167 11755
5167 11645 11755
11755 5167 11645
14840 12022 13549
13549 12022 14840
12022 13549 14840
12259 700 10026
10026 700 12259
700 10026 12259
6842 4835 10341
10341 4835 6842
4835 6842 10341
9461 1043 9566
1043 9461 9566
9566 1043 9461
9885 8251 14470
14470 8251 9885
8251 9885 14470
7471 4814 14979
4814 7471 14979
14979 4814 7471
9365 10841 13783
10841 9365 13783
13783 9365 10841
5829 6492 12647
12647 5829 6492
6492 5829 12647
7405 2591 13825
13825 2591 7405
2591 7405 13825
9095 5666 13906
13906 5666 9095
5666 9095 13906
5148 5914 6718
6718 5148 5914
5914 5148 6718
12755 2658 10500
10500 2658 12755
2658 10500 12755
9527 10530 13840
10530 9527 13840
13840 9527 10530
13711 730 11321
11321 730 13711
730 11321 13711
6786 581 11355
11355 581 6786
581 6786 11355
3691 387 9282
387 3691 9282
9282 387 3691
7735 4843 11843
11843 4843 7735
4843 7735 11843
7998 915 11530
11530 915 7998
915 7998 11530
9540 1143 10646
1143 9540 10646
10646 1143 9540
4264 11667 11841
11667 4264 11841
11841 4264 11667
6442 6161 14991
6161 6442 14991
14991 6161 6442
9252 5321 14612
14612 5321 9252
5321 9252 14612
5674 2549 7075
2549 5674 7075
7075 2549 5674
14573 6699 10864
6699 10864 14573
10864 6699 14573
13185 12520 13770
13770 12520 13185
12520 13185 13770
11411 43 2789
2789 43 11411
43 2789 11411
10023 3444 8030
3444 8030 10023
8030 3444 10023
14032 9709 11826
9709 11826 14032
11826 9709 14032
9348 784 14454
784 9348 14454
14454 784 9348
8539 12213 14239
12213 8539 14239
14239 8539 12213
5465 9156 10597
10597 5465 9156
9156 5465 10597
4861 4646 5732
4646 4861 5732
5732 4646 4861
6904 7977 12623
7977 6904 12623
12623 6904 7977
14865 853 2700
853 2700 14865
2700 853 14865
13535 5189 6958
5189 6958 13535
6958 5189 13535
2160 4904 7677
4904 2160 7677
7677 2160 4904
502 3972 5870
3972 502 5870
5870 502 3972
2518 8161 14034
8161 2518 14034
14034 2518 8161
12678 8087 11231
8087 11231 12678
11231 8087 12678
9963 455 13691
13691 455 9963
455 9963 13691
4556 728 14936
14936 728 4556
728 4556 14936
6149 8977 11688
11688 6149 8977
8977 6149 11688
1830 3534 8525
3534 1830 8525
8525 1830 3534
8606 4385 6344
4385 6344 8606
6344 4385 8606
4807 11574 13517
13517 4807 11574
11574 4807 13517
739 1184 7900
1184 739 7900
7900 739 1184
1508 4954 5190
5190 1508 4954
4954 1508 5190
14746 10624 11097
10624 11097 14746
11097 10624 14746
4288 4635 11145
4635 4288 11145
11145 4288 4635
13124 11262 14965
11262 13124 14965
14965 11262 13124
7961 1299 6730
6730 1299 7961
1299 6730 7961
9313 2922 4106
2922 4106 9313
4106 2922 9313
14776 954 9945
954 9945 14776
9945 954 14776
14663 2821 11230
2821 11230 14663
11230 2821 14663
7872 55 4223
4223 55 7872
55 4223 7872
467 4601 5717
4601 467 5717
5717 467 4601
1082 1547 7142
7142 1082 1547
1547 1082 7142
2241 4705 5198
5198 2241 4705
4705 2241 5198
5570 458 8981
458 5570 8981
8981 458 5570
7044 1683 11540
11540 1683 7044
1683 7044 11540
7261 1811 12851
1811 7261 12851
12851 1811 7261
2857 5839 7264
5839 2857 7264
7264 2857 5839
9657 1404 9938
9938 1404 9657
1404 9657 9938
12569 3456 14245
3456 12569 14245
14245 3456 12569
12828 2571 5903
2571 5903 12828
5903 2571 12828
12326 4453 6455
4453 6455 12326
6455 4453 12326
12399 1556 4409
4409 1556 12399
1556 4409 12399
6244 2921 4049
2921 4049 6244
4049 2921 6244
12456 4074 9718
4074 9718 12456
9718 4074 12456
3221 5071 6911
6911 3221 5071
5071 3221 6911
10679 1021 12560
1021 10679 12560
12560 1021 10679
7790 492 5255
492 5255 7790
5255 492 7790
9451 3174 8931
3174 8931 9451
8931 3174 9451
8925 1605 13284
13284 1605 8925
1605 8925 13284
8281 2350 13876
13876 2350 8281
2350 8281 13876
12579 783 3375
3375 783 12579
783 3375 12579
9396 3970 4018
3970 4018 9396
4018 3970 9396
13774 187 6811
6811 187 13774
187 6811 13774
5867 3331 6477
6477 3331 5867
3331 5867 6477
6646 2176 8907
8907 2176 6646
2176 6646 8907
9126 1912 5247
1912 5247 9126
5247 1912 9126
13444 1646 4555
4555 1646 13444
1646 4555 13444
8025 4947 7701
4947 7701 8025
7701 4947 8025
6851 8182 12455
8182 6851 12455
12455 6851 8182
11378 2062 5196
2062 5196 11378
5196 2062 11378
14184 5936 14387
14387 5936 14184
5936 14184 14387
4759 2061 4533
2061 4533 4759
4533 2061 4759
4985 6216 8381
8381 4985 6216
6216 4985 8381
9987 2262 7579
2262 7579 9987
7579 2262 9987
10548 7406 12549
7406 10548 12549
12549 7406 10548
8017 1498 2550
2550 1498 8017
1498 2550 8017
4504 3567 10352
10352 3567 4504
3567 4504 10352
6458 3076 7294
7294 3076 6458
3076 6458 7294
13498 7119 10902
7119 10902 13498
10902 7119 13498
580 98 5009
5009 98 580
98 580 5009
3067 2146 3019
2146 3019 3067
3019 2146 3067
5309 7851 8724
8724 5309 7851
7851 5309 8724
3290 3645 5926
3645 3290 5926
5926 3290 3645
304 8784 9028
8784 304 9028
9028 304 8784
9650 2967 11852
2967 9650 11852
11852 2967 9650
11379 4675 7268
7268 4675 11379
4675 7268 11379
14582 1020 5923
5923 1020 14582
1020 5923 14582
3002 6758 7473
7473 3002 6758
6758 3002 7473
5484 8659 13559
8659 5484 13559
13559 5484 8659
8906 2880 6260
2880 6260 8906
6260 2880 8906
6697 4783 11880
11880 4783 6697
4783 6697 11880
343 3455 10757
10757 343 3455
3455 343 10757
12956 5032 14679
14679 5032 12956
5032 12956 14679
106 6275 8544
6275 106 8544
8544 106 6275
11624 134 10492
10492 134 11624
134 10492 11624
3566 6106 10865
6106 3566 10865
10865 3566 6106
4414 2138 10588
2138 4414 10588
10588 2138 4414
12428 14552 14717
14552 12428 14717
14717 12428 14552
12519 12497 12867
12867 12497 12519
12497 12519 12867
3875 1036 2301
1036 2301 3875
2301 1036 3875
1628 10048 11499
10048 1628 11499
11499 1628 10048
4607 3470 14864
14864 3470 4607
3470 4607 14864
8523 4262 8587
8587 4262 8523
4262 8523 8587
2940 11249 12027
11249 2940 12027
12027 2940 11249
1005 4866 13287
4866 1005 13287
13287 1005 4866
13644 1661 10803
10803 1661 13644
1661 10803 13644
1791 6921 12717
12717 1791 6921
6921 1791 12717
830 6365 10916
10916 830 6365
6365 830 10916
12756 6293 13127
6293 12756 13127
13127 6293 12756
3629 8362 12127
12127 3629 8362
8362 3629 12127
10315 7823 10665
7823 10315 10665
10665 7823 10315
11128 795 2333
2333 795 11128
795 2333 11128
6036 135 3924
3924 135 6036
135 3924 6036
10652 10237 12344
10237 10652 12344
12344 10237 10652
8972 1350 14140
14140 1350 8972
1350 8972 14140
14706 3482 3927
3927 3482 14706
3482 3927 14706
2499 3338 8934
3338 2499 8934
8934 2499 3338
10139 5014 10163
10163 5014 10139
5014 10139 10163
12661 9875 10270
9875 10270 12661
10270 9875 12661
7334 1989 12371
1989 7334 12371
12371 1989 7334
13511 104 12914
104 12914 13511
12914 104 13511
14950 9743 11988
9743 11988 14950
11988 9743 14950
7958 9106 14744
14744 7958 9106
9106 7958 14744
11807 4723 14021
14021 4723 11807
4723 11807 14021
11477 5094 11934
11934 5094 11477
5094 11477 11934
11047 8669 10054
8669 10054 11047
10054 8669 11047
1431 4222 11816
11816 1431 4222
4222 1431 11816
12340 7205 10305
10305 7205 12340
7205 10305 12340
11138 11539 11725
11725 11138 11539
11539 11138 11725
7349 7109 11911
11911 7109 7349
7109 7349 11911
5526 2493 4731
2493 4731 5526
4731 2493 5526
869 8242 14341
14341 869 8242
8242 869 14341
14206 5875 6055
5875 6055 14206
6055 5875 14206
11112 495 2086
495 2086 11112
2086 495 11112
12432 788 12046
12046 788 12432
788 12046 12432
184 3190 4906
3190 184 4906
4906 184 3190
2596 3521 4628
4628 2596 3521
3521 2596 4628
5403 12396 14555
14555 5403 12396
12396 5403 14555
10607 7150 13740
7150 10607 13740
13740 7150 10607
8584 7325 10264
7325 8584 10264
10264 7325 8584
12510 1221 9942
1221 9942 12510
9942 1221 12510
325 4506 10033
4506 325 10033
10033 325 4506
14640 6721 14455
14455 6721 14640
6721 14455 14640
14754 2153 2386
2386 2153 14754
2153 2386 14754
1983 3282 9258
9258 1983 3282
3282 1983 9258
2381 6608 12289
6608 2381 12289
12289 2381 6608
2637 14445 14743
14743 2637 14445
14445 2637 14743
252 172 3046
3046 172 252
172 252 3046
12472 7616 9155
7616 9155 12472
9155 7616 12472
13980 8334 9175
9175 8334 13980
8334 9175 13980
5153 7020 8809
7020 5153 8809
8809 5153 7020
1718 100 7921
7921 100 1718
100 1718 7921
14386 2244 10374
10374 2244 14386
2244 10374 14386
2057 3220 9591
9591 2057 3220
3220 2057 9591
2553 4882 14861
14861 2553 4882
4882 2553 14861
12216 452 12214
12214 452 12216
452 12214 12216
10504 6264 10838
10838 6264 10504
6264 10504 10838
12468 979 13206
13206 979 12468
979 12468 13206
5123 6994 12253
12253 5123 6994
6994 5123 12253
8166 10242 13706
10242 8166 13706
13706 8166 10242
11687 3908 4245
3908 4245 11687
4245 3908 11687
7550 4071 13801
4071 7550 13801
13801 4071 7550
5119 6457 6931
6457 5119 6931
6931 5119 6457
10160 8308 11178
11178 8308 10160
8308 10160 11178
1159 6995 8267
6995 1159 8267
8267 1159 6995
7449 2986 3860
3860 2986 7449
2986 3860 7449
414 1487 6047
6047 414 1487
1487 414 6047
6567 6750 7936
6750 6567 7936
7936 6567 6750
3492 6099 7329
7329 3492 6099
6099 3492 7329
8013 7564 13410
7564 8013 13410
13410 7564 8013
2159 2717 14731
2717 2159 14731
14731 2159 2717
156 5387 7103
5387 156 7103
7103 156 5387
1642 2786 4367
2786 1642 4367
4367 1642 2786
6374 6853 14999
6853 6374 14999
14999 6374 6853
10957 1039 7396
7396 1039 10957
1039 7396 10957
4462 10737 11102
10737 4462 11102
11102 4462 10737
54 2901 3058
2901 54 3058
3058 54 2901
8755 2050 6010
2050 6010 8755
6010 2050 8755
9639 2200 7666
2200 7666 9639
7666 2200 9639
1224 1633 11269
1633 1224 11269
11269 1224 1633
555 5371 13998
13998 555 5371
5371 555 13998
6549 10497 12712
12712 6549 10497
10497 6549 12712
688 10621 10670
10621 688 10670
10670 688 10621
5048 1925 3603
3603 1925 5048
1925 3603 5048
13599 2211 12457
12457 2211 13599
2211 12457 13599
14260 53 11182
53 11182 14260
11182 53 14260
10040 4430 8973
8973 4430 10040
4430 8973 10040
9932 11360 12264
11360 9932 12264
12264 9932 11360
12733 1649 7597
7597 1649 12733
1649 7597 12733
10145 8436 10690
10690 8436 10145
8436 10145 10690
9835 776 2286
776 2286 9835
2286 776 9835
13446 34 1253
1253 34 13446
34 1253 13446
14222 266 11712
266 11712 14222
11712 266 14222
12529 9121 13401
9121 12529 13401
13401 9121 12529
6895 2048 3094
3094 2048 6895
2048 3094 6895
292 958 8112
958 292 8112
8112 292 958
2049 7593 11181
7593 2049 11181
11181 2049 7593
355 3769 14307
3769 355 14307
14307 355 3769
10078 6015 12644
12644 6015 10078
6015 10078 12644
9 5369 6104
5369 9 6104
6104 9 5369
4993 3362 11805
11805 3362 4993
3362 4993 11805
14546 6541 12402
12402 6541 14546
6541 12402 14546
14365 261 10113
10113 261 14365
261 10113 14365
14046 1630 12998
1630 12998 14046
12998 1630 14046
11075 3529 9466
9466 3529 11075
3529 9466 11075
11335 970 10134
10134 970 11335
970 10134 11335
13771 3440 9167
3440 9167 13771
9167 3440 13771
11962 441 13861
441 11962 13861
13861 441 11962
12401 6476 10510
6476 10510 12401
10510 6476 12401
1764 785 6321
6321 785 1764
785 1764 6321
12415 7179 11449
7179 11449 12415
11449 7179 12415
9656 9814 10537
10537 9656 9814
9814 9656 10537
3157 40 11839
11839 40 3157
40 3157 11839
4889 5382 5452
5382 4889 5452
5452 4889 5382
14703 5562 8001
8001 5562 14703
5562 8001 14703
5827 5704 7138
5704 5827 7138
7138 5704 5827
11678 1608 10309
1608 10309 11678
10309 1608 11678
1294 14102 14645
14102 1294 14645
14645 1294 14102
10221 11897 14267
14267 10221 11897
11897 10221 14267
7152 4382 5896
5896 4382 7152
4382 5896 7152
3308 2551 7859
7859 2551 3308
2551 3308 7859
4658 61 10032
10032 61 4658
61 4658 10032
6840 2269 5068
5068 2269 6840
2269 5068 6840
3198 8759 11684
11684 3198 8759
8759 3198 11684
9447 10593 12071
10593 9447 12071
12071 9447 10593
10161 7930 11090
11090 7930 10161
7930 10161 11090
8248 406 8668
406 8248 8668
8668 406 8248
3494 6118 9838
9838 3494 6118
6118 3494 9838
833 3217 3718
3217 833 3718
3718 833 3217
668 457 2628
457 668 2628
2628 457 668
7256 5339 10989
10989 5339 7256
5339 7256 10989
3613 6535 12047
6535 3613 12047
12047 3613 6535
7957 10818 14374
10818 7957 14374
14374 7957 10818
9010 7023 9968
9968 7023 9010
7023 9010 9968
14625 8227 9113
8227 9113 14625
9113 8227 14625
14309 2925 7803
2925 7803 14309
7803 2925 14309
9052 4082 14236
14236 4082 9052
4082 9052 14236
9745 9211 12115
12115 9211 9745
9211 9745 12115
9664 1923 6345
1923 6345 9664
6345 1923 9664
2238 11284 12068
12068 2238 11284
11284 2238 12068
4896 2796 5778
2796 4896 5778
5778 2796 4896
8604 8994 13227
13227 8604 8994
8994 8604 13227
13096 4511 4789
4511 4789 13096
4789 4511 13096
8966 2680 7328
7328 2680 8966
2680 7328 8966
9409 448 9641
9641 448 9409
448 9409 9641
1183 4891 10217
10217 1183 4891
4891 1183 10217
14039 6587 13209
13209 6587 14039
6587 13209 14039
5034 3552 9760
3552 5034 9760
9760 3552 5034
14170 10666 13069
10666 13069 14170
13069 10666 14170
8465 303 14996
303 8465 14996
14996 303 8465
866 2342 14877
2342 866 14877
14877 866 2342
14689 1580 5871
5871 1580 14689
1580 5871 14689
2818 5987 7262
7262 2818 5987
5987 2818 7262
7810 864 3070
3070 864 7810
864 3070 7810
5236 7854 8159
8159 5236 7854
7854 5236 8159
13738 8704 9694
9694 8704 13738
8704 9694 13738
8555 13995 14775
14775 8555 13995
13995 8555 14775
10238 1793 7805
7805 1793 10238
1793 7805 10238
2205 2023 8703
8703 2023 2205
2023 2205 8703
3775 6683 9859
6683 3775 9859
9859 3775 6683
12405 6448 14007
14007 6448 12405
6448 12405 14007
6952 2875 9364
9364 2875 6952
2875 6952 9364
9411 917 11932
917 9411 11932
11932 917 9411
1099 5424 12491
12491 1099 5424
5424 1099 12491
14490 8094 11798
8094 11798 14490
11798 8094 14490
11080 2685 2933
2933 2685 11080
2685 2933 11080
1685 256 11876
256 1685 11876
11876 256 1685
4207 2259 8382
2259 4207 8382
8382 2259 4207
10774 2121 7715
7715 2121 10774
2121 7715 10774
2335 1062 2422
2422 1062 2335
1062 2335 2422
12523 9407 12570
9407 12523 12570
12570 9407 12523
10516 494 6174
494 6174 10516
6174 494 10516
10630 8031 14938
14938 8031 10630
8031 10630 14938
5298 5954 6938
6938 5298 5954
5954 5298 6938
4039 2008 6389
6389 2008 4039
2008 4039 6389
468 1002 9044
1002 468 9044
9044 468 1002
14177 7519 10396
10396 7519 14177
7519 10396 14177
2568 4610 8262
8262 2568 4610
4610 2568 8262
9846 5438 13651
5438 9846 13651
13651 5438 9846
6829 1996 5950
1996 5950 6829
5950 1996 6829
923 3033 13729
13729 923 3033
3033 923 13729
11789 8778 12239
12239 8778 11789
8778 11789 12239
5211 7788 8196
8196 5211 7788
7788 5211 8196
2694 11891 14711
14711 2694 11891
11891 2694 14711
3314 1172 1654
1172 1654 3314
1654 1172 3314
13143 10576 10873
10873 10576 13143
10576 10873 13143
7809 11071 13661
11071 7809 13661
13661 7809 11071
12972 3215 6324
3215 6324 12972
6324 3215 12972
81 8131 9475
8131 81 9475
9475 81 8131
11719 4989 9748
9748 4989 11719
4989 9748 11719
3711 128 4816
128 3711 4816
4816 128 3711
13627 9541 10452
10452 9541 13627
9541 10452 13627
2794 836 9711
9711 836 2794
836 2794 9711
2104 1641 10647
10647 1641 2104
1641 2104 10647
3735 769 12429
12429 769 3735
769 3735 12429
3227 2073 5172
2073 3227 5172
5172 2073 3227
12917 94 12792
12792 94 12917
94 12792 12917
13223 5459 14927
5459 13223 14927
14927 5459 13223
9614 3490 4572
4572 3490 9614
3490 4572 9614
2813 13940 14788
13940 2813 14788
14788 2813 13940
13649 8390 11161
8390 11161 13649
11161 8390 13649
4175 3660 6838
3660 4175 6838
6838 3660 4175
10797 1220 14995
14995 1220 10797
1220 10797 14995
5441 12602 14045
12602 5441 14045
14045 5441 12602
7115 322 14945
14945 322 7115
322 7115 14945
484 4637 14505
4637 484 14505
14505 484 4637
8407 8111 11845
8111 8407 11845
11845 8111 8407
7502 7126 11363
11363 7126 7502
7126 7502 11363
13029 6115 12391
6115 12391 13029
12391 6115 13029
6308 8750 11101
8750 6308 11101
11101 6308 8750
8802 6263 6392
6392 6263 8802
6263 6392 8802
12060 14540 14911
14911 12060 14540
14540 12060 14911
4353 4737 5141
4737 4353 5141
5141 4353 4737
1952 4166 5416
4166 1952 5416
5416 1952 4166
10235 8877 8953
8877 8953 10235
8953 8877 10235
12180 14137 14593
14137 12180 14593
14593 12180 14137
13140 2137 5699
5699 2137 13140
2137 5699 13140
9033 4128 7862
4128 7862 9033
7862 4128 9033
6584 1398 9778
9778 1398 6584
1398 6584 9778
1290 1395 14059
14059 1290 1395
1395 1290 14059
4650 9599 14384
14384 4650 9599
9599 4650 14384
10190 3252 14025
14025 3252 10190
3252 10190 14025
9637 2714 9428
9428 2714 9637
2714 9428 9637
12206 920 1092
1092 920 12206
920 1092 12206
4363 3123 5180
3123 4363 5180
5180 3123 4363
6735 12041 12596
12041 6735 12596
12596 6735 12041
4163 4942 14791
14791 4163 4942
4942 4163 14791
808 2683 5776
5776 808 2683
2683 808 5776
5133 2272 6595
6595 2272 5133
2272 5133 6595
49 5464 7906
5464 49 7906
7906 49 5464
13066 6546 14917
14917 6546 13066
6546 13066 14917
2602 4403 6342
4403 2602 6342
6342 2602 4403
10808 3439 8444
8444 3439 10808
3439 8444 10808
3863 693 13775
693 3863 13775
13775 693 3863
8578 1763 11703
1763 8578 11703
11703 1763 8578
9817 5603 14071
14071 5603 9817
5603 9817 14071
4032 794 2800
2800 794 4032
794 2800 4032
1275 2463 11887
11887 1275 2463
2463 1275 11887
9018 3461 9677
3461 9018 9677
9677 3461 9018
13259 7421 7606
7606 7421 13259
7421 7606 13259
11769 1897 6232
6232 1897 11769
1897 6232 11769
6180 7445 13226
7445 6180 13226
13226 6180 7445
3401 6496 10361
10361 3401 6496
6496 3401 10361
12541 6332 14737
6332 12541 14737
14737 6332 12541
11637 8739 10959
8739 10959 11637
10959 8739 11637
6461 10882 13370
13370 6461 10882
10882 6461 13370
12400 949 11093
949 11093 12400
11093 949 12400
8552 547 8830
8830 547 8552
547 8552 8830
6552 792 4458
792 4458 6552
4458 792 6552
2013 7187 14617
7187 2013 14617
14617 2013 7187
6799 1251 6310
1251 6310 6799
6310 1251 6799
13134 4784 5918
4784 5918 13134
5918 4784 13134
7466 166 6283
6283 166 7466
166 6283 7466
10703 3815 13116
3815 10703 13116
13116 3815 10703
3772 4710 13452
13452 3772 4710
4710 3772 13452
2047 3251 13468
3251 2047 13468
13468 2047 3251
8717 9471 9933
9933 8717 9471
9471 8717 9933
14704 12364 13484
12364 13484 14704
13484 12364 14704
4268 2040 11937
2040 4268 11937
11937 2040 4268
2224 2445 4700
2445 2224 4700
4700 2224 2445
12489 168 9162
9162 168 12489
168 9162 12489
404 3086 10186
3086 404 10186
10186 404 3086
1369 4991 7211
4991 1369 7211
7211 1369 4991
1666 12190 12615
12615 1666 12190
12190 1666 12615
10675 6400 12804
6400 10675 12804
12804 6400 10675
2063 4094 12208
12208 2063 4094
4094 2063 12208
4242 4248 9750
4248 4242 9750
9750 4242 4248
8270 12146 13180
13180 8270 12146
12146 8270 13180
562 7920 11758
11758 562 7920
7920 562 11758
3460 994 1480
994 1480 3460
1480 994 3460
8428 5302 6197
5302 6197 8428
6197 5302 8428
10116 3438 14467
14467 3438 10116
3438 10116 14467
11046 13122 14700
13122 11046 14700
14700 11046 13122
14526 5965 12865
5965 12865 14526
12865 5965 14526
6947 7927 13757
13757 6947 7927
7927 6947 13757
339 451 12473
451 339 12473
12473 339 451
1703 6833 8990
6833 1703 8990
8990 1703 6833
7354 859 14000
14000 859 7354
859 7354 14000
6482 2055 10043
10043 2055 6482
2055 6482 10043
3540 914 4017
914 3540 4017
4017 914 3540
3971 4645 10861
10861 3971 4645
4645 3971 10861
7401 9378 13149
13149 7401 9378
9378 7401 13149
9508 5754 8479
8479 5754 9508
5754 8479 9508
14361 1962 8628
1962 8628 14361
8628 1962 14361
14152 3801 14976
14976 3801 14152
3801 14152 14976
8639 2096 12893
12893 2096 8639
2096 8639 12893
7323 179 4988
179 4988 7323
4988 179 7323
9503 11028 11357
11028 9503 11357
11357 9503 11028
8557 3945 11352
3945 8557 11352
11352 3945 8557
6809 3696 14353
3696 6809 14353
14353 3696 6809
926 5357 12846
12846 926 5357
5357 926 12846
9287 124 13819
124 9287 13819
13819 124 9287
10136 5721 8682
5721 8682 10136
8682 5721 10136
1120 6899 13515
6899 1120 13515
13515 1120 6899
10391 552 12773
12773 552 10391
552 10391 12773
7705 10719 13099
13099 7705 10719
10719 7705 13099
9862 3001 11858
3001 9862 11858
11858 3001 9862
6800 7739 11715
11715 6800 7739
7739 6800 11715
1413 10704 14247
10704 1413 14247
14247 1413 10704
13473 14765 14851
14851 13473 14765
14765 13473 14851
2424 8757 9635
8757 2424 9635
9635 2424 8757
4179 4848 8502
8502 4179 4848
4848 4179 8502
4591 12178 13984
12178 4591 13984
13984 4591 12178
472 1064 6974
1064 472 6974
6974 472 1064
1707 1541 3045
1541 1707 3045
3045 1541 1707
10293 5059 13671
5059 10293 13671
13671 5059 10293
1339 4249 6097
6097 1339 4249
4249 1339 6097
7265 9248 12591
12591 7265 9248
9248 7265 12591
1883 8536 8783
8536 1883 8783
8783 1883 8536
3283 662 955
662 955 3283
955 662 3283
3600 8046 9327
9327 3600 8046
8046 3600 9327
4342 5693 8623
8623 4342 5693
5693 4342 8623
7408 10821 11947
11947 7408 10821
10821 7408 11947
4111 1358 13135
1358 4111 13135
13135 1358 4111
13789 5310 10529
10529 5310 13789
5310 10529 13789
5668 8305 10575
10575 5668 8305
8305 5668 10575
735 6510 12030
12030 735 6510
6510 735 12030
9632 4699 5824
5824 4699 9632
4699 5824 9632
12052 4422 13016
13016 4422 12052
4422 12052 13016
13090 2081 6059
6059 2081 13090
2081 6059 13090
9426 3147 8805
8805 3147 9426
3147 8805 9426
10563 6299 11642
11642 6299 10563
6299 10563 11642
5296 613 2559
2559 613 5296
613 2559 5296
2054 1846 11491
11491 1846 2054
1846 2054 11491
5210 2872 4404
2872 4404 5210
4404 2872 5210
9679 7988 10018
7988 9679 10018
10018 7988 9679
13465 10942 12666
12666 10942 13465
10942 12666 13465
8155 9737 14609
9737 8155 14609
14609 8155 9737
9108 7969 13353
13353 7969 9108
7969 9108 13353
10050 1282 11549
1282 10050 11549
11549 1282 10050
1346 5788 5794
5794 1346 5788
5788 1346 5794
10674 247 9326
9326 247 10674
247 9326 10674
1874 138 10491
10491 138 1874
138 1874 10491
8840 3469 11287
11287 3469 8840
3469 8840 11287
10817 1689 2660
2660 1689 10817
1689 2660 10817
3410 8085 10901
10901 3410 8085
8085 3410 10901
14006 2001 8649
8649 2001 14006
2001 8649 14006
9654 2776 6155
2776 6155 9654
6155 2776 9654
2031 9691 11099
9691 2031 11099
11099 2031 9691
9615 6250 9402
6250 9402 9615
9402 6250 9615
5415 5366 11627
11627 5366 5415
5366 5415 11627
11464 4380 13677
4380 11464 13677
13677 4380 11464
13238 3449 10713
10713 3449 13238
3449 10713 13238
11313 1601 6269
1601 6269 11313
6269 1601 11313
7674 6762 10853
10853 6762 7674
6762 7674 10853
12367 8029 12859
12859 8029 12367
8029 12367 12859
12793 5821 14912
5821 12793 14912
14912 5821 12793
6431 223 6248
223 6248 6431
6248 223 6431
9744 6143 14577
14577 6143 9744
6143 9744 14577
600 11081 11399
11081 600 11399
11399 600 11081
12701 6713 8777
6713 8777 12701
8777 6713 12701
10881 7697 14963
14963 7697 10881
7697 10881 14963
10051 13264 13589
13264 10051 13589
13589 10051 13264
12726 2273 7829
2273 7829 12726
7829 2273 12726
9698 3387 6597
6597 3387 9698
3387 6597 9698
12730 709 10480
10480 709 12730
709 10480 12730
2485 265 4670
4670 265 2485
265 2485 4670
11229 2103 11144
2103 11144 11229
11144 2103 11229
13039 289 14201
14201 289 13039
289 13039 14201
14881 756 10982
756 10982 14881
10982 756 14881
13458 335 1392
335 1392 13458
1392 335 13458
14132 2580 13982
2580 13982 14132
13982 2580 14132
3143 6706 14937
14937 3143 6706
6706 3143 14937
7443 2898 13117
13117 2898 7443
2898 7443 13117
10694 5913 8357
8357 5913 10694
5913 8357 10694
11285 13548 14673
14673 11285 13548
13548 11285 14673
13659 2322 9214
2322 9214 13659
9214 2322 13659
6504 1501 5723
5723 1501 6504
1501 5723 6504
79 1008 14273
14273 79 1008
1008 79 14273
9476 5706 6505
6505 5706 9476
5706 6505 9476
7878 3623 5524
5524 3623 7878
3623 5524 7878
11676 8295 14209
14209 8295 11676
8295 11676 14209
10606 2827 11608
2827 10606 11608
11608 2827 10606
9006 9464 11076
11076 9006 9464
9464 9006 11076
2617 7470 9706
9706 2617 7470
7470 2617 9706
11031 4013 9935
9935 4013 11031
4013 9935 11031
10938 3043 3630
3630 3043 10938
3043 3630 10938
1613 8148 14863
8148 1613 14863
14863 1613 8148
2952 11723 13662
13662 2952 11723
11723 2952 13662
9385 4284 10102
4284 9385 10102
10102 4284 9385
5420 5559 5802
5559 5420 5802
5802 5420 5559
2352 9195 13579
13579 2352 9195
9195 2352 13579
1123 167 7257
167 1123 7257
7257 167 1123
14638 2385 12057
2385 12057 14638
12057 2385 14638
14200 1827 8834
1827 8834 14200
8834 1827 14200
10365 2924 14654
14654 2924 10365
2924 10365 14654
8096 5882 11803
11803 5882 8096
5882 8096 11803
14655 1958 12672
12672 1958 14655
1958 12672 14655
14833 738 5729
5729 738 14833
738 5729 14833
4939 5291 9786
9786 4939 5291
5291 4939 9786
9487 6565 10810
6565 9487 10810
10810 6565 9487
2217 123 6318
6318 123 2217
123 2217 6318
327 7236 14702
7236 327 14702
14702 327 7236
13382 2 5544
2 5544 13382
5544 2 13382
605 51 7603
7603 51 605
51 605 7603
11482 2615 5174
2615 5174 11482
5174 2615 11482
10204 9771 11629
11629 9771 10204
9771 10204 11629
14063 13054 13979
13979 13054 14063
13054 13979 14063
13532 2989 7000
2989 7000 13532
7000 2989 13532
12885 1636 7933
7933 1636 12885
1636 7933 12885
10416 2696 11628
2696 10416 11628
11628 2696 10416
1539 4986 10702
4986 1539 10702
10702 1539 4986
7994 1747 4598
4598 1747 7994
1747 4598 7994
10745 5144 12819
12819 5144 10745
5144 10745 12819
11207 6769 11757
6769 11207 11757
11757 6769 11207
3291 1497 11650
11650 1497 3291
1497 3291 11650
8069 8597 11382
11382 8069 8597
8597 8069 11382
7387 6741 6867
6741 6867 7387
6867 6741 7387
8975 2879 7931
7931 2879 8975
2879 7931 8975
4121 3169 14680
14680 3169 4121
3169 4121 14680
8240 7047 11622
7047 8240 11622
11622 7047 8240
13415 664 685
685 664 13415
664 685 13415
10156 534 2763
534 2763 10156
2763 534 10156
4282 2663 3738
2663 3738 4282
3738 2663 4282
1010 2306 11820
2306 1010 11820
11820 1010 2306
14435 767 14646
14646 767 14435
767 14435 14646
1513 2037 2959
2037 1513 2959
2959 1513 2037
13192 2480 13920
2480 13192 13920
13920 2480 13192
5380 2361 2819
2819 2361 5380
2361 2819 5380
12496 285 13635
285 12496 13635
13635 285 12496
8228 6052 14718
6052 8228 14718
14718 6052 8228
2839 5826 8646
8646 2839 5826
5826 2839 8646
10298 11535 14949
