478 329 831
831 329 478
329 478 831
285 656 1495
1495 285 656
656 285 1495
1224 220 887
220 887 1224
887 220 1224
123 904 966
904 123 966
966 123 904
1403 819 1315
819 1315 1403
1315 819 1403
297 131 988
131 297 988
988 131 297
1261 477 1112
477 1112 1261
1112 477 1261
1490 20 1159
20 1159 1490
1159 20 1490
260 364 1187
1187 260 364
364 260 1187
956 968 1122
1122 956 968
968 956 1122
976 85 496
85 496 976
496 85 976
802 696 703
703 696 802
696 703 802
310 126 728
728 126 310
126 310 728
1405 258 507
507 258 1405
258 507 1405
1230 666 1500
1500 666 1230
666 1230 1500
53 458 1492
1492 53 458
458 53 1492
923 391 811
811 391 923
391 811 923
773 1049 1376
1049 773 1376
1376 773 1049
1234 594 687
594 687 1234
687 594 1234
1379 766 866
866 766 1379
766 866 1379
1470 115 756
756 115 1470
115 756 1470
702 549 707
549 702 707
707 549 702
678 709 864
864 678 709
709 678 864
809 120 1105
120 809 1105
1105 120 809
443 584 1090
584 443 1090
1090 443 584
270 139 837
139 270 837
837 139 270
1030 790 1498
790 1030 1498
1498 790 1030
84 582 1243
1243 84 582
582 84 1243
1401 1290 1436
1290 1401 1436
1436 1290 1401
1374 608 1362
608 1362 1374
1362 608 1374
640 932 1463
932 640 1463
1463 640 932
492 1180 1365
1365 492 1180
1180 492 1365
219 465 1280
465 219 1280
1280 219 465
1445 725 1468
725 1445 1468
1468 725 1445
541 369 438
438 369 541
369 438 541
232 851 1211
851 232 1211
1211 232 851
1141 54 353
54 353 1141
353 54 1141
39 408 872
408 39 872
872 39 408
710 485 1448
1448 485 710
485 710 1448
82 38 514
38 82 514
514 38 82
701 163 576
576 163 701
163 576 701
243 446 1311
446 243 1311
1311 243 446
1189 324 1197
324 1189 1197
1197 324 1189
1098 609 659
609 659 1098
659 609 1098
884 658 903
903 658 884
658 884 903
183 1193 1360
1193 183 1360
1360 183 1193
814 1324 1351
1351 814 1324
1324 814 1351
1481 596 1127
1127 596 1481
596 1127 1481
439 1068 1231
1231 439 1068
1068 439 1231
625 714 1293
714 625 1293
1293 625 714
690 135 610
135 610 690
610 135 690
1295 50 1437
50 1295 1437
1437 50 1295
827 686 1466
1466 686 827
686 827 1466
1107 497 1260
497 1107 1260
1260 497 1107
674 416 689
689 416 674
416 674 689
747 468 1051
468 747 1051
1051 468 747
88 1459 1478
1459 88 1478
1478 88 1459
1208 173 670
670 173 1208
173 670 1208
155 484 1004
484 155 1004
1004 155 484
150 642 1076
642 150 1076
1076 150 642
1414 95 1394
95 1394 1414
1394 95 1414
327 818 1083
818 327 1083
1083 327 818
1177 246 1137
1137 246 1177
246 1137 1177
645 924 1307
924 645 1307
1307 645 924
830 525 700
525 700 830
700 525 830
692 109 560
109 560 692
560 109 692
311 734 838
838 311 734
734 311 838
517 406 489
406 489 517
489 406 517
1203 510 1182
1182 510 1203
510 1182 1203
754 185 602
602 185 754
185 602 754
1292 538 840
840 538 1292
538 840 1292
1473 771 812
771 812 1473
812 771 1473
1151 101 137
101 137 1151
137 101 1151
959 309 531
531 309 959
309 531 959
519 337 612
612 337 519
337 519 612
1091 360 586
360 586 1091
586 360 1091
314 271 421
421 271 314
271 314 421
1179 42 745
42 745 1179
745 42 1179
981 995 1299
1299 981 995
995 981 1299
910 842 1131
1131 842 910
842 910 1131
48 444 897
444 48 897
897 48 444
1435 530 683
530 683 1435
683 530 1435
479 284 426
426 284 479
284 426 479
506 1304 1452
1452 506 1304
1304 506 1452
983 11 997
11 983 997
997 11 983
307 265 1282
265 307 1282
1282 265 307
760 142 1375
1375 142 760
142 760 1375
1346 14 108
108 14 1346
14 108 1346
432 472 1314
1314 432 472
472 432 1314
1077 167 302
167 302 1077
302 167 1077
22 716 940
940 22 716
716 22 940
340 103 1070
1070 103 340
103 340 1070
1161 268 493
268 493 1161
493 268 1161
1003 33 1354
1354 33 1003
33 1003 1354
1275 1000 1191
1191 1000 1275
1000 1191 1275
1181 845 1062
1062 845 1181
845 1062 1181
1265 294 508
294 508 1265
508 294 1265
1007 267 646
646 267 1007
267 646 1007
1453 767 846
767 846 1453
846 767 1453
1286 724 1009
1009 724 1286
724 1009 1286
195 698 986
698 195 986
986 195 698
1367 47 1409
47 1367 1409
1409 47 1367
1359 44 1025
44 1025 1359
1025 44 1359
1340 852 1446
852 1340 1446
1446 852 1340
759 86 1467
1467 86 759
86 759 1467
1291 575 764
575 764 1291
764 575 1291
869 118 1087
118 869 1087
1087 118 869
917 127 1300
127 917 1300
1300 127 917
194 675 1306
1306 194 675
675 194 1306
820 705 1258
705 820 1258
1258 705 820
886 619 1029
1029 619 886
619 886 1029
899 741 1075
741 899 1075
1075 741 899
929 240 509
509 240 929
240 509 929
253 936 1149
1149 253 936
936 253 1149
780 399 663
663 399 780
399 663 780
383 60 595
595 60 383
60 383 595
1391 373 1493
373 1391 1493
1493 373 1391
1192 462 577
462 577 1192
577 462 1192
726 772 1343
1343 726 772
772 726 1343
752 1228 1428
1428 752 1228
1228 752 1428
143 785 1178
785 143 1178
1178 143 785
332 1110 1382
1110 332 1382
1382 332 1110
1160 430 1147
430 1147 1160
1147 430 1160
607 308 1400
308 607 1400
1400 308 607
682 1033 1296
1296 682 1033
1033 682 1296
499 568 788
568 499 788
788 499 568
153 352 969
352 153 969
969 153 352
1032 597 1081
1081 597 1032
597 1032 1081
1329 146 685
146 685 1329
685 146 1329
1350 128 344
128 344 1350
344 128 1350
343 490 695
490 343 695
695 343 490
1408 376 1220
376 1220 1408
1220 376 1408
460 199 407
407 199 460
199 407 460
1058 97 1434
1434 97 1058
97 1058 1434
154 277 299
299 154 277
277 154 299
513 824 1108
824 513 1108
1108 513 824
1054 410 916
410 916 1054
916 410 1054
1067 191 454
191 454 1067
454 191 1067
15 371 565
565 15 371
371 15 565
757 326 1271
326 757 1271
1271 326 757
639 1412 1424
1412 639 1424
1424 639 1412
922 110 189
110 189 922
189 110 922
274 758 1330
1330 274 758
758 274 1330
633 706 1410
706 633 1410
1410 633 706
880 178 718
718 178 880
178 718 880
1476 699 1404
699 1404 1476
1404 699 1476
187 133 1469
133 187 1469
1469 133 187
1214 197 1210
1210 197 1214
197 1210 1214
1289 905 1339
905 1289 1339
1339 905 1289
931 202 418
202 418 931
418 202 931
551 36 90
36 90 551
90 36 551
1273 651 1472
1472 651 1273
651 1273 1472
522 64 611
64 522 611
611 64 522
604 635 1206
1206 604 635
635 604 1206
901 627 1013
627 901 1013
1013 627 901
644 965 1356
965 644 1356
1356 644 965
1115 2 1442
1442 2 1115
2 1115 1442
255 385 487
385 255 487
487 255 385
1085 826 1139
826 1085 1139
1139 826 1085
1146 1008 1132
1132 1008 1146
1008 1132 1146
1361 181 786
786 181 1361
181 786 1361
1316 563 668
563 668 1316
668 563 1316
170 354 374
354 170 374
374 170 354
283 691 753
753 283 691
691 283 753
100 359 537
537 100 359
359 100 537
1176 574 1486
574 1176 1486
1486 574 1176
1111 739 1475
1475 739 1111
739 1111 1475
561 249 572
249 561 572
572 249 561
1421 486 516
486 516 1421
516 486 1421
1402 221 1388
1388 221 1402
221 1388 1402
892 440 821
821 440 892
440 821 892
1323 43 1198
1198 43 1323
43 1198 1323
1063 149 210
210 149 1063
149 210 1063
888 796 895
796 888 895
895 796 888
993 230 727
230 727 993
727 230 993
1390 264 1284
264 1284 1390
1284 264 1390
891 591 1086
591 891 1086
1086 591 891
263 885 1301
1301 263 885
885 263 1301
12 21 934
934 12 21
21 12 934
1496 377 1064
1064 377 1496
377 1064 1496
1221 918 1200
918 1200 1221
1200 918 1221
1209 911 1371
1371 911 1209
911 1209 1371
188 546 629
546 188 629
629 188 546
526 1079 1298
1079 526 1298
1298 526 1079
1386 34 480
480 34 1386
34 480 1386
289 722 751
751 289 722
722 289 751
628 275 762
762 275 628
275 628 762
169 544 1168
1168 169 544
544 169 1168
417 156 939
156 417 939
939 156 417
778 792 883
792 778 883
883 778 792
732 361 971
361 732 971
971 361 732
293 89 913
89 293 913
913 89 293
822 338 450
450 338 822
338 450 822
1328 166 347
166 347 1328
347 166 1328
1140 179 1001
1001 179 1140
179 1001 1140
1164 552 712
712 552 1164
552 712 1164
540 946 1240
946 540 1240
1240 540 946
896 105 1069
1069 105 896
105 896 1069
996 234 273
234 273 996
273 234 996
1128 322 449
449 322 1128
322 449 1128
16 208 876
208 16 876
876 16 208
1352 900 1119
1119 900 1352
900 1119 1352
1395 448 1186
1186 448 1395
448 1186 1395
80 1389 1499
1499 80 1389
1389 80 1499
1497 671 1263
671 1263 1497
1263 671 1497
740 1174 1494
1174 740 1494
1494 740 1174
738 933 1227
933 738 1227
1227 738 933
217 536 1216
1216 217 536
536 217 1216
1165 581 704
581 704 1165
704 581 1165
176 935 1166
1166 176 935
935 176 1166
1309 466 539
466 539 1309
539 466 1309
1347 233 1326
1326 233 1347
233 1326 1347
1124 1167 1417
1417 1124 1167
1167 1124 1417
1212 9 542
9 542 1212
542 9 1212
177 206 425
206 177 425
425 177 206
835 382 1246
382 835 1246
1246 382 835
1050 437 992
992 437 1050
437 992 1050
3 662 949
662 3 949
949 3 662
972 358 664
664 358 972
358 664 972
350 948 1019
948 350 1019
1019 350 948
229 473 1041
473 229 1041
1041 229 473
35 765 1130
765 35 1130
1130 35 765
527 464 590
464 527 590
590 464 527
505 161 877
161 505 877
877 161 505
1235 141 817
817 141 1235
141 817 1235
626 1336 1440
1336 626 1440
1440 626 1336
375 957 1238
957 375 1238
1238 375 957
296 547 1158
1158 296 547
547 296 1158
164 351 511
511 164 351
351 164 511
99 116 926
116 99 926
926 99 116
1102 237 982
982 237 1102
237 982 1102
870 504 1116
504 870 1116
1116 504 870
1253 1173 1217
1173 1217 1253
1217 1173 1253
1046 1170 1278
1170 1046 1278
1278 1046 1170
669 890 1114
890 669 1114
1114 669 890
262 24 349
24 262 349
349 24 262
1303 657 1002
1002 657 1303
657 1002 1303
68 228 1313
228 68 1313
1313 68 228
761 257 592
257 592 761
592 257 761
958 943 1236
943 958 1236
1236 943 958
748 121 235
121 235 748
235 121 748
585 1407 1438
1407 585 1438
1438 585 1407
225 87 1429
87 225 1429
1429 87 225
808 61 1016
1016 61 808
61 808 1016
455 431 693
431 455 693
693 431 455
58 721 1095
1095 58 721
721 58 1095
387 1022 1047
1047 387 1022
1022 387 1047
1 280 1190
1190 1 280
280 1 1190
428 226 403
403 226 428
226 403 428
1393 129 593
593 129 1393
129 593 1393
1012 921 1415
921 1012 1415
1415 921 1012
397 733 793
733 397 793
793 397 733
1053 165 763
165 763 1053
763 165 1053
1257 201 231
201 231 1257
231 201 1257
579 111 1285
1285 111 579
111 579 1285
1084 348 1172
1172 348 1084
348 1084 1172
620 850 1363
1363 620 850
850 620 1363
389 269 787
269 389 787
787 269 389
345 138 457
138 345 457
457 138 345
434 81 298
81 298 434
298 81 434
463 96 784
784 96 463
96 463 784
117 239 1274
239 117 1274
1274 117 239
204 779 794
794 204 779
779 204 794
1037 247 599
599 247 1037
247 599 1037
736 768 889
889 736 768
768 736 889
200 236 859
236 200 859
859 200 236
1443 28 227
28 227 1443
227 28 1443
482 556 774
774 482 556
556 482 774
621 77 83
77 83 621
83 77 621
1223 211 813
211 813 1223
813 211 1223
1020 388 1373
1373 388 1020
388 1020 1373
398 122 743
743 122 398
122 398 743
501 789 1454
789 501 1454
1454 501 789
860 19 442
19 442 860
442 19 860
1171 1104 1232
1104 1171 1232
1232 1104 1171
1366 750 1364
750 1364 1366
1364 750 1366
927 106 1406
1406 106 927
106 927 1406
1100 341 562
562 341 1100
341 562 1100
1464 951 1204
951 1204 1464
1204 951 1464
1477 404 800
404 800 1477
800 404 1477
456 74 723
723 74 456
74 456 723
435 1239 1281
1239 435 1281
1281 435 1239
423 98 942
98 423 942
942 98 423
452 66 1218
1218 66 452
66 452 1218
938 192 770
192 770 938
770 192 938
1120 175 974
974 175 1120
175 974 1120
1411 975 1279
1279 975 1411
975 1279 1411
731 1094 1455
1094 731 1455
1455 731 1094
1014 31 1462
31 1014 1462
1462 31 1014
151 558 882
558 151 882
882 151 558
881 215 1444
215 881 1444
1444 215 881
823 1145 1432
1145 823 1432
1432 823 1145
286 649 1378
649 286 1378
1378 286 649
1026 396 782
782 396 1026
396 782 1026
655 908 1491
1491 655 908
908 655 1491
238 648 964
964 238 648
648 238 964
952 1133 1345
1345 952 1133
1133 952 1345
875 729 873
729 873 875
873 729 875
1185 945 1331
1331 945 1185
945 1185 1331
1056 654 676
654 676 1056
676 654 1056
978 261 667
261 667 978
667 261 978
843 244 1023
244 843 1023
1023 244 843
534 569 1143
1143 534 569
569 534 1143
130 27 1150
1150 27 130
27 130 1150
379 898 1121
898 379 1121
1121 379 898
1398 159 1420
1420 159 1398
159 1398 1420
601 713 1106
713 601 1106
1106 601 713
319 330 567
330 319 567
567 319 330
32 171 836
836 32 171
171 32 836
168 147 1099
1099 147 168
147 168 1099
1248 1156 1397
1156 1248 1397
1397 1156 1248
287 25 203
25 203 287
203 25 287
1392 834 947
947 834 1392
834 947 1392
660 4 1097
1097 4 660
4 660 1097
321 288 1241
288 321 1241
1241 288 321
318 160 653
653 160 318
160 318 653
276 755 1135
1135 276 755
755 276 1135
524 494 777
777 494 524
494 524 777
622 481 1078
481 622 1078
1078 481 622
1485 441 1055
1055 441 1485
441 1055 1485
378 380 954
380 378 954
954 378 380
1152 316 1138
316 1138 1152
1138 316 1152
915 711 1302
1302 711 915
711 915 1302
865 256 912
912 256 865
256 865 912
1383 436 1479
1479 436 1383
436 1383 1479
1484 51 1247
51 1247 1484
1247 51 1484
1109 357 1154
1154 357 1109
357 1109 1154
799 400 1184
1184 400 799
400 799 1184
617 305 1277
305 617 1277
1277 305 617
553 500 1422
500 553 1422
1422 500 553
94 543 798
798 94 543
543 94 798
282 57 212
57 212 282
212 57 282
1153 1155 1399
1155 1153 1399
1399 1153 1155
140 424 893
893 140 424
424 140 893
1449 475 1010
475 1010 1449
1010 475 1449
55 196 529
196 55 529
529 55 196
1118 144 1270
1270 144 1118
144 1118 1270
624 1254 1487
1254 624 1487
1487 624 1254
652 715 1199
1199 652 715
715 652 1199
615 673 994
994 615 673
673 615 994
1341 333 999
999 333 1341
333 999 1341
328 600 950
950 328 600
600 328 950
1368 65 223
65 223 1368
223 65 1368
92 216 631
631 92 216
216 92 631
278 102 606
102 278 606
606 102 278
520 23 1207
1207 23 520
23 520 1207
335 174 632
632 174 335
174 335 632
980 366 1015
366 980 1015
1015 366 980
1042 119 1175
119 1042 1175
1175 119 1042
630 113 1451
113 630 1451
1451 113 630
1268 681 708
708 681 1268
681 708 1268
571 578 1450
1450 571 578
578 571 1450
985 941 1427
941 985 1427
1427 941 985
272 979 1123
1123 272 979
979 272 1123
162 336 495
336 162 495
495 162 336
1318 346 961
346 961 1318
961 346 1318
1011 990 1065
1065 990 1011
990 1011 1065
618 339 433
433 339 618
339 433 618
1276 52 451
52 451 1276
451 52 1276
72 180 186
180 72 186
186 72 180
1039 368 1259
368 1039 1259
1259 368 1039
801 158 1305
1305 158 801
158 801 1305
6 71 661
71 6 661
661 6 71
566 854 1423
1423 566 854
854 566 1423
411 409 856
409 411 856
856 409 411
213 963 1244
963 213 1244
1244 213 963
647 222 1125
222 647 1125
1125 222 647
1297 491 1264
1264 491 1297
491 1264 1297
148 145 1416
145 148 1416
1416 145 148
717 69 559
559 69 717
69 559 717
1073 30 937
937 30 1073
30 937 1073
1380 445 805
445 805 1380
805 445 1380
1061 795 1162
1162 795 1061
795 1061 1162
1188 184 420
184 420 1188
420 184 1188
797 292 906
906 292 797
292 797 906
532 476 588
476 532 588
588 476 532
879 91 1387
1387 91 879
91 879 1387
1021 775 1043
1043 775 1021
775 1021 1043
242 401 1031
401 242 1031
1031 242 401
356 1148 1195
1195 356 1148
1148 356 1195
365 841 1337
1337 365 841
841 365 1337
107 395 1201
1201 107 395
395 107 1201
248 1035 1071
1071 248 1035
1035 248 1071
70 76 1488
76 70 1488
1488 70 76
447 355 987
355 447 987
987 355 447
1310 684 1267
1267 684 1310
684 1267 1310
37 295 1093
1093 37 295
295 37 1093
1017 182 925
925 182 1017
182 925 1017
214 679 828
679 214 828
828 214 679
587 573 1060
1060 573 587
573 587 1060
694 603 1225
1225 603 694
603 694 1225
521 157 1482
1482 157 521
157 521 1482
776 320 1342
1342 320 776
320 776 1342
1370 26 323
323 26 1370
26 323 1370
415 1308 1325
1325 415 1308
1308 415 1325
56 1103 1334
1103 56 1334
1334 56 1103
1245 325 1349
325 1245 1349
1349 325 1245
75 317 1096
317 75 1096
1096 75 317
855 614 867
614 855 867
867 614 855
1024 1196 1377
1377 1024 1196
1196 1024 1377
1335 589 1048
589 1048 1335
1048 589 1335
1269 334 1074
1074 334 1269
334 1074 1269
342 67 1288
1288 67 342
67 342 1288
367 613 737
737 367 613
613 367 737
919 636 960
960 636 919
636 919 960
857 104 245
245 104 857
104 245 857
730 816 1353
816 730 1353
1353 730 816
1272 10 962
10 962 1272
962 10 1272
871 17 1249
1249 17 871
17 871 1249
1045 806 1040
1040 806 1045
806 1040 1045
623 616 1369
1369 616 623
616 623 1369
251 557 1163
557 251 1163
1163 251 557
1312 638 1322
638 1312 1322
1322 638 1312
498 304 944
944 304 498
304 498 944
1144 362 1126
1126 362 1144
362 1126 1144
1088 1256 1321
1256 1088 1321
1321 1088 1256
1136 45 470
470 45 1136
45 470 1136
862 93 386
93 386 862
386 93 862
49 29 331
331 29 49
29 49 331
803 413 1385
1385 413 803
413 803 1385
984 991 1480
1480 984 991
991 984 1480
1433 7 847
7 847 1433
847 7 1433
518 878 1057
878 518 1057
1057 518 878
833 769 1332
1332 769 833
769 833 1332
1418 807 1034
807 1034 1418
1034 807 1418
414 973 1381
973 414 1381
1381 414 973
839 550 909
550 839 909
909 550 839
677 580 1358
1358 580 677
580 677 1358
1169 461 1082
461 1082 1169
1082 461 1169
112 605 1237
605 112 1237
1237 112 605
79 1018 1425
1018 79 1425
1425 79 1018
848 810 1113
1113 810 848
810 848 1113
650 63 1005
63 650 1005
1005 63 650
1089 13 907
13 907 1089
907 13 1089
1457 523 1092
1092 523 1457
523 1092 1457
134 853 1215
1215 134 853
853 134 1215
637 783 1266
1266 637 783
783 637 1266
306 279 372
279 306 372
372 279 306
459 1252 1439
1252 459 1439
1439 459 1252
172 224 405
224 172 405
405 172 224
1372 209 863
209 863 1372
863 209 1372
849 894 1320
894 849 1320
1320 849 894
791 59 300
59 300 791
300 59 791
1456 474 815
815 474 1456
474 815 1456
1202 1283 1471
1283 1202 1471
1471 1202 1283
697 554 1465
554 697 1465
1465 554 697
1262 46 967
967 46 1262
46 967 1262
1413 825 1333
825 1333 1413
1333 825 1413
920 412 953
412 920 953
953 412 920
955 241 392
392 241 955
241 392 955
315 73 1357
73 315 1357
1357 73 315
370 132 1044
1044 132 370
132 370 1044
1251 467 680
680 467 1251
467 680 1251
832 78 207
78 207 832
207 78 832
453 18 313
313 18 453
18 313 453
422 394 1474
394 422 1474
1474 394 422
252 402 858
858 252 402
402 252 858
598 301 1027
1027 301 598
301 598 1027
583 152 1396
1396 152 583
152 583 1396
861 1213 1255
1255 861 1213
1213 861 1255
868 291 570
570 291 868
291 570 868
1458 503 1287
1287 503 1458
503 1287 1458
1226 124 1006
1006 124 1226
124 1006 1226
1194 545 688
688 545 1194
545 688 1194
1233 259 1205
259 1205 1233
1205 259 1233
1080 902 1222
902 1080 1222
1222 902 1080
804 742 746
746 742 804
742 746 804
1183 914 1242
1242 914 1183
914 1183 1242
266 384 1038
384 266 1038
1038 266 384
1101 125 977
977 125 1101
125 977 1101
483 735 930
735 483 930
930 483 735
8 502 555
502 8 555
555 8 502
528 254 312
254 312 528
312 254 528
533 1072 1384
1384 533 1072
1072 533 1384
641 515 719
719 515 641
515 641 719
1431 535 1229
535 1229 1431
1229 535 1431
512 488 1344
1344 488 512
488 512 1344
427 429 548
548 427 429
429 427 548
928 643 1036
1036 643 928
643 928 1036
363 290 874
290 363 874
874 290 363
1117 205 1327
205 1117 1327
1327 205 1117
193 1348 1419
1419 193 1348
1348 193 1419
1219 419 1294
1294 419 1219
419 1219 1294
114 1134 1157
1134 114 1157
1157 114 1134
1430 1142 1460
1142 1430 1460
1460 1142 1430
781 281 1052
281 781 1052
1052 281 781
1447 634 844
844 634 1447
634 844 1447
1441 218 749
218 749 1441
749 218 1441
720 1066 1319
1066 720 1319
1319 720 1066
198 672 1028
672 198 1028
1028 198 672
471 41 744
744 41 471
41 471 744
1483 998 1059
1059 998 1483
998 1059 1483
1250 393 1129
1129 393 1250
393 1129 1250
250 5 1489
1489 5 250
5 250 1489
1355 381 564
564 381 1355
381 564 1355
390 136 1426
1426 136 390
136 390 1426
62 469 829
829 62 469
469 62 829
303 665 970
970 303 665
665 303 970
40 989 1461
989 40 1461
1461 40 989
1338 190 1317
1317 190 1338
190 1317 1338
