148225 9007 140211
140211 9007 148225
9007 140211 148225
102141 93587 129211
129211 93587 102141
93587 102141 129211
133171 38129 119516
38129 119516 133171
119516 38129 133171
77141 59644 78285
59644 77141 78285
78285 59644 77141
19018 55101 56925
56925 19018 55101
55101 19018 56925
71154 28747 89397
89397 28747 71154
28747 71154 89397
115853 56240 142471
142471 56240 115853
56240 115853 142471
109286 80695 100240
80695 100240 109286
100240 80695 109286
148918 1281 41429
41429 1281 148918
1281 41429 148918
59152 60891 146476
146476 59152 60891
60891 59152 146476
148531 69644 75512
69644 75512 148531
75512 69644 148531
29771 25421 59659
25421 29771 59659
59659 25421 29771
141203 28874 148505
148505 28874 141203
28874 141203 148505
13339 70108 126369
126369 13339 70108
70108 13339 126369
76762 87260 107124
107124 76762 87260
87260 76762 107124
143450 17967 127922
127922 17967 143450
17967 127922 143450
53825 8127 61244
8127 53825 61244
61244 8127 53825
6882 101413 138106
101413 6882 138106
138106 6882 101413
91953 25878 72509
25878 72509 91953
72509 25878 91953
64152 132376 147027
147027 64152 132376
132376 64152 147027
134839 25888 28565
25888 28565 134839
28565 25888 134839
57545 82634 145052
145052 57545 82634
82634 57545 145052
102678 76040 142076
142076 76040 102678
76040 102678 142076
62231 43870 95772
43870 62231 95772
95772 43870 62231
57709 77773 105963
105963 57709 77773
77773 57709 105963
1282 117231 132094
132094 1282 117231
117231 1282 132094
123886 19220 146704
19220 123886 146704
146704 19220 123886
75357 49763 58623
49763 58623 75357
58623 49763 75357
92085 4113 23014
23014 4113 92085
4113 23014 92085
35647 70233 147196
70233 35647 147196
147196 35647 70233
65958 93560 148432
93560 65958 148432
148432 65958 93560
52650 14341 129293
14341 52650 129293
129293 14341 52650
19908 81492 147163
81492 19908 147163
147163 19908 81492
33513 21929 137183
21929 33513 137183
137183 21929 33513
19746 94220 109700
109700 19746 94220
94220 19746 109700
74535 648 73376
73376 648 74535
648 73376 74535
62743 22138 87079
22138 62743 87079
87079 22138 62743
104624 105062 129774
129774 104624 105062
105062 104624 129774
146627 94316 106360
94316 106360 146627
106360 94316 146627
32830 109986 135175
109986 32830 135175
135175 32830 109986
80942 62549 119109
119109 62549 80942
62549 80942 119109
42370 83490 116124
83490 42370 116124
116124 42370 83490
9244 29883 145076
145076 9244 29883
29883 9244 145076
27355 5923 11421
5923 11421 27355
11421 5923 27355
28654 4486 85265
85265 4486 28654
4486 28654 85265
120696 4387 103084
4387 103084 120696
103084 4387 120696
96074 43296 144977
144977 43296 96074
43296 96074 144977
121323 103897 105900
103897 105900 121323
105900 103897 121323
122182 63414 110893
63414 110893 122182
110893 63414 122182
39654 31469 36346
36346 31469 39654
31469 36346 39654
87836 47699 123449
47699 87836 123449
123449 47699 87836
145624 11703 102108
11703 102108 145624
102108 11703 145624
69656 17528 58921
17528 58921 69656
58921 17528 69656
26019 91516 106321
106321 26019 91516
91516 26019 106321
74490 67590 88656
88656 67590 74490
67590 74490 88656
42020 50044 124324
124324 42020 50044
50044 42020 124324
29843 19529 65066
65066 19529 29843
19529 29843 65066
32513 51491 66079
51491 32513 66079
66079 32513 51491
21052 53601 110926
110926 21052 53601
53601 21052 110926
78118 2889 132278
132278 2889 78118
2889 78118 132278
47549 124274 136909
124274 47549 136909
136909 47549 124274
2793 2723 34392
2723 2793 34392
34392 2723 2793
55093 21437 57180
57180 21437 55093
21437 55093 57180
12505 2244 122143
122143 2244 12505
2244 12505 122143
70758 4541 37104
4541 37104 70758
37104 4541 70758
125564 56032 121688
121688 56032 125564
56032 121688 125564
118161 38244 129369
129369 38244 118161
38244 118161 129369
23373 5872 104849
5872 23373 104849
104849 5872 23373
88310 12110 113640
113640 12110 88310
12110 88310 113640
146904 102606 146808
146808 102606 146904
102606 146808 146904
42815 75797 79794
75797 42815 79794
79794 42815 75797
55624 20499 64933
64933 20499 55624
20499 55624 64933
20063 18053 78602
18053 20063 78602
78602 18053 20063
90865 16966 18983
18983 16966 90865
16966 18983 90865
89382 51533 77963
77963 51533 89382
51533 77963 89382
117735 91493 124079
124079 91493 117735
91493 117735 124079
80628 20205 139091
139091 20205 80628
20205 80628 139091
125058 63559 64177
63559 64177 125058
64177 63559 125058
55419 32995 38698
38698 32995 55419
32995 38698 55419
82698 103296 133035
103296 82698 133035
133035 82698 103296
140517 74263 114860
114860 74263 140517
74263 114860 140517
69697 6215 85585
85585 6215 69697
6215 69697 85585
66258 126554 129494
129494 66258 126554
126554 66258 129494
8723 63233 128547
63233 8723 128547
128547 8723 63233
96356 29996 52021
52021 29996 96356
29996 52021 96356
131899 32378 131900
32378 131899 131900
131900 32378 131899
6488 9018 149428
9018 6488 149428
149428 6488 9018
147182 29534 141228
29534 141228 147182
141228 29534 147182
116046 98083 119282
119282 98083 116046
98083 116046 119282
73736 34072 46155
46155 34072 73736
34072 46155 73736
103922 44448 89076
89076 44448 103922
44448 89076 103922
128213 92321 125814
92321 125814 128213
125814 92321 128213
46175 22824 124649
124649 22824 46175
22824 46175 124649
126877 61642 132857
132857 61642 126877
61642 126877 132857
41570 79199 128260
128260 41570 79199
79199 41570 128260
94377 26087 79608
79608 26087 94377
26087 79608 94377
83729 48327 103819
103819 48327 83729
48327 83729 103819
99191 15892 144554
144554 15892 99191
15892 99191 144554
3100 92705 97077
97077 3100 92705
92705 3100 97077
71468 27815 113649
113649 27815 71468
27815 71468 113649
53798 10588 22841
22841 10588 53798
10588 22841 53798
148111 47667 89999
47667 89999 148111
89999 47667 148111
91258 33769 129004
129004 33769 91258
33769 91258 129004
88362 63315 144100
144100 63315 88362
63315 88362 144100
11891 6855 61236
61236 6855 11891
6855 11891 61236
30421 23403 92990
23403 30421 92990
92990 23403 30421
42138 45525 90735
45525 42138 90735
90735 42138 45525
50939 29204 89462
89462 29204 50939
29204 50939 89462
38429 65887 93219
93219 38429 65887
65887 38429 93219
107513 77232 83751
77232 83751 107513
83751 77232 107513
31023 56867 98711
56867 31023 98711
98711 31023 56867
91743 9313 142575
142575 9313 91743
9313 91743 142575
61877 32079 67705
32079 61877 67705
67705 32079 61877
134361 214 61261
214 61261 134361
61261 214 134361
2875 988 58960
988 2875 58960
58960 988 2875
146404 25295 124761
124761 25295 146404
25295 124761 146404
120926 125507 148091
148091 120926 125507
125507 120926 148091
7746 72930 143790
72930 7746 143790
143790 7746 72930
100209 113596 117429
113596 100209 117429
117429 100209 113596
136280 8789 82330
82330 8789 136280
8789 82330 136280
47850 90079 118843
118843 47850 90079
90079 47850 118843
31208 80256 108306
80256 31208 108306
108306 31208 80256
49007 34265 122842
122842 34265 49007
34265 49007 122842
1618 2976 87007
2976 1618 87007
87007 1618 2976
60703 796 63127
63127 796 60703
796 60703 63127
127846 83379 124612
124612 83379 127846
83379 124612 127846
142021 37789 120195
37789 120195 142021
120195 37789 142021
2628 1561 121552
121552 1561 2628
1561 2628 121552
74291 4445 85474
4445 74291 85474
85474 4445 74291
6006 73121 77770
73121 6006 77770
77770 6006 73121
104814 82386 127871
127871 82386 104814
82386 104814 127871
28141 83381 144299
83381 28141 144299
144299 28141 83381
26942 93162 148000
148000 26942 93162
93162 26942 148000
117849 17119 54182
54182 17119 117849
17119 54182 117849
136470 80184 106030
80184 106030 136470
106030 80184 136470
10618 103573 130628
103573 10618 130628
130628 10618 103573
14275 110613 136851
110613 14275 136851
136851 14275 110613
87 109566 131145
131145 87 109566
109566 87 131145
14876 28660 112738
112738 14876 28660
28660 14876 112738
107913 109096 123490
123490 107913 109096
109096 107913 123490
126371 17975 36996
36996 17975 126371
17975 36996 126371
20596 69615 69766
69615 20596 69766
69766 20596 69615
18781 29523 81070
29523 18781 81070
81070 18781 29523
97911 66982 108226
108226 66982 97911
66982 97911 108226
51020 35434 138065
35434 51020 138065
138065 35434 51020
136496 57086 87520
57086 87520 136496
87520 57086 136496
84955 22844 110977
22844 84955 110977
110977 22844 84955
107500 39128 111693
39128 107500 111693
111693 39128 107500
88983 96509 105499
96509 88983 105499
105499 88983 96509
36991 77994 104234
77994 36991 104234
104234 36991 77994
105425 74872 148980
74872 105425 148980
148980 74872 105425
110474 10479 62653
62653 10479 110474
10479 62653 110474
101756 81363 144099
81363 101756 144099
144099 81363 101756
18155 20067 114777
114777 18155 20067
20067 18155 114777
71091 6188 136780
136780 6188 71091
6188 71091 136780
38343 2808 101553
101553 2808 38343
2808 38343 101553
103701 23912 131010
23912 103701 131010
131010 23912 103701
89094 88409 100374
88409 89094 100374
100374 88409 89094
51594 78865 137603
78865 51594 137603
137603 51594 78865
89575 134362 149266
134362 89575 149266
149266 89575 134362
50500 2897 78614
78614 2897 50500
2897 50500 78614
90873 27176 125812
27176 90873 125812
125812 27176 90873
105537 28921 103855
103855 28921 105537
28921 103855 105537
143373 30269 136093
136093 30269 143373
30269 136093 143373
127893 58887 70946
58887 70946 127893
70946 58887 127893
51632 50240 133440
50240 51632 133440
133440 50240 51632
21774 49615 87787
87787 21774 49615
49615 21774 87787
143260 10896 70956
70956 10896 143260
10896 70956 143260
21817 9953 149143
149143 9953 21817
9953 21817 149143
53819 114020 116229
114020 53819 116229
116229 53819 114020
73854 45208 134645
134645 45208 73854
45208 73854 134645
84000 120470 145866
145866 84000 120470
120470 84000 145866
53247 41227 138549
138549 41227 53247
41227 53247 138549
144449 42391 97206
42391 97206 144449
97206 42391 144449
38191 109812 146362
146362 38191 109812
109812 38191 146362
115474 18841 61861
18841 61861 115474
61861 18841 115474
35111 20142 74947
20142 35111 74947
74947 20142 35111
42252 4869 144820
144820 4869 42252
4869 42252 144820
38851 29307 88850
88850 29307 38851
29307 38851 88850
40517 48194 62090
62090 40517 48194
48194 40517 62090
141775 58353 107120
107120 58353 141775
58353 107120 141775
94217 78528 108826
78528 94217 108826
108826 78528 94217
26447 23738 36796
23738 26447 36796
36796 23738 26447
103292 10765 148458
148458 10765 103292
10765 103292 148458
10395 31783 80023
31783 10395 80023
80023 10395 31783
111985 42991 142914
142914 42991 111985
42991 111985 142914
24669 51523 126886
51523 24669 126886
126886 24669 51523
96205 93664 102624
93664 96205 102624
102624 93664 96205
96031 47243 134910
47243 96031 134910
134910 47243 96031
115687 3963 119698
119698 3963 115687
3963 115687 119698
40945 303 81793
81793 303 40945
303 40945 81793
95279 66639 114351
114351 66639 95279
66639 95279 114351
65129 64841 116638
64841 65129 116638
116638 64841 65129
57081 27850 64635
27850 57081 64635
64635 27850 57081
90440 49217 146389
146389 49217 90440
49217 90440 146389
104929 116115 123966
116115 104929 123966
123966 104929 116115
105829 12204 29306
29306 12204 105829
12204 29306 105829
91012 26100 125543
125543 26100 91012
26100 91012 125543
29469 51615 91491
91491 29469 51615
51615 29469 91491
33368 36047 93430
36047 33368 93430
93430 33368 36047
109011 5457 10782
10782 5457 109011
5457 10782 109011
133695 7550 139412
7550 133695 139412
139412 7550 133695
63726 58040 123914
58040 63726 123914
123914 58040 63726
70103 31471 121650
31471 70103 121650
121650 31471 70103
4710 54757 144151
144151 4710 54757
54757 4710 144151
69455 65941 122414
122414 65941 69455
65941 69455 122414
84259 33907 83085
33907 83085 84259
83085 33907 84259
97867 61015 79949
61015 79949 97867
79949 61015 97867
62844 30375 54390
54390 30375 62844
30375 54390 62844
77426 24405 133600
133600 24405 77426
24405 77426 133600
149313 67505 144228
67505 144228 149313
144228 67505 149313
50864 8109 138756
8109 50864 138756
138756 8109 50864
120472 32267 105272
32267 105272 120472
105272 32267 120472
98233 62280 133916
133916 62280 98233
62280 98233 133916
91056 5859 99466
5859 91056 99466
99466 5859 91056
148252 36037 138004
36037 138004 148252
138004 36037 148252
108661 23477 147001
23477 108661 147001
147001 23477 108661
129338 36182 148025
36182 129338 148025
148025 36182 129338
106748 1320 120774
120774 1320 106748
1320 106748 120774
7495 40922 73582
40922 7495 73582
73582 7495 40922
128061 15559 27550
15559 27550 128061
27550 15559 128061
66157 121856 140737
121856 66157 140737
140737 66157 121856
49685 101906 129737
101906 49685 129737
129737 49685 101906
72576 16418 124701
16418 72576 124701
124701 16418 72576
73872 87132 145029
87132 73872 145029
145029 73872 87132
56940 124820 128591
128591 56940 124820
124820 56940 128591
43152 122771 132561
122771 43152 132561
132561 43152 122771
40182 35115 97525
35115 40182 97525
97525 35115 40182
142000 56119 120045
56119 120045 142000
120045 56119 142000
108268 53615 86201
86201 53615 108268
53615 86201 108268
63845 37003 123028
123028 37003 63845
37003 63845 123028
97366 54154 114297
54154 97366 114297
114297 54154 97366
118783 73972 84337
84337 73972 118783
73972 84337 118783
9641 4132 56635
56635 4132 9641
4132 9641 56635
54967 74384 76610
76610 54967 74384
74384 54967 76610
96525 20780 79962
79962 20780 96525
20780 79962 96525
88811 52622 60968
52622 60968 88811
60968 52622 88811
11219 91123 107243
107243 11219 91123
91123 11219 107243
35989 91073 120283
91073 35989 120283
120283 35989 91073
29806 28832 40418
28832 29806 40418
40418 28832 29806
143410 25293 149970
25293 143410 149970
149970 25293 143410
29063 54710 107220
54710 29063 107220
107220 29063 54710
57899 56469 60838
56469 57899 60838
60838 56469 57899
135007 42720 59077
59077 42720 135007
42720 59077 135007
41513 19545 28533
28533 19545 41513
19545 28533 41513
148988 97480 121769
97480 121769 148988
121769 97480 148988
9527 89492 106906
106906 9527 89492
89492 9527 106906
16124 20940 28850
20940 16124 28850
28850 16124 20940
85168 64370 95619
64370 85168 95619
95619 64370 85168
1310 9645 91716
9645 1310 91716
91716 1310 9645
56394 126313 149791
149791 56394 126313
126313 56394 149791
3442 26293 124058
124058 3442 26293
26293 3442 124058
23360 74926 106120
106120 23360 74926
74926 23360 106120
18230 120628 126898
126898 18230 120628
120628 18230 126898
146804 59169 141458
59169 141458 146804
141458 59169 146804
125048 106998 124881
124881 106998 125048
106998 124881 125048
85456 5655 49172
49172 5655 85456
5655 49172 85456
51697 5382 8223
8223 5382 51697
5382 8223 51697
1948 101418 115130
115130 1948 101418
101418 1948 115130
45513 63511 146038
146038 45513 63511
63511 45513 146038
54878 44258 75441
75441 44258 54878
44258 54878 75441
82119 112575 134762
134762 82119 112575
112575 82119 134762
47430 34056 35731
35731 34056 47430
34056 35731 47430
72787 5018 7375
7375 5018 72787
5018 7375 72787
56984 21725 50380
50380 21725 56984
21725 50380 56984
83896 34126 42678
34126 42678 83896
42678 34126 83896
127046 4107 129544
129544 4107 127046
4107 127046 129544
62371 84763 143724
143724 62371 84763
84763 62371 143724
118297 37640 104398
104398 37640 118297
37640 104398 118297
104672 32718 63771
63771 32718 104672
32718 63771 104672
92726 21315 120916
120916 21315 92726
21315 92726 120916
54802 30358 34837
34837 30358 54802
30358 34837 54802
94175 24732 134740
134740 24732 94175
24732 94175 134740
135338 62702 137917
62702 135338 137917
137917 62702 135338
76789 100767 136642
100767 76789 136642
136642 76789 100767
12269 34428 129880
129880 12269 34428
34428 12269 129880
39794 22618 82002
82002 22618 39794
22618 39794 82002
21172 43515 85894
43515 21172 85894
85894 21172 43515
145557 51775 91470
91470 51775 145557
51775 91470 145557
47254 10337 113162
113162 10337 47254
10337 47254 113162
148933 33891 82724
33891 82724 148933
82724 33891 148933
139594 51046 124658
124658 51046 139594
51046 124658 139594
5261 54877 139004
54877 5261 139004
139004 5261 54877
76804 13290 75223
13290 75223 76804
75223 13290 76804
86187 109506 143301
143301 86187 109506
109506 86187 143301
34846 30864 133147
133147 30864 34846
30864 34846 133147
30080 20404 136736
20404 30080 136736
136736 20404 30080
65046 28892 97564
97564 28892 65046
28892 65046 97564
52221 44767 77567
44767 52221 77567
77567 44767 52221
147904 67826 127976
67826 127976 147904
127976 67826 147904
104605 29542 78628
78628 29542 104605
29542 78628 104605
4482 28530 139736
139736 4482 28530
28530 4482 139736
114938 23681 145379
145379 23681 114938
23681 114938 145379
52439 47550 88266
47550 52439 88266
88266 47550 52439
134285 2376 124633
124633 2376 134285
2376 124633 134285
37940 68783 149621
149621 37940 68783
68783 37940 149621
146027 45646 51363
51363 45646 146027
45646 51363 146027
18144 101967 119613
101967 18144 119613
119613 18144 101967
74992 73342 112286
112286 73342 74992
73342 74992 112286
61706 62580 143753
62580 61706 143753
143753 61706 62580
143469 259 99642
99642 259 143469
259 99642 143469
93693 26632 82646
26632 82646 93693
82646 26632 93693
45656 73268 121788
73268 45656 121788
121788 45656 73268
38046 40318 69087
40318 38046 69087
69087 38046 40318
73754 26178 133151
133151 26178 73754
26178 73754 133151
16926 80953 82026
80953 16926 82026
82026 16926 80953
148627 77335 117790
117790 77335 148627
77335 117790 148627
60347 121295 133361
121295 60347 133361
133361 60347 121295
115537 79511 147705
147705 79511 115537
79511 115537 147705
70713 26368 107648
107648 26368 70713
26368 70713 107648
131828 46810 123631
123631 46810 131828
46810 123631 131828
57148 18761 66071
18761 57148 66071
66071 18761 57148
145066 42076 42880
42880 42076 145066
42076 42880 145066
79959 136550 137965
136550 79959 137965
137965 79959 136550
65432 37904 61779
37904 61779 65432
61779 37904 65432
62585 48024 131601
48024 62585 131601
131601 48024 62585
66053 19931 111536
111536 19931 66053
19931 66053 111536
56122 35453 97717
97717 35453 56122
35453 56122 97717
21676 75973 93639
93639 21676 75973
75973 21676 93639
144780 44291 111408
111408 44291 144780
44291 111408 144780
55790 74974 101661
74974 55790 101661
101661 55790 74974
14167 39850 113753
39850 14167 113753
113753 14167 39850
74191 6659 22901
6659 22901 74191
22901 6659 74191
73512 5493 118223
118223 5493 73512
5493 73512 118223
110195 80740 82946
80740 82946 110195
82946 80740 110195
110039 101911 123036
101911 110039 123036
123036 101911 110039
9294 37495 108947
108947 9294 37495
37495 9294 108947
88658 3355 75214
3355 75214 88658
75214 3355 88658
83171 50550 127616
127616 50550 83171
50550 83171 127616
126100 7624 55803
55803 7624 126100
7624 55803 126100
30650 5909 92012
5909 30650 92012
92012 5909 30650
25489 52592 58680
58680 25489 52592
52592 25489 58680
3859 1101 21178
1101 3859 21178
21178 1101 3859
99802 4394 92675
4394 92675 99802
92675 4394 99802
83697 32788 58407
32788 58407 83697
58407 32788 83697
107933 69826 74060
69826 74060 107933
74060 69826 107933
45311 107437 128100
107437 45311 128100
128100 45311 107437
73440 24836 29860
29860 24836 73440
24836 29860 73440
104257 28455 147203
28455 104257 147203
147203 28455 104257
59554 65654 71165
71165 59554 65654
65654 59554 71165
102383 97373 138092
138092 97373 102383
97373 102383 138092
74312 2229 63010
2229 63010 74312
63010 2229 74312
15660 114191 145573
114191 15660 145573
145573 15660 114191
14033 33763 57457
57457 14033 33763
33763 14033 57457
74715 32229 66787
66787 32229 74715
32229 66787 74715
107506 23193 56836
23193 56836 107506
56836 23193 107506
115738 65664 115052
115052 65664 115738
65664 115052 115738
111639 33588 49398
49398 33588 111639
33588 49398 111639
108997 12272 121048
12272 108997 121048
121048 12272 108997
125154 1339 46380
46380 1339 125154
1339 46380 125154
102314 724 5011
5011 724 102314
724 5011 102314
79393 100957 129756
100957 79393 129756
129756 79393 100957
109915 70347 70648
70648 70347 109915
70347 70648 109915
24449 26159 101336
26159 24449 101336
101336 24449 26159
142016 7442 80852
7442 80852 142016
80852 7442 142016
96134 100383 139420
100383 96134 139420
139420 96134 100383
128794 109224 125471
125471 109224 128794
109224 125471 128794
54745 24951 83285
24951 54745 83285
83285 24951 54745
4879 62261 95753
62261 4879 95753
95753 4879 62261
38074 30395 123545
123545 30395 38074
30395 38074 123545
139025 37756 91472
91472 37756 139025
37756 91472 139025
132887 54289 137535
54289 132887 137535
137535 54289 132887
146222 35079 110188
35079 110188 146222
110188 35079 146222
36336 12774 144689
144689 12774 36336
12774 36336 144689
18963 142120 145270
142120 18963 145270
145270 18963 142120
58148 56502 134517
134517 56502 58148
56502 58148 134517
130412 18234 86873
86873 18234 130412
18234 86873 130412
123291 1991 63186
1991 63186 123291
63186 1991 123291
116368 29951 108965
29951 108965 116368
108965 29951 116368
130149 84718 130272
130272 84718 130149
84718 130149 130272
73494 22434 130312
130312 22434 73494
22434 73494 130312
144936 99875 132113
99875 132113 144936
132113 99875 144936
63177 49750 65575
65575 49750 63177
49750 63177 65575
64150 25009 35902
35902 25009 64150
25009 35902 64150
67641 26470 65294
26470 65294 67641
65294 26470 67641
146638 66184 73508
73508 66184 146638
66184 73508 146638
75580 50014 91362
50014 75580 91362
91362 50014 75580
111180 40400 69611
69611 40400 111180
40400 69611 111180
112903 20692 77840
20692 77840 112903
77840 20692 112903
130482 871 1538
871 1538 130482
1538 871 130482
42860 75675 147559
147559 42860 75675
75675 42860 147559
9877 87977 144679
87977 9877 144679
144679 9877 87977
39516 59617 106803
106803 39516 59617
59617 39516 106803
67409 107882 143747
143747 67409 107882
107882 67409 143747
65763 61582 146924
61582 65763 146924
146924 61582 65763
149445 125349 147933
147933 125349 149445
125349 147933 149445
139204 101697 132964
101697 132964 139204
132964 101697 139204
38792 130181 146082
146082 38792 130181
130181 38792 146082
66813 1405 54170
54170 1405 66813
1405 54170 66813
147435 14056 23011
14056 23011 147435
23011 14056 147435
32344 47858 137935
137935 32344 47858
47858 32344 137935
62361 1212 29976
29976 1212 62361
1212 29976 62361
99952 42868 88878
88878 42868 99952
42868 88878 99952
83677 33524 115105
33524 83677 115105
115105 33524 83677
45901 52123 120382
52123 45901 120382
120382 45901 52123
55173 36237 72252
36237 55173 72252
72252 36237 55173
96152 17370 82714
82714 17370 96152
17370 82714 96152
137720 35687 66151
35687 66151 137720
66151 35687 137720
133764 8280 73532
8280 73532 133764
73532 8280 133764
73498 41494 42960
42960 41494 73498
41494 42960 73498
125098 22246 134429
134429 22246 125098
22246 125098 134429
59601 18976 123523
18976 59601 123523
123523 18976 59601
66190 28715 33999
33999 28715 66190
28715 33999 66190
103438 32099 133275
133275 32099 103438
32099 103438 133275
50924 19610 133191
133191 19610 50924
19610 50924 133191
121670 80031 116433
116433 80031 121670
80031 116433 121670
82531 96897 124598
96897 82531 124598
124598 82531 96897
93165 63023 79446
63023 79446 93165
79446 63023 93165
68669 117230 131798
131798 68669 117230
117230 68669 131798
112106 103142 121024
103142 112106 121024
121024 103142 112106
141249 87062 102905
102905 87062 141249
87062 102905 141249
1815 89668 92060
92060 1815 89668
89668 1815 92060
111619 107678 146252
107678 111619 146252
146252 107678 111619
52325 28338 141018
28338 52325 141018
141018 28338 52325
67530 36483 94994
36483 67530 94994
94994 36483 67530
124827 5823 56706
5823 56706 124827
56706 5823 124827
95930 55543 70951
70951 55543 95930
55543 70951 95930
137030 321 7864
7864 321 137030
321 7864 137030
67442 24224 100118
24224 67442 100118
100118 24224 67442
98868 42545 89888
42545 89888 98868
89888 42545 98868
106396 43606 130929
43606 106396 130929
130929 43606 106396
59101 49032 120482
49032 59101 120482
120482 49032 59101
35735 77859 131496
77859 35735 131496
131496 35735 77859
13564 87409 146874
146874 13564 87409
87409 13564 146874
122829 137991 139398
137991 122829 139398
139398 122829 137991
56269 25274 123270
123270 25274 56269
25274 56269 123270
110173 56528 105482
56528 105482 110173
105482 56528 110173
32200 15584 69575
69575 15584 32200
15584 32200 69575
22483 69606 101575
101575 22483 69606
69606 22483 101575
71342 96484 119427
96484 71342 119427
119427 71342 96484
126280 41694 106050
41694 106050 126280
106050 41694 126280
25967 14149 125828
14149 25967 125828
125828 14149 25967
93109 147060 149658
147060 93109 149658
149658 93109 147060
130509 45959 49338
49338 45959 130509
45959 49338 130509
73490 29317 102278
29317 73490 102278
102278 29317 73490
65174 76903 128351
128351 65174 76903
76903 65174 128351
37631 26766 148828
26766 37631 148828
148828 26766 37631
87463 52858 146302
146302 52858 87463
52858 87463 146302
88603 97493 103768
97493 88603 103768
103768 88603 97493
115991 27823 55159
27823 55159 115991
55159 27823 115991
50784 65090 77343
65090 50784 77343
77343 50784 65090
91950 5776 12623
5776 12623 91950
12623 5776 91950
35820 74918 119243
119243 35820 74918
74918 35820 119243
42324 86311 107097
107097 42324 86311
86311 42324 107097
33296 113347 116313
116313 33296 113347
113347 33296 116313
86955 10187 100407
100407 10187 86955
10187 86955 100407
137713 103653 115686
115686 103653 137713
103653 115686 137713
55219 11848 23662
11848 23662 55219
23662 11848 55219
128201 68195 86121
68195 86121 128201
86121 68195 128201
74309 10128 73686
10128 73686 74309
73686 10128 74309
1897 8226 42847
8226 1897 42847
42847 1897 8226
102497 30056 121482
30056 102497 121482
121482 30056 102497
48068 64274 139995
64274 48068 139995
139995 48068 64274
134602 68153 101407
68153 101407 134602
101407 68153 134602
52293 41843 69930
41843 52293 69930
69930 41843 52293
79439 68130 134043
134043 68130 79439
68130 79439 134043
14828 116431 127286
127286 14828 116431
116431 14828 127286
2257 110127 128655
128655 2257 110127
110127 2257 128655
60962 6862 22440
22440 6862 60962
6862 22440 60962
89588 143133 145897
143133 89588 145897
145897 89588 143133
123199 123358 140399
123358 123199 140399
140399 123199 123358
60813 11008 38065
38065 11008 60813
11008 38065 60813
35039 35651 87886
35651 35039 87886
87886 35039 35651
30212 74403 78835
78835 30212 74403
74403 30212 78835
110403 44016 97610
97610 44016 110403
44016 97610 110403
41562 10078 31120
31120 10078 41562
10078 31120 41562
141584 50625 87040
50625 87040 141584
87040 50625 141584
46000 59794 90196
90196 46000 59794
59794 46000 90196
33038 30003 106282
106282 30003 33038
30003 33038 106282
38207 29406 43732
29406 38207 43732
43732 29406 38207
82082 130982 132819
130982 82082 132819
132819 82082 130982
30987 67346 132137
67346 30987 132137
132137 30987 67346
29518 90333 92138
90333 29518 92138
92138 29518 90333
3073 97320 141724
97320 3073 141724
141724 3073 97320
71588 17832 91928
91928 17832 71588
17832 71588 91928
60000 57484 73721
57484 60000 73721
73721 57484 60000
40212 71187 71478
71478 40212 71187
71187 40212 71478
95629 19409 30153
30153 19409 95629
19409 30153 95629
63257 33577 135153
135153 33577 63257
33577 63257 135153
120347 41745 127598
127598 41745 120347
41745 120347 127598
143089 17291 93578
17291 93578 143089
93578 17291 143089
67264 18165 49283
18165 49283 67264
49283 18165 67264
81156 40451 104818
104818 40451 81156
40451 81156 104818
122728 99382 142272
99382 122728 142272
142272 99382 122728
4811 56263 87330
56263 4811 87330
87330 4811 56263
12740 66395 146515
146515 12740 66395
66395 12740 146515
72859 61996 95987
95987 61996 72859
61996 72859 95987
121205 1283 60919
1283 60919 121205
60919 1283 121205
93567 71690 119710
71690 93567 119710
119710 71690 93567
7163 8983 95383
8983 7163 95383
95383 7163 8983
41735 59374 98553
98553 41735 59374
59374 41735 98553
89946 57923 61736
61736 57923 89946
57923 61736 89946
103765 65618 67222
67222 65618 103765
65618 67222 103765
54088 4850 114870
114870 4850 54088
4850 54088 114870
38406 117556 132415
132415 38406 117556
117556 38406 132415
130759 109496 138551
138551 109496 130759
109496 130759 138551
94738 10739 95681
95681 10739 94738
10739 94738 95681
36612 60453 107400
60453 36612 107400
107400 36612 60453
28771 29081 143196
29081 28771 143196
143196 28771 29081
16684 67356 87989
87989 16684 67356
67356 16684 87989
40050 17524 133983
17524 40050 133983
133983 17524 40050
115885 3858 46900
3858 46900 115885
46900 3858 115885
126973 50123 127475
127475 50123 126973
50123 126973 127475
104753 17040 113536
113536 17040 104753
17040 104753 113536
85440 18467 57427
18467 57427 85440
57427 18467 85440
49139 97547 100951
97547 49139 100951
100951 49139 97547
118544 95880 96453
96453 95880 118544
95880 96453 118544
25760 79741 108896
79741 25760 108896
108896 25760 79741
40773 6914 100780
100780 6914 40773
6914 40773 100780
89174 54581 107642
54581 89174 107642
107642 54581 89174
78172 83152 108777
83152 78172 108777
108777 78172 83152
49960 33675 66337
33675 49960 66337
66337 33675 49960
87806 80229 82192
82192 80229 87806
80229 82192 87806
106751 23605 128732
23605 106751 128732
128732 23605 106751
47848 8077 65385
8077 47848 65385
65385 8077 47848
2655 99482 140880
99482 2655 140880
140880 2655 99482
67243 33179 141345
141345 33179 67243
33179 67243 141345
149923 10871 133636
133636 10871 149923
10871 133636 149923
138163 52419 148435
148435 52419 138163
52419 138163 148435
113799 12528 111212
111212 12528 113799
12528 111212 113799
126171 19402 87431
87431 19402 126171
19402 87431 126171
41154 91808 146053
146053 41154 91808
91808 41154 146053
119731 13048 87057
13048 87057 119731
87057 13048 119731
35074 82980 117813
82980 35074 117813
117813 35074 82980
103614 8061 106896
8061 103614 106896
106896 8061 103614
133989 35506 114584
114584 35506 133989
35506 114584 133989
73567 20603 35270
35270 20603 73567
20603 35270 73567
131377 23876 57411
57411 23876 131377
23876 57411 131377
54933 495 48833
495 48833 54933
48833 495 54933
86517 101690 109004
101690 86517 109004
109004 86517 101690
87592 109174 137664
137664 87592 109174
109174 87592 137664
91292 23005 38234
38234 23005 91292
23005 38234 91292
78594 27915 75851
27915 75851 78594
75851 27915 78594
113614 41052 141754
41052 113614 141754
141754 41052 113614
139580 91310 103114
91310 103114 139580
103114 91310 139580
10535 71138 137957
137957 10535 71138
71138 10535 137957
17470 68262 69241
68262 17470 69241
69241 17470 68262
24792 11872 87203
87203 11872 24792
11872 24792 87203
68405 64138 99251
64138 68405 99251
99251 64138 68405
80258 67260 96239
67260 80258 96239
96239 67260 80258
81346 88734 112223
88734 81346 112223
112223 81346 88734
79472 46351 90501
46351 79472 90501
90501 46351 79472
80563 81872 92177
92177 80563 81872
81872 80563 92177
101469 21663 111532
21663 101469 111532
111532 21663 101469
1010 17851 54063
54063 1010 17851
17851 1010 54063
101623 78504 125100
78504 101623 125100
125100 78504 101623
46824 7323 124320
124320 7323 46824
7323 46824 124320
53401 78456 142602
142602 53401 78456
78456 53401 142602
51038 88417 133212
88417 51038 133212
133212 51038 88417
131916 30423 103310
30423 103310 131916
103310 30423 131916
8815 93033 120712
120712 8815 93033
93033 8815 120712
102392 80896 94903
80896 94903 102392
94903 80896 102392
140572 60896 92328
60896 92328 140572
92328 60896 140572
22478 47052 133557
47052 22478 133557
133557 22478 47052
118721 20955 123884
123884 20955 118721
20955 118721 123884
84839 29635 36528
36528 29635 84839
29635 36528 84839
115747 109252 143302
109252 115747 143302
143302 109252 115747
48873 91250 112099
112099 48873 91250
91250 48873 112099
30538 125756 144920
144920 30538 125756
125756 30538 144920
99020 43264 75294
75294 43264 99020
43264 75294 99020
8002 59459 62253
59459 8002 62253
62253 8002 59459
137043 29868 91598
29868 91598 137043
91598 29868 137043
4698 59559 113214
113214 4698 59559
59559 4698 113214
102661 121844 135282
121844 102661 135282
135282 102661 121844
19935 2847 147572
2847 19935 147572
147572 2847 19935
102572 74300 144549
74300 102572 144549
144549 74300 102572
2565 133574 149652
149652 2565 133574
133574 2565 149652
54918 44792 77162
44792 54918 77162
77162 44792 54918
129520 23430 90038
90038 23430 129520
23430 90038 129520
53435 14048 86555
86555 14048 53435
14048 53435 86555
84967 69101 136214
69101 84967 136214
136214 69101 84967
145271 3329 56317
56317 3329 145271
3329 56317 145271
18120 60433 103586
60433 18120 103586
103586 18120 60433
89871 68264 87905
68264 87905 89871
87905 68264 89871
148821 51765 55934
51765 55934 148821
55934 51765 148821
21799 66112 75141
75141 21799 66112
66112 21799 75141
6414 74667 96103
74667 6414 96103
96103 6414 74667
103872 35049 77342
35049 77342 103872
77342 35049 103872
50160 117372 136354
136354 50160 117372
117372 50160 136354
47260 45078 61534
61534 45078 47260
45078 47260 61534
51676 39072 75213
39072 51676 75213
75213 39072 51676
139482 88889 142989
88889 139482 142989
142989 88889 139482
22356 108571 129661
108571 22356 129661
129661 22356 108571
71887 60589 140488
140488 60589 71887
60589 71887 140488
127365 25447 96307
96307 25447 127365
25447 96307 127365
98503 108903 136286
136286 98503 108903
108903 98503 136286
61328 93308 129448
93308 61328 129448
129448 61328 93308
124489 25333 119410
25333 119410 124489
119410 25333 124489
44686 79888 129836
129836 44686 79888
79888 44686 129836
20330 59165 121122
59165 20330 121122
121122 20330 59165
91813 36177 129212
36177 91813 129212
129212 36177 91813
140434 75515 79646
75515 79646 140434
79646 75515 140434
17117 4382 93410
4382 17117 93410
93410 4382 17117
18830 63441 100109
63441 18830 100109
100109 18830 63441
148138 46666 69650
69650 46666 148138
46666 69650 148138
83424 124856 139373
124856 83424 139373
139373 83424 124856
52270 11547 85111
11547 52270 85111
85111 11547 52270
25407 28597 56205
56205 25407 28597
28597 25407 56205
46489 66755 128601
128601 46489 66755
66755 46489 128601
48976 21997 114112
114112 21997 48976
21997 48976 114112
105557 55585 71559
55585 71559 105557
71559 55585 105557
132995 29672 99007
29672 99007 132995
99007 29672 132995
121999 52896 135651
52896 121999 135651
135651 52896 121999
17819 19555 37444
19555 17819 37444
37444 17819 19555
58588 83210 126766
126766 58588 83210
83210 58588 126766
96093 52859 104152
52859 96093 104152
104152 52859 96093
13349 76870 109862
109862 13349 76870
76870 13349 109862
57224 7504 88815
7504 57224 88815
88815 7504 57224
32505 21994 73347
21994 32505 73347
73347 21994 32505
35527 39498 134714
39498 35527 134714
134714 35527 39498
44666 77899 99056
99056 44666 77899
77899 44666 99056
131238 51622 133380
51622 131238 133380
133380 51622 131238
117903 2895 22359
2895 22359 117903
22359 2895 117903
115157 80276 113747
113747 80276 115157
80276 113747 115157
74732 53585 126620
53585 74732 126620
126620 53585 74732
75903 4452 73415
73415 4452 75903
4452 73415 75903
140393 96623 112734
112734 96623 140393
96623 112734 140393
121935 74532 103863
103863 74532 121935
74532 103863 121935
56682 29838 42559
29838 42559 56682
42559 29838 56682
50787 78405 130392
130392 50787 78405
78405 50787 130392
47256 88547 131874
131874 47256 88547
88547 47256 131874
122062 59628 87466
59628 87466 122062
87466 59628 122062
38344 23139 56318
23139 38344 56318
56318 23139 38344
42190 47486 123137
47486 42190 123137
123137 42190 47486
129598 55247 95346
55247 95346 129598
95346 55247 129598
114105 66796 148687
148687 66796 114105
66796 114105 148687
121898 19496 48473
19496 48473 121898
48473 19496 121898
7188 68943 141392
141392 7188 68943
68943 7188 141392
111888 3651 4676
4676 3651 111888
3651 4676 111888
80204 10144 92091
10144 80204 92091
92091 10144 80204
109231 77228 135683
135683 77228 109231
77228 109231 135683
54225 106402 125953
106402 54225 125953
125953 54225 106402
23178 16104 147015
147015 16104 23178
16104 23178 147015
85826 87036 91380
91380 85826 87036
87036 85826 91380
21146 28418 82532
82532 21146 28418
28418 21146 82532
125171 7052 138993
138993 7052 125171
7052 125171 138993
77850 19678 54510
54510 19678 77850
19678 54510 77850
14096 27919 112722
112722 14096 27919
27919 14096 112722
142593 125472 147979
125472 142593 147979
147979 125472 142593
20365 65692 147479
65692 20365 147479
147479 20365 65692
8935 87854 133763
87854 8935 133763
133763 8935 87854
22185 11264 59477
59477 11264 22185
11264 22185 59477
58908 33201 59172
33201 58908 59172
59172 33201 58908
136521 123585 133639
123585 133639 136521
133639 123585 136521
5754 43150 72744
43150 5754 72744
72744 5754 43150
75050 110208 115398
115398 75050 110208
110208 75050 115398
43263 81303 95762
95762 43263 81303
81303 43263 95762
18248 38228 66162
66162 18248 38228
38228 18248 66162
74865 14484 52448
14484 52448 74865
52448 14484 74865
110611 58600 80606
58600 80606 110611
80606 58600 110611
47654 76117 138808
76117 47654 138808
138808 47654 76117
148967 7638 44032
7638 44032 148967
44032 7638 148967
4298 101226 138539
101226 4298 138539
138539 4298 101226
19031 143346 148258
143346 19031 148258
148258 19031 143346
87736 57726 130007
57726 87736 130007
130007 57726 87736
144787 56772 119898
56772 119898 144787
119898 56772 144787
23161 37840 147209
37840 23161 147209
147209 23161 37840
12333 71711 101402
101402 12333 71711
71711 12333 101402
22089 58206 74296
58206 22089 74296
74296 22089 58206
28947 85973 94770
85973 28947 94770
94770 28947 85973
42642 34459 40473
34459 40473 42642
40473 34459 42642
37451 72911 135721
72911 37451 135721
135721 37451 72911
27895 14398 141206
141206 14398 27895
14398 27895 141206
122993 23067 121487
121487 23067 122993
23067 121487 122993
60315 30756 84305
30756 60315 84305
84305 30756 60315
45991 14976 108445
108445 14976 45991
14976 45991 108445
130610 5643 132614
5643 130610 132614
132614 5643 130610
100746 28145 68840
28145 68840 100746
68840 28145 100746
84783 59202 117244
117244 59202 84783
59202 84783 117244
30642 63838 66406
66406 30642 63838
63838 30642 66406
36266 49474 131355
49474 36266 131355
131355 36266 49474
82315 17143 115221
115221 17143 82315
17143 82315 115221
136359 41773 133594
41773 133594 136359
133594 41773 136359
115010 69718 91043
91043 69718 115010
69718 91043 115010
105339 114146 138648
114146 105339 138648
138648 105339 114146
58873 25685 143204
143204 25685 58873
25685 58873 143204
26232 55221 91081
55221 26232 91081
91081 26232 55221
83787 100917 103534
103534 83787 100917
100917 83787 103534
135255 21789 36745
21789 36745 135255
36745 21789 135255
118027 29117 143068
143068 29117 118027
29117 118027 143068
27782 11810 17159
11810 17159 27782
17159 11810 27782
45514 32991 135053
32991 45514 135053
135053 32991 45514
101822 131710 145804
145804 101822 131710
131710 101822 145804
73300 52979 115880
52979 73300 115880
115880 52979 73300
125779 81926 101959
81926 101959 125779
101959 81926 125779
24392 35755 98820
98820 24392 35755
35755 24392 98820
95839 45273 64205
45273 64205 95839
64205 45273 95839
32869 4947 96560
4947 32869 96560
96560 4947 32869
37850 3299 128936
128936 3299 37850
3299 37850 128936
21930 19737 145688
145688 19737 21930
19737 21930 145688
125152 23787 51072
23787 51072 125152
51072 23787 125152
124623 3270 66088
66088 3270 124623
3270 66088 124623
86498 26060 100557
100557 26060 86498
26060 86498 100557
128715 87178 123306
87178 123306 128715
123306 87178 128715
4929 82411 141513
82411 4929 141513
141513 4929 82411
67855 15628 44154
15628 44154 67855
44154 15628 67855
83229 85532 121028
85532 83229 121028
121028 83229 85532
54331 78886 112659
112659 54331 78886
78886 54331 112659
94769 66283 87974
66283 87974 94769
87974 66283 94769
81794 127178 140708
127178 81794 140708
140708 81794 127178
111963 33049 141769
141769 33049 111963
33049 111963 141769
131708 83834 106714
106714 83834 131708
83834 106714 131708
29961 62498 130714
130714 29961 62498
62498 29961 130714
136607 18128 104461
104461 18128 136607
18128 104461 136607
114840 44983 135678
44983 114840 135678
135678 44983 114840
70717 146289 149951
149951 70717 146289
146289 70717 149951
106495 18049 55716
55716 18049 106495
18049 55716 106495
70462 23429 25505
25505 23429 70462
23429 25505 70462
131581 73191 74346
73191 74346 131581
74346 73191 131581
