821 2248 2371
2248 821 2371
2371 821 2248
8292 4425 13889
13889 4425 8292
4425 8292 13889
2169 1522 12093
12093 1522 2169
1522 2169 12093
10465 1484 7734
1484 7734 10465
7734 1484 10465
9579 9346 10496
10496 9346 9579
9346 9579 10496
1204 1933 7395
1933 1204 7395
7395 1204 1933
5749 696 3745
696 3745 5749
3745 696 5749
10091 1213 11242
11242 1213 10091
1213 10091 11242
13428 431 3235
3235 431 13428
431 3235 13428
10240 577 5429
5429 577 10240
577 5429 10240
7805 7503 13167
7503 7805 13167
13167 7503 7805
3762 443 5136
443 3762 5136
5136 443 3762
2998 5163 6802
5163 2998 6802
6802 2998 5163
62 1038 7118
1038 62 7118
7118 62 1038
3046 4439 6673
4439 3046 6673
6673 3046 4439
6933 14719 14794
14719 6933 14794
14794 6933 14719
13105 8162 12695
12695 8162 13105
8162 12695 13105
14151 8846 13302
8846 13302 14151
13302 8846 14151
8531 10977 14642
10977 8531 14642
14642 8531 10977
14157 6344 12849
12849 6344 14157
6344 12849 14157
11077 8051 11689
11689 8051 11077
8051 11077 11689
1166 10257 13587
13587 1166 10257
10257 1166 13587
13124 6336 6671
6671 6336 13124
6336 6671 13124
4395 6031 14751
14751 4395 6031
6031 4395 14751
7381 12745 12781
12745 7381 12781
12781 7381 12745
11715 11060 12051
12051 11060 11715
11060 11715 12051
2829 458 8448
458 2829 8448
8448 458 2829
7693 4491 7198
7198 4491 7693
4491 7198 7693
3299 9213 12373
12373 3299 9213
9213 3299 12373
7718 1872 2426
2426 1872 7718
1872 2426 7718
8039 10589 11122
11122 8039 10589
10589 8039 11122
2762 2372 8203
8203 2372 2762
2372 2762 8203
5116 7986 10351
7986 5116 10351
10351 5116 7986
8132 5266 10209
5266 8132 10209
10209 5266 8132
3151 5715 6899
6899 3151 5715
5715 3151 6899
3732 1900 10889
1900 3732 10889
10889 1900 3732
3163 1691 2622
2622 1691 3163
1691 2622 3163
11303 6650 14388
6650 11303 14388
14388 6650 11303
1958 3780 6243
6243 1958 3780
3780 1958 6243
5947 9576 11874
9576 5947 11874
11874 5947 9576
4979 6581 11166
6581 4979 11166
11166 4979 6581
13274 3751 9108
9108 3751 13274
3751 9108 13274
3177 10342 13276
13276 3177 10342
10342 3177 13276
3866 5802 9385
5802 3866 9385
9385 3866 5802
6403 12477 13130
12477 6403 13130
13130 6403 12477
7162 1118 7196
1118 7162 7196
7196 1118 7162
8111 1903 5345
5345 1903 8111
1903 5345 8111
9271 10697 14777
10697 9271 14777
14777 9271 10697
978 6264 13360
13360 978 6264
6264 978 13360
4313 7142 9595
9595 4313 7142
7142 4313 9595
2596 6515 13763
6515 2596 13763
13763 2596 6515
6672 4867 10638
4867 6672 10638
10638 4867 6672
174 1231 7941
7941 174 1231
1231 174 7941
4011 8224 8954
8224 4011 8954
8954 4011 8224
7186 4328 13220
13220 4328 7186
4328 7186 13220
14129 2102 13502
13502 2102 14129
2102 13502 14129
1580 10071 12760
12760 1580 10071
10071 1580 12760
9378 12396 13038
12396 9378 13038
13038 9378 12396
7932 4356 5586
4356 5586 7932
5586 4356 7932
1107 816 10116
816 1107 10116
10116 816 1107
10964 8232 12700
12700 8232 10964
8232 10964 12700
7739 6433 10479
6433 7739 10479
10479 6433 7739
14816 2465 7527
2465 7527 14816
7527 2465 14816
12426 642 10790
642 10790 12426
10790 642 12426
13435 1647 13757
1647 13435 13757
13757 1647 13435
11769 10457 14732
10457 11769 14732
14732 10457 11769
13792 4937 5238
5238 4937 13792
4937 5238 13792
9086 1684 14616
1684 9086 14616
14616 1684 9086
12859 5786 13128
13128 5786 12859
5786 12859 13128
14818 394 3701
394 3701 14818
3701 394 14818
14646 1363 14438
14438 1363 14646
1363 14438 14646
1280 497 8305
497 1280 8305
8305 497 1280
7971 9063 11917
9063 7971 11917
11917 7971 9063
1042 581 5823
5823 581 1042
581 1042 5823
2796 885 5265
885 2796 5265
5265 885 2796
14526 1232 7743
1232 7743 14526
7743 1232 14526
10246 9071 14922
9071 10246 14922
14922 9071 10246
1703 11668 12350
11668 1703 12350
12350 1703 11668
4577 700 4031
700 4031 4577
4031 700 4577
9026 10609 11080
11080 9026 10609
10609 9026 11080
755 4414 9889
4414 755 9889
9889 755 4414
10238 2128 9056
9056 2128 10238
2128 9056 10238
8182 10446 13374
10446 8182 13374
13374 8182 10446
2277 4232 4304
4304 2277 4232
4232 2277 4304
10057 4713 8882
4713 8882 10057
8882 4713 10057
11457 2206 14488
14488 2206 11457
2206 11457 14488
4535 3267 10846
10846 3267 4535
3267 4535 10846
9900 3758 9100
3758 9100 9900
9100 3758 9900
12839 8009 9009
9009 8009 12839
8009 9009 12839
9205 383 6253
6253 383 9205
383 6253 9205
4211 609 2052
2052 609 4211
609 2052 4211
3970 5319 12321
5319 3970 12321
12321 3970 5319
10538 2782 11558
11558 2782 10538
2782 10538 11558
10061 1784 12951
1784 10061 12951
12951 1784 10061
6845 5171 5231
5171 5231 6845
5231 5171 6845
14631 2703 11796
2703 11796 14631
11796 2703 14631
7430 4179 5069
5069 4179 7430
4179 5069 7430
10454 2308 10306
10306 2308 10454
2308 10306 10454
1315 9077 11159
9077 1315 11159
11159 1315 9077
5363 4099 4637
4099 4637 5363
4637 4099 5363
9698 4555 11101
4555 9698 11101
11101 4555 9698
11351 2357 14317
14317 2357 11351
2357 11351 14317
10659 4237 4824
4237 4824 10659
4824 4237 10659
5241 6009 11736
6009 5241 11736
11736 5241 6009
1731 340 7514
340 1731 7514
7514 340 1731
13550 11966 13123
11966 13123 13550
13123 11966 13550
6053 2388 9084
9084 2388 6053
2388 6053 9084
10016 4295 4613
4295 4613 10016
4613 4295 10016
9972 2779 11815
2779 9972 11815
11815 2779 9972
9847 6259 14756
14756 6259 9847
6259 9847 14756
2467 2889 7608
7608 2467 2889
2889 2467 7608
2070 4563 11505
11505 2070 4563
4563 2070 11505
14506 4723 12176
4723 12176 14506
12176 4723 14506
10928 6382 7145
7145 6382 10928
6382 7145 10928
9633 1208 5612
5612 1208 9633
1208 5612 9633
8815 10980 14779
14779 8815 10980
10980 8815 14779
9882 2716 11988
11988 2716 9882
2716 9882 11988
2160 11546 13788
11546 2160 13788
13788 2160 11546
7630 1362 2678
2678 1362 7630
1362 2678 7630
8013 1837 14944
14944 1837 8013
1837 8013 14944
8436 1597 8127
8127 1597 8436
1597 8127 8436
2554 4653 11985
4653 2554 11985
11985 2554 4653
7815 11729 12494
12494 7815 11729
11729 7815 12494
13068 3166 5248
5248 3166 13068
3166 5248 13068
6458 12646 14823
14823 6458 12646
12646 6458 14823
9426 4447 10421
4447 9426 10421
10421 4447 9426
6983 311 2243
311 2243 6983
2243 311 6983
13562 9212 13018
13018 9212 13562
9212 13018 13562
10912 2745 5902
2745 5902 10912
5902 2745 10912
13013 3037 13574
3037 13013 13574
13574 3037 13013
9277 4303 7952
4303 7952 9277
7952 4303 9277
4961 1378 4916
1378 4916 4961
4916 1378 4961
1008 10873 14853
10873 1008 14853
14853 1008 10873
5818 6735 10408
6735 5818 10408
10408 5818 6735
1457 5824 10145
5824 1457 10145
10145 1457 5824
2468 3555 8526
3555 2468 8526
8526 2468 3555
14403 9684 12623
12623 9684 14403
9684 12623 14403
3754 5744 7505
7505 3754 5744
5744 3754 7505
1714 1297 5108
5108 1297 1714
1297 1714 5108
10510 7510 13925
13925 7510 10510
7510 10510 13925
4545 3317 14368
3317 4545 14368
14368 3317 4545
1298 8853 11263
8853 1298 11263
11263 1298 8853
14164 1608 12126
12126 1608 14164
1608 12126 14164
9733 2159 11903
2159 9733 11903
11903 2159 9733
11510 3852 10614
3852 10614 11510
10614 3852 11510
13904 4952 8066
4952 8066 13904
8066 4952 13904
11317 110 9697
110 9697 11317
9697 110 11317
14578 7850 12200
12200 7850 14578
7850 12200 14578
14841 10576 13857
13857 10576 14841
10576 13857 14841
11229 3512 6972
6972 3512 11229
3512 6972 11229
3470 9337 14902
9337 3470 14902
14902 3470 9337
14135 287 6427
287 6427 14135
6427 287 14135
5298 3394 4709
4709 3394 5298
3394 4709 5298
10966 1968 9387
9387 1968 10966
1968 9387 10966
6349 1011 12602
12602 1011 6349
1011 6349 12602
8272 9036 13182
13182 8272 9036
9036 8272 13182
11501 3898 4159
4159 3898 11501
3898 4159 11501
4790 8813 12692
12692 4790 8813
8813 4790 12692
14170 8304 11849
11849 8304 14170
8304 11849 14170
3438 6284 6783
6284 3438 6783
6783 3438 6284
8542 6407 11953
11953 6407 8542
6407 8542 11953
1187 2570 12864
12864 1187 2570
2570 1187 12864
11474 2030 9472
9472 2030 11474
2030 9472 11474
9921 7355 9866
7355 9866 9921
9866 7355 9921
8426 2139 8021
8021 2139 8426
2139 8021 8426
13048 4531 9202
4531 9202 13048
9202 4531 13048
2201 4873 11835
4873 2201 11835
11835 2201 4873
7987 6101 11205
6101 7987 11205
11205 6101 7987
8591 3289 14360
14360 3289 8591
3289 8591 14360
1789 7520 13092
7520 1789 13092
13092 1789 7520
10561 3191 7876
3191 7876 10561
7876 3191 10561
2680 6206 12384
6206 2680 12384
12384 2680 6206
9311 5144 12545
5144 9311 12545
12545 5144 9311
2944 716 9013
9013 716 2944
716 2944 9013
13760 5468 11293
5468 11293 13760
11293 5468 13760
7045 3826 8421
3826 7045 8421
8421 3826 7045
4097 9298 11616
9298 4097 11616
11616 4097 9298
10817 6337 6518
6337 6518 10817
6518 6337 10817
10485 11712 13234
13234 10485 11712
11712 10485 13234
9403 496 3331
3331 496 9403
496 3331 9403
2258 357 3549
3549 357 2258
357 2258 3549
3983 1539 14716
1539 3983 14716
14716 1539 3983
13476 679 14371
14371 679 13476
679 13476 14371
9973 3856 14373
3856 9973 14373
14373 3856 9973
4180 3843 8493
8493 3843 4180
3843 4180 8493
9899 4578 6687
4578 6687 9899
6687 4578 9899
491 3953 9405
3953 491 9405
9405 491 3953
13885 6537 12778
6537 12778 13885
12778 6537 13885
14446 1162 3355
3355 1162 14446
1162 3355 14446
6806 7131 8168
7131 6806 8168
8168 6806 7131
361 4612 7775
7775 361 4612
4612 361 7775
7054 8003 11392
11392 7054 8003
8003 7054 11392
13549 5966 9593
9593 5966 13549
5966 9593 13549
3840 10615 14294
14294 3840 10615
10615 3840 14294
199 4250 5711
4250 199 5711
5711 199 4250
14108 1463 14230
1463 14108 14230
14230 1463 14108
13280 10495 14670
10495 13280 14670
14670 10495 13280
12910 942 1578
942 1578 12910
1578 942 12910
4761 9725 12399
12399 4761 9725
9725 4761 12399
6334 5876 14194
5876 6334 14194
14194 5876 6334
2775 2213 5598
2213 2775 5598
5598 2213 2775
14458 1562 13540
13540 1562 14458
1562 13540 14458
8128 10850 10914
10850 8128 10914
10914 8128 10850
2643 9040 12890
9040 2643 12890
12890 2643 9040
10590 1611 14659
14659 1611 10590
1611 10590 14659
153 5146 7680
7680 153 5146
5146 153 7680
13780 1655 4863
4863 1655 13780
1655 4863 13780
8848 3096 12205
12205 3096 8848
3096 8848 12205
9763 125 14557
14557 125 9763
125 9763 14557
955 10536 10772
10772 955 10536
10536 955 10772
14552 3756 7426
3756 7426 14552
7426 3756 14552
2330 9975 13436
13436 2330 9975
9975 2330 13436
11926 2240 10990
10990 2240 11926
2240 10990 11926
14165 11984 14362
11984 14165 14362
14362 11984 14165
8346 1618 11576
1618 8346 11576
11576 1618 8346
13298 1575 4499
1575 4499 13298
4499 1575 13298
14103 830 11990
830 11990 14103
11990 830 14103
14162 592 14226
14226 592 14162
592 14162 14226
10034 1215 5772
1215 5772 10034
5772 1215 10034
2188 1976 2800
2800 1976 2188
1976 2188 2800
6512 1300 7215
7215 1300 6512
1300 6512 7215
4931 7984 11141
7984 4931 11141
11141 4931 7984
10836 6478 11568
6478 10836 11568
11568 6478 10836
13306 3939 7674
7674 3939 13306
3939 7674 13306
7235 11596 12252
11596 7235 12252
12252 7235 11596
14110 10060 13129
13129 10060 14110
10060 13129 14110
10774 6860 14759
6860 10774 14759
14759 6860 10774
6215 7448 10672
10672 6215 7448
7448 6215 10672
90 9606 10692
9606 90 10692
10692 90 9606
2111 2655 12715
12715 2111 2655
2655 2111 12715
2832 8297 13304
8297 2832 13304
13304 2832 8297
13455 4489 4691
4691 4489 13455
4489 4691 13455
4299 754 5693
5693 754 4299
754 4299 5693
2901 2320 14804
14804 2320 2901
2320 2901 14804
4661 4318 8186
4318 4661 8186
8186 4318 4661
12907 6124 6725
6124 6725 12907
6725 6124 12907
5306 3053 13400
3053 5306 13400
13400 3053 5306
6586 8929 11232
8929 6586 11232
11232 6586 8929
6958 2862 6307
2862 6307 6958
6307 2862 6958
12626 6456 6950
6456 6950 12626
6950 6456 12626
6964 9024 12949
9024 6964 12949
12949 6964 9024
7534 11112 11632
11632 7534 11112
11112 7534 11632
8689 3336 13943
3336 8689 13943
13943 3336 8689
8288 2113 11409
2113 8288 11409
11409 2113 8288
7977 12503 14284
14284 7977 12503
12503 7977 14284
13398 3097 4594
3097 4594 13398
4594 3097 13398
5812 2938 6576
6576 2938 5812
2938 5812 6576
12057 404 9640
404 9640 12057
9640 404 12057
8046 601 9850
9850 601 8046
601 8046 9850
1974 10563 11925
11925 1974 10563
10563 1974 11925
2512 2849 7263
7263 2512 2849
2849 2512 7263
13373 1718 2054
1718 2054 13373
2054 1718 13373
10170 1857 14711
1857 10170 14711
14711 1857 10170
10059 6156 11391
6156 10059 11391
11391 6156 10059
13639 4751 8762
8762 4751 13639
4751 8762 13639
1500 9253 14306
9253 1500 14306
14306 1500 9253
14791 1105 4711
4711 1105 14791
1105 4711 14791
11082 4086 10664
10664 4086 11082
4086 10664 11082
13725 2207 10406
10406 2207 13725
2207 10406 13725
4536 13490 14085
13490 4536 14085
14085 4536 13490
7465 6172 13852
13852 6172 7465
6172 7465 13852
2303 214 4542
214 2303 4542
4542 214 2303
7536 1922 12508
12508 1922 7536
1922 7536 12508
6300 3503 13531
3503 6300 13531
13531 3503 6300
8178 4922 6004
4922 6004 8178
6004 4922 8178
5659 2291 10644
2291 5659 10644
10644 2291 5659
4221 4024 12592
12592 4024 4221
4024 4221 12592
12785 7808 9842
9842 7808 12785
7808 9842 12785
10373 4947 8515
4947 8515 10373
8515 4947 10373
2577 276 8989
8989 276 2577
276 2577 8989
13855 11221 12168
11221 12168 13855
12168 11221 13855
4081 10270 14750
10270 4081 14750
14750 4081 10270
9917 10285 13466
13466 9917 10285
10285 9917 13466
9791 10574 14877
10574 9791 14877
14877 9791 10574
10711 304 2476
2476 304 10711
304 2476 10711
6475 9321 10603
10603 6475 9321
9321 6475 10603
9979 4488 7107
4488 7107 9979
7107 4488 9979
9622 9115 10311
10311 9115 9622
9115 9622 10311
8612 2786 9704
9704 2786 8612
2786 8612 9704
5356 2166 11772
2166 5356 11772
11772 2166 5356
13311 11437 13653
13653 11437 13311
11437 13311 13653
6060 5978 10108
10108 5978 6060
5978 6060 10108
6791 5983 9284
9284 5983 6791
5983 6791 9284
5 8717 12257
12257 5 8717
8717 5 12257
10127 2755 3150
2755 3150 10127
3150 2755 10127
7471 5606 5737
5737 5606 7471
5606 5737 7471
5105 3810 11125
11125 3810 5105
3810 5105 11125
2275 6809 13768
6809 2275 13768
13768 2275 6809
14320 1501 6054
1501 6054 14320
6054 1501 14320
2496 1826 6666
6666 1826 2496
1826 2496 6666
650 4084 11682
4084 650 11682
11682 650 4084
12872 7197 8427
8427 7197 12872
7197 8427 12872
12972 2979 14656
14656 2979 12972
2979 12972 14656
560 5339 12160
12160 560 5339
5339 560 12160
13430 236 10211
236 10211 13430
10211 236 13430
13515 710 3801
710 3801 13515
3801 710 13515
3386 1850 3216
3216 1850 3386
1850 3216 3386
6279 575 2595
2595 575 6279
575 2595 6279
1535 7336 14104
14104 1535 7336
7336 1535 14104
8027 4322 12654
12654 4322 8027
4322 8027 12654
4139 405 13655
13655 405 4139
405 4139 13655
8393 1781 7438
1781 7438 8393
7438 1781 8393
3757 307 1833
1833 307 3757
307 1833 3757
6242 8817 9208
9208 6242 8817
8817 6242 9208
8006 1045 6029
1045 6029 8006
6029 1045 8006
8776 9963 10266
9963 8776 10266
10266 8776 9963
11628 2471 9989
2471 9989 11628
9989 2471 11628
7906 4089 5068
4089 5068 7906
5068 4089 7906
7000 1377 5490
5490 1377 7000
1377 5490 7000
11481 4630 5920
5920 4630 11481
4630 5920 11481
6820 6424 7352
7352 6424 6820
6424 6820 7352
10159 3851 8081
8081 3851 10159
3851 8081 10159
1460 6245 12968
6245 1460 12968
12968 1460 6245
12208 6470 8637
6470 8637 12208
8637 6470 12208
102 5084 10314
10314 102 5084
5084 102 10314
2184 9955 13251
13251 2184 9955
9955 2184 13251
12831 5288 10556
5288 10556 12831
10556 5288 12831
1599 8094 9991
8094 1599 9991
9991 1599 8094
4430 3157 3251
3157 3251 4430
3251 3157 4430
5131 6999 10802
6999 5131 10802
10802 5131 6999
7990 11574 13198
11574 7990 13198
13198 7990 11574
2701 1859 4699
1859 2701 4699
4699 1859 2701
11921 3642 10691
10691 3642 11921
3642 10691 11921
10481 3864 5225
5225 3864 10481
3864 5225 10481
4884 7182 9530
9530 4884 7182
7182 4884 9530
13970 1158 5518
5518 1158 13970
1158 5518 13970
3923 1146 12414
1146 3923 12414
12414 1146 3923
9626 1548 1662
1548 1662 9626
1662 1548 9626
6960 1792 11394
1792 6960 11394
11394 1792 6960
13262 7498 9302
7498 9302 13262
9302 7498 13262
4463 2445 12416
2445 4463 12416
12416 2445 4463
12519 8317 9967
9967 8317 12519
8317 9967 12519
6721 6062 9144
6062 6721 9144
9144 6062 6721
14220 1014 10878
1014 10878 14220
10878 1014 14220
14602 9379 11045
11045 9379 14602
9379 11045 14602
5181 1824 8241
1824 5181 8241
8241 1824 5181
7856 11581 12461
11581 7856 12461
12461 7856 11581
14720 2543 5327
2543 5327 14720
5327 2543 14720
1461 1466 4482
1466 1461 4482
4482 1461 1466
4839 8161 8438
8161 4839 8438
8438 4839 8161
8890 520 12000
520 8890 12000
12000 520 8890
13579 1989 6376
1989 6376 13579
6376 1989 13579
4619 2991 6471
6471 2991 4619
2991 4619 6471
13842 2573 14595
2573 13842 14595
14595 2573 13842
365 10567 13424
10567 365 13424
13424 365 10567
901 3867 11592
3867 901 11592
11592 901 3867
10379 1728 9117
1728 9117 10379
9117 1728 10379
2575 10055 14039
14039 2575 10055
10055 2575 14039
12170 4390 7519
7519 4390 12170
4390 7519 12170
10925 193 4206
193 4206 10925
4206 193 10925
8211 1060 3466
3466 1060 8211
1060 3466 8211
9494 10704 14247
10704 9494 14247
14247 9494 10704
1195 469 4183
469 1195 4183
4183 469 1195
3334 6778 11287
11287 3334 6778
6778 3334 11287
10575 7251 14172
7251 10575 14172
14172 7251 10575
5500 764 2802
764 2802 5500
2802 764 5500
6116 13816 14410
13816 6116 14410
14410 6116 13816
2728 10595 13891
13891 2728 10595
10595 2728 13891
8381 1121 12647
12647 1121 8381
1121 8381 12647
11608 7482 13073
13073 7482 11608
7482 11608 13073
12702 11773 12429
12429 11773 12702
11773 12429 12702
9571 886 11794
11794 886 9571
886 9571 11794
8985 8086 11272
8086 8985 11272
11272 8086 8985
206 187 8461
8461 187 206
187 206 8461
66 3480 7407
3480 66 7407
7407 66 3480
12744 5337 7341
7341 5337 12744
5337 7341 12744
9580 7553 8940
8940 7553 9580
7553 8940 9580
1955 2021 9929
9929 1955 2021
2021 1955 9929
12826 1354 12708
1354 12708 12826
12708 1354 12826
9724 2261 13990
2261 9724 13990
13990 2261 9724
13843 14123 14570
14570 13843 14123
14123 13843 14570
2307 12866 13133
13133 2307 12866
12866 2307 13133
432 2093 12410
12410 432 2093
2093 432 12410
3388 5798 8584
5798 3388 8584
8584 3388 5798
6605 2403 13434
2403 6605 13434
13434 2403 6605
14959 1201 8300
8300 1201 14959
1201 8300 14959
4510 13861 14246
14246 4510 13861
13861 4510 14246
12277 3450 3991
3450 3991 12277
3991 3450 12277
14723 4885 14462
14462 4885 14723
4885 14462 14723
2989 736 4008
4008 736 2989
736 2989 4008
4737 3792 12988
12988 3792 4737
3792 4737 12988
3962 3282 9064
9064 3282 3962
3282 3962 9064
14798 1771 5915
1771 5915 14798
5915 1771 14798
4738 9832 14434
14434 4738 9832
9832 4738 14434
8789 3356 10303
3356 8789 10303
10303 3356 8789
194 2099 6121
2099 194 6121
6121 194 2099
6071 567 5761
567 5761 6071
5761 567 6071
5109 2072 14842
2072 5109 14842
14842 2072 5109
3135 5132 10497
5132 3135 10497
10497 3135 5132
7546 12758 14047
14047 7546 12758
12758 7546 14047
1813 2349 5437
2349 1813 5437
5437 1813 2349
14482 3643 12386
3643 12386 14482
12386 3643 14482
12223 965 13841
965 12223 13841
13841 965 12223
10828 8428 14973
14973 8428 10828
8428 10828 14973
10640 1323 12212
12212 1323 10640
1323 10640 12212
5523 2006 11513
2006 5523 11513
11513 2006 5523
295 753 11506
753 295 11506
11506 295 753
2691 4115 11135
4115 2691 11135
11135 2691 4115
9395 4315 6855
6855 4315 9395
4315 6855 9395
14764 4576 6374
6374 4576 14764
4576 6374 14764
14951 6077 8581
6077 8581 14951
8581 6077 14951
13199 604 12089
604 12089 13199
12089 604 13199
4995 10318 14287
14287 4995 10318
10318 4995 14287
10884 9431 9581
9581 9431 10884
9431 9581 10884
2856 12224 12813
12813 2856 12224
12224 2856 12813
28 2039 8996
8996 28 2039
2039 28 8996
1762 2664 10486
2664 1762 10486
10486 1762 2664
4320 8995 14435
8995 4320 14435
14435 4320 8995
6439 8594 9838
8594 6439 9838
9838 6439 8594
7832 8969 10343
10343 7832 8969
8969 7832 10343
12636 6256 9262
9262 6256 12636
6256 9262 12636
2864 4454 9888
9888 2864 4454
4454 2864 9888
10056 13474 13544
13544 10056 13474
13474 10056 13544
123 3226 5965
3226 123 5965
5965 123 3226
12492 2394 11735
2394 11735 12492
11735 2394 12492
9161 1928 8638
1928 8638 9161
8638 1928 9161
9189 4093 9015
4093 9015 9189
9015 4093 9189
5142 1028 6705
1028 5142 6705
6705 1028 5142
9380 3202 7935
3202 7935 9380
7935 3202 9380
5700 6399 8372
6399 5700 8372
8372 5700 6399
6604 445 7530
445 6604 7530
7530 445 6604
9491 6501 9843
9843 6501 9491
6501 9491 9843
6379 526 12798
12798 526 6379
526 6379 12798
12478 5987 7225
7225 5987 12478
5987 7225 12478
14542 5846 7292
7292 5846 14542
5846 7292 14542
961 9155 9648
9155 961 9648
9648 961 9155
9310 305 2147
2147 305 9310
305 2147 9310
12336 960 11518
960 11518 12336
11518 960 12336
12159 2793 5090
2793 5090 12159
5090 2793 12159
4261 1559 14344
1559 4261 14344
14344 1559 4261
4807 13446 13975
13975 4807 13446
13446 4807 13975
8720 433 5995
433 5995 8720
5995 433 8720
11478 3584 6288
6288 3584 11478
3584 6288 11478
9055 3376 3694
3694 3376 9055
3376 3694 9055
5997 534 11933
11933 534 5997
534 5997 11933
5419 1624 2735
1624 2735 5419
2735 1624 5419
9283 5066 10716
5066 9283 10716
10716 5066 9283
5359 9004 14758
9004 5359 14758
14758 5359 9004
8893 964 5167
964 5167 8893
5167 964 8893
5616 408 13069
408 5616 13069
13069 408 5616
12524 73 3083
3083 73 12524
73 3083 12524
11117 684 13591
13591 684 11117
684 11117 13591
407 10222 12152
10222 407 12152
12152 407 10222
12439 10052 11341
10052 11341 12439
11341 10052 12439
3882 8342 10498
10498 3882 8342
8342 3882 10498
870 3573 9567
3573 870 9567
9567 870 3573
5029 5559 11389
11389 5029 5559
5559 5029 11389
8285 2935 7621
7621 2935 8285
2935 7621 8285
5038 9164 10952
9164 5038 10952
10952 5038 9164
4978 9462 13146
9462 4978 13146
13146 4978 9462
4715 6435 11613
11613 4715 6435
6435 4715 11613
9166 4837 5438
4837 5438 9166
5438 4837 9166
12307 12285 12521
12521 12285 12307
12285 12307 12521
14054 3900 7647
3900 7647 14054
7647 3900 14054
13317 6757 10476
10476 6757 13317
6757 10476 13317
13437 4865 5086
4865 5086 13437
5086 4865 13437
4688 817 7751
7751 817 4688
817 4688 7751
5950 4116 8564
8564 4116 5950
4116 5950 8564
11383 3081 3105
3105 3081 11383
3081 3105 11383
8522 1661 7929
7929 1661 8522
1661 7929 8522
3384 5502 10390
10390 3384 5502
5502 3384 10390
4325 1516 2883
2883 1516 4325
1516 2883 4325
12547 2470 6988
2470 6988 12547
6988 2470 12547
5309 7138 10176
10176 5309 7138
7138 5309 10176
818 7370 14324
14324 818 7370
7370 818 14324
4271 10043 11763
10043 4271 11763
11763 4271 10043
4412 14187 14593
14593 4412 14187
14187 4412 14593
13820 10700 14865
14865 10700 13820
10700 13820 14865
3321 7716 9488
9488 3321 7716
7716 3321 9488
6198 6482 11208
6482 6198 11208
11208 6198 6482
13620 11246 11658
11246 11658 13620
11658 11246 13620
5725 2583 9357
9357 2583 5725
2583 5725 9357
10030 5780 8256
5780 8256 10030
8256 5780 10030
7794 6073 9578
6073 7794 9578
9578 6073 7794
2553 6059 8680
6059 2553 8680
8680 2553 6059
10618 13008 13386
13386 10618 13008
13008 10618 13386
13076 7262 7443
7262 7443 13076
7443 7262 13076
4321 4047 9883
4047 4321 9883
9883 4047 4321
7024 2125 14700
2125 7024 14700
14700 2125 7024
6736 2963 11897
11897 2963 6736
2963 6736 11897
14332 1421 3984
1421 3984 14332
3984 1421 14332
14074 5837 7278
5837 7278 14074
7278 5837 14074
7661 4557 14667
14667 4557 7661
4557 7661 14667
12625 1282 7085
1282 7085 12625
7085 1282 12625
12472 4822 5156
4822 5156 12472
5156 4822 12472
6670 10475 10608
10475 6670 10608
10608 6670 10475
11569 3515 4433
3515 4433 11569
4433 3515 11569
771 9539 12454
9539 771 12454
12454 771 9539
2008 8731 13657
13657 2008 8731
8731 2008 13657
4792 1306 7290
1306 4792 7290
7290 1306 4792
3860 392 5984
392 3860 5984
5984 392 3860
6371 9235 11255
11255 6371 9235
9235 6371 11255
7813 10178 13368
13368 7813 10178
10178 7813 13368
8800 368 8696
8696 368 8800
368 8696 8800
2587 5654 8601
8601 2587 5654
5654 2587 8601
7 3876 8796
8796 7 3876
3876 7 8796
8146 10118 13837
13837 8146 10118
10118 8146 13837
12775 8031 14094
14094 8031 12775
8031 12775 14094
1277 3967 9760
9760 1277 3967
3967 1277 9760
11248 5480 5514
5480 5514 11248
5514 5480 11248
7851 4212 14640
4212 7851 14640
14640 4212 7851
6024 3263 6683
6683 3263 6024
3263 6024 6683
2237 7002 14839
7002 2237 14839
14839 2237 7002
12081 2173 12628
2173 12081 12628
12628 2173 12081
7270 9961 13622
9961 7270 13622
13622 7270 9961
14102 2076 5627
2076 5627 14102
5627 2076 14102
5051 1629 6414
1629 5051 6414
6414 1629 5051
14579 6196 8880
6196 8880 14579
8880 6196 14579
1970 4249 11514
4249 1970 11514
11514 1970 4249
5187 4508 6624
6624 4508 5187
4508 5187 6624
2045 2492 13601
2492 2045 13601
13601 2045 2492
12314 4854 6728
6728 4854 12314
4854 6728 12314
2091 12017 14501
14501 2091 12017
12017 2091 14501
6961 4230 12733
12733 4230 6961
4230 6961 12733
5791 3209 9814
9814 3209 5791
3209 5791 9814
977 10396 10910
10910 977 10396
10396 977 10910
4662 1174 5516
1174 4662 5516
5516 1174 4662
11144 2591 11676
2591 11144 11676
11676 2591 11144
4693 10204 12065
12065 4693 10204
10204 4693 12065
14070 1713 13307
1713 13307 14070
13307 1713 14070
12553 2112 3218
3218 2112 12553
2112 3218 12553
881 12838 13089
12838 881 13089
13089 881 12838
12504 10516 14293
10516 12504 14293
14293 10516 12504
7625 5249 10256
5249 7625 10256
10256 5249 7625
13582 2845 7250
7250 2845 13582
2845 7250 13582
12280 11002 12106
11002 12106 12280
12106 11002 12280
8261 788 1767
788 1767 8261
1767 788 8261
14814 8157 8234
8234 8157 14814
8157 8234 14814
13682 579 9736
579 9736 13682
9736 579 13682
10560 8060 8077
8077 8060 10560
8060 8077 10560
1800 2459 9218
9218 1800 2459
2459 1800 9218
12696 3423 7220
7220 3423 12696
3423 7220 12696
11309 5463 13252
13252 5463 11309
5463 11309 13252
13927 1697 9535
1697 9535 13927
9535 1697 13927
3588 5425 14728
5425 3588 14728
14728 3588 5425
3680 8337 11855
8337 3680 11855
11855 3680 8337
1168 3207 3456
3207 1168 3456
3456 1168 3207
1492 4718 11788
4718 1492 11788
11788 1492 4718
12518 1346 11648
1346 11648 12518
11648 1346 12518
8223 819 8491
819 8223 8491
8491 819 8223
5317 2424 4161
4161 2424 5317
2424 4161 5317
4355 5658 8477
5658 4355 8477
8477 4355 5658
3667 4469 12534
12534 3667 4469
4469 3667 12534
10728 2650 13231
13231 2650 10728
2650 10728 13231
10535 2274 14423
14423 2274 10535
2274 10535 14423
1944 2278 9406
2278 1944 9406
9406 1944 2278
5201 6134 14863
14863 5201 6134
6134 5201 14863
12676 3809 9557
3809 9557 12676
9557 3809 12676
12777 1086 10332
1086 10332 12777
10332 1086 12777
8126 2047 12753
12753 2047 8126
2047 8126 12753
8076 5007 6699
6699 5007 8076
5007 6699 8076
1909 2665 14432
14432 1909 2665
2665 1909 14432
11361 10985 11786
10985 11361 11786
11786 10985 11361
3437 5305 13899
13899 3437 5305
5305 3437 13899
14730 3142 3589
3589 3142 14730
3142 3589 14730
3622 10338 13096
10338 3622 13096
13096 3622 10338
6165 228 9878
9878 228 6165
228 6165 9878
8897 10860 13189
13189 8897 10860
10860 8897 13189
6525 6267 14514
6267 6525 14514
14514 6267 6525
11115 2116 13224
13224 2116 11115
2116 11115 13224
6859 6105 14503
14503 6105 6859
6105 6859 14503
8833 8550 8747
8747 8550 8833
8550 8747 8833
14789 2442 10848
2442 10848 14789
10848 2442 14789
5940 4475 12333
12333 4475 5940
4475 5940 12333
11821 3448 13551
3448 11821 13551
13551 3448 11821
9047 12381 14799
14799 9047 12381
12381 9047 14799
11055 624 3501
624 3501 11055
3501 624 11055
3051 6436 8626
8626 3051 6436
6436 3051 8626
14540 8506 14261
14261 8506 14540
8506 14261 14540
3531 4366 5796
4366 3531 5796
5796 3531 4366
14528 8369 13238
13238 8369 14528
8369 13238 14528
13641 9881 10187
10187 9881 13641
9881 10187 13641
12167 4760 10146
4760 10146 12167
10146 4760 12167
12652 3451 6437
3451 6437 12652
6437 3451 12652
11190 2455 3510
2455 3510 11190
3510 2455 11190
1161 4378 11827
4378 1161 11827
11827 1161 4378
6440 457 7923
457 6440 7923
7923 457 6440
7799 8714 11519
11519 7799 8714
8714 7799 11519
9078 8545 11879
8545 9078 11879
11879 8545 9078
9179 8917 13266
8917 9179 13266
13266 8917 9179
5734 166 9772
166 5734 9772
9772 166 5734
8419 4861 13383
4861 8419 13383
13383 4861 8419
8048 3333 4679
4679 3333 8048
3333 4679 8048
5708 10709 13142
10709 5708 13142
13142 5708 10709
1275 1065 1534
1065 1275 1534
1534 1065 1275
9350 12367 14337
12367 9350 14337
14337 9350 12367
11319 643 8284
643 8284 11319
8284 643 11319
9625 5371 10597
5371 9625 10597
10597 5371 9625
5831 5050 5285
5285 5050 5831
5050 5285 5831
9130 4786 9910
9910 4786 9130
4786 9130 9910
14939 1587 7052
7052 1587 14939
1587 7052 14939
1152 1471 11494
1471 1152 11494
11494 1152 1471
912 956 13321
956 912 13321
13321 912 956
12544 6395 12156
12156 6395 12544
6395 12156 12544
14357 9476 11163
11163 9476 14357
9476 11163 14357
6420 5237 12320
5237 6420 12320
12320 5237 6420
10720 17 3846
3846 17 10720
17 3846 10720
12297 1004 12071
12071 1004 12297
1004 12071 12297
1416 10193 13602
13602 1416 10193
10193 1416 13602
5619 2766 11785
2766 5619 11785
11785 2766 5619
12366 2822 4267
4267 2822 12366
2822 4267 12366
629 1395 4802
1395 629 4802
4802 629 1395
4337 6560 7882
7882 4337 6560
6560 4337 7882
2660 1304 13120
13120 1304 2660
1304 2660 13120
1189 1052 4938
4938 1052 1189
1052 1189 4938
85 8860 10412
10412 85 8860
8860 85 10412
8239 9596 14472
9596 8239 14472
14472 8239 9596
3537 3367 3716
3367 3537 3716
3716 3367 3537
8782 7449 9369
9369 7449 8782
7449 8782 9369
38 1144 10354
10354 38 1144
1144 38 10354
11770 4272 11690
4272 11690 11770
11690 4272 11770
7885 6816 7032
7032 6816 7885
6816 7032 7885
11670 6788 14236
6788 11670 14236
14236 6788 11670
7159 10151 10607
10607 7159 10151
10151 7159 10607
8092 3442 4092
4092 3442 8092
3442 4092 8092
11629 1033 13351
13351 1033 11629
1033 11629 13351
10650 5004 12678
12678 5004 10650
5004 10650 12678
11348 2171 2289
2171 2289 11348
2289 2171 11348
1383 1073 7800
1073 1383 7800
7800 1073 1383
10 2118 9407
9407 10 2118
2118 10 9407
4247 3449 6733
3449 4247 6733
6733 3449 4247
7753 9858 14018
9858 7753 14018
14018 7753 9858
10888 5129 10788
10788 5129 10888
5129 10788 10888
2584 6866 13425
13425 2584 6866
6866 2584 13425
14390 9312 9939
9312 9939 14390
9939 9312 14390
2377 3571 5267
3571 2377 5267
5267 2377 3571
3415 876 14746
876 3415 14746
14746 876 3415
9134 5192 14010
14010 5192 9134
5192 9134 14010
3099 5458 10527
10527 3099 5458
5458 3099 10527
2263 3881 6902
6902 2263 3881
3881 2263 6902
12560 911 11152
911 11152 12560
11152 911 12560
11414 1155 13707
13707 1155 11414
1155 11414 13707
3947 6119 6122
6122 3947 6119
6119 3947 6122
2799 1815 3509
1815 2799 3509
3509 1815 2799
4143 12362 14299
14299 4143 12362
12362 4143 14299
4888 10987 14738
10987 4888 14738
14738 4888 10987
10441 2818 3076
2818 3076 10441
3076 2818 10441
7146 4329 7591
7591 4329 7146
4329 7146 7591
9548 5741 11885
5741 9548 11885
11885 5741 9548
7542 6232 14066
6232 7542 14066
14066 6232 7542
12998 10942 14536
14536 10942 12998
10942 12998 14536
13135 10348 14521
14521 10348 13135
10348 13135 14521
3534 5017 5550
5017 3534 5550
5550 3534 5017
14628 500 9592
500 9592 14628
9592 500 14628
4891 7939 11952
7939 4891 11952
11952 4891 7939
5127 2181 8948
2181 5127 8948
8948 2181 5127
4762 849 1907
1907 849 4762
849 1907 4762
874 1627 5881
5881 874 1627
1627 874 5881
14822 118 4182
118 4182 14822
4182 118 14822
8276 7715 10111
7715 8276 10111
10111 7715 8276
2544 7903 8691
8691 2544 7903
7903 2544 8691
10192 2023 10243
2023 10192 10243
10243 2023 10192
8671 2806 6149
6149 2806 8671
2806 6149 8671
11960 2928 3471
2928 3471 11960
3471 2928 11960
7524 915 11285
11285 915 7524
915 7524 11285
5346 10634 11181
10634 5346 11181
11181 5346 10634
5578 6174 6773
6773 5578 6174
6174 5578 6773
8194 13147 14096
13147 8194 14096
14096 8194 13147
4924 14146 14958
14958 4924 14146
14146 4924 14958
10999 9066 14947
14947 9066 10999
9066 10999 14947
2304 1325 4022
1325 2304 4022
4022 1325 2304
14105 2305 8850
8850 2305 14105
2305 8850 14105
1490 4972 10331
10331 1490 4972
4972 1490 10331
141 762 5972
762 141 5972
5972 141 762
9247 768 6035
6035 768 9247
768 6035 9247
7076 3759 11160
3759 7076 11160
11160 3759 7076
13825 7025 10749
7025 10749 13825
10749 7025 13825
3822 6319 7597
7597 3822 6319
6319 3822 7597
5279 12559 14239
12559 5279 14239
14239 5279 12559
5905 2815 9261
9261 2815 5905
2815 5905 9261
10435 663 3243
3243 663 10435
663 3243 10435
9314 6656 12766
12766 6656 9314
6656 9314 12766
13110 77 3402
77 3402 13110
3402 77 13110
4681 8333 8499
8333 4681 8499
8499 4681 8333
9946 6224 12203
6224 9946 12203
12203 6224 9946
2661 7095 14241
7095 2661 14241
14241 2661 7095
248 5232 8821
8821 248 5232
5232 248 8821
13676 4243 14203
4243 13676 14203
14203 4243 13676
9122 5056 10871
10871 5056 9122
5056 9122 10871
9528 3965 5491
3965 5491 9528
5491 3965 9528
6311 699 10839
10839 699 6311
699 6311 10839
11178 1916 5503
1916 5503 11178
5503 1916 11178
13568 8302 9185
9185 8302 13568
8302 9185 13568
11016 3043 11202
3043 11016 11202
11202 3043 11016
9718 12468 14060
12468 9718 14060
14060 9718 12468
10212 3631 11124
11124 3631 10212
3631 10212 11124
8772 658 7725
658 7725 8772
7725 658 8772
8737 11995 14942
11995 8737 14942
14942 8737 11995
8249 9699 12393
12393 8249 9699
9699 8249 12393
7201 1996 14391
14391 1996 7201
1996 7201 14391
8950 3277 3339
3277 3339 8950
3339 3277 8950
3493 10050 13526
13526 3493 10050
10050 3493 13526
6092 462 12329
462 6092 12329
12329 462 6092
8412 5510 8307
8307 5510 8412
5510 8307 8412
11973 1653 4934
1653 4934 11973
4934 1653 11973
13279 4344 12113
4344 12113 13279
12113 4344 13279
10014 10731 11607
10731 10014 11607
11607 10014 10731
5624 1878 1879
1878 1879 5624
1879 1878 5624
11636 8684 10932
10932 8684 11636
8684 10932 11636
3011 7065 13814
7065 3011 13814
13814 3011 7065
8944 11310 14119
14119 8944 11310
11310 8944 14119
3813 2037 10241
2037 3813 10241
10241 2037 3813
1030 2532 6532
2532 1030 6532
6532 1030 2532
9506 4110 5218
4110 5218 9506
5218 4110 9506
7200 9404 13127
13127 7200 9404
9404 7200 13127
9601 7792 10383
7792 9601 10383
10383 7792 9601
14367 10284 11726
11726 10284 14367
10284 11726 14367
13785 4957 7097
7097 4957 13785
4957 7097 13785
6012 1109 10198
10198 1109 6012
1109 6012 10198
2055 362 1671
362 1671 2055
1671 362 2055
7285 5893 7719
5893 7285 7719
7719 5893 7285
7594 7216 9466
7216 7594 9466
9466 7216 7594
5778 5914 6249
5914 5778 6249
6249 5778 5914
12950 2311 2663
2311 2663 12950
2663 2311 12950
8820 6176 12577
6176 8820 12577
12577 6176 8820
1747 669 7618
7618 669 1747
669 1747 7618
11819 2610 3755
3755 2610 11819
2610 3755 11819
14075 1509 13416
1509 13416 14075
13416 1509 14075
7828 8484 12144
12144 7828 8484
8484 7828 12144
2648 11560 12463
11560 2648 12463
12463 2648 11560
3353 6479 11820
11820 3353 6479
6479 3353 11820
1557 3859 13450
13450 1557 3859
3859 1557 13450
13361 9433 12332
9433 12332 13361
12332 9433 13361
6737 950 2994
950 2994 6737
2994 950 6737
13630 797 13519
13519 797 13630
797 13519 13630
12137 1625 7372
7372 1625 12137
1625 7372 12137
1076 1190 9225
1190 1076 9225
9225 1076 1190
6455 13634 13665
13665 6455 13634
13634 6455 13665
6696 9740 10290
9740 6696 10290
10290 6696 9740
5483 8519 13122
13122 5483 8519
8519 5483 13122
10520 5488 11633
5488 10520 11633
11633 5488 10520
12687 867 3918
3918 867 12687
867 3918 12687
1214 3605 12674
3605 1214 12674
12674 1214 3605
1169 2439 6587
2439 1169 6587
6587 1169 2439
12322 52 6175
52 6175 12322
6175 52 12322
5557 3057 7100
7100 3057 5557
3057 5557 7100
6989 10349 14676
14676 6989 10349
10349 6989 14676
8926 829 8374
8374 829 8926
829 8374 8926
8657 6173 13492
6173 8657 13492
13492 6173 8657
3284 1885 2915
1885 2915 3284
2915 1885 3284
5891 11655 11660
11660 5891 11655
11655 5891 11660
9634 4665 10336
4665 9634 10336
10336 4665 9634
4311 3957 6364
6364 3957 4311
3957 4311 6364
1336 824 3607
824 1336 3607
3607 824 1336
5047 10484 10707
10707 5047 10484
10484 5047 10707
9057 1020 8739
8739 1020 9057
1020 8739 9057
8172 1319 8927
1319 8172 8927
8927 1319 8172
10001 5865 13947
5865 10001 13947
13947 5865 10001
8328 9425 10690
10690 8328 9425
9425 8328 10690
5656 3975 6714
6714 3975 5656
3975 5656 6714
10991 483 3328
483 3328 10991
3328 483 10991
12207 5079 7673
7673 5079 12207
5079 7673 12207
3182 4800 5451
5451 3182 4800
4800 3182 5451
14417 510 10444
510 10444 14417
10444 510 14417
12575 548 4932
4932 548 12575
548 4932 12575
5862 7021 13919
13919 5862 7021
7021 5862 13919
14114 7210 12141
7210 12141 14114
12141 7210 14114
14910 6287 8608
6287 8608 14910
8608 6287 14910
13693 286 8430
8430 286 13693
286 8430 13693
14634 3173 12686
12686 3173 14634
3173 12686 14634
5173 4671 10347
10347 4671 5173
4671 5173 10347
12682 5959 12430
12430 5959 12682
5959 12430 12682
2012 246 13505
246 2012 13505
13505 246 2012
8547 5998 12111
5998 8547 12111
12111 5998 8547
14095 1389 8867
8867 1389 14095
1389 8867 14095
14704 12447 14980
14980 12447 14704
12447 14704 14980
13838 2294 4833
2294 4833 13838
4833 2294 13838
10857 594 2709
594 2709 10857
2709 594 10857
6039 1397 10568
1397 6039 10568
10568 1397 6039
6520 401 12925
12925 401 6520
401 6520 12925
14979 6864 13829
13829 6864 14979
6864 13829 14979
4009 4558 4997
4997 4009 4558
4558 4009 4997
4615 9723 14358
14358 4615 9723
9723 4615 14358
14629 288 10434
288 10434 14629
10434 288 14629
6057 421 7242
7242 421 6057
421 6057 7242
892 1984 8566
8566 892 1984
1984 892 8566
7156 644 9037
9037 644 7156
644 7156 9037
10843 9135 14184
9135 10843 14184
14184 9135 10843
7909 1988 9549
9549 1988 7909
1988 7909 9549
2268 3861 5639
3861 2268 5639
5639 2268 3861
12769 7260 9703
9703 7260 12769
7260 9703 12769
14733 92 1997
92 1997 14733
1997 92 14733
5906 1514 10859
1514 5906 10859
10859 1514 5906
5422 2896 13241
13241 2896 5422
2896 5422 13241
11014 4107 9671
9671 4107 11014
4107 9671 11014
13036 7291 13722
7291 13036 13722
13722 7291 13036
6352 11020 14185
14185 6352 11020
11020 6352 14185
13610 7460 12014
7460 12014 13610
12014 7460 13610
6751 2850 12935
12935 2850 6751
2850 6751 12935
9463 7061 7995
7061 7995 9463
7995 7061 9463
9856 2756 12912
12912 2756 9856
2756 9856 12912
10105 11684 13405
11684 10105 13405
13405 10105 11684
3540 12683 14530
14530 3540 12683
12683 3540 14530
10778 5582 13942
5582 10778 13942
13942 5582 10778
6903 8052 14844
8052 6903 14844
14844 6903 8052
4411 10582 14009
10582 4411 14009
14009 4411 10582
8518 6192 9785
9785 6192 8518
6192 8518 9785
105 13157 13468
13468 105 13157
13157 105 13468
4899 5553 13754
5553 4899 13754
13754 4899 5553
1156 5816 10708
10708 1156 5816
5816 1156 10708
6764 1078 1932
1932 1078 6764
1078 1932 6764
13273 9048 12805
9048 12805 13273
12805 9048 13273
3748 7009 10721
7009 3748 10721
10721 3748 7009
12497 845 8391
8391 845 12497
845 8391 12497
2428 4943 7012
4943 2428 7012
7012 2428 4943
10511 4716 8418
8418 4716 10511
4716 8418 10511
2341 4277 11830
11830 2341 4277
4277 2341 11830
10666 5960 7581
5960 7581 10666
7581 5960 10666
13245 7656 14436
7656 13245 14436
14436 7656 13245
5274 373 9653
373 5274 9653
9653 373 5274
2738 406 10103
406 2738 10103
10103 406 2738
541 3245 4442
3245 541 4442
4442 541 3245
9517 3721 5509
3721 5509 9517
5509 3721 9517
2222 9940 10122
10122 2222 9940
9940 2222 10122
5382 2870 10916
10916 2870 5382
2870 5382 10916
5351 9545 12620
9545 5351 12620
12620 5351 9545
11911 3041 13914
13914 3041 11911
3041 11911 13914
13882 1803 14998
14998 1803 13882
1803 13882 14998
8468 4436 7677
4436 7677 8468
7677 4436 8468
10549 5967 12413
12413 5967 10549
5967 10549 12413
926 7409 11326
7409 926 11326
11326 926 7409
7233 789 9863
789 7233 9863
9863 789 7233
1223 1000 3062
3062 1000 1223
1000 1223 3062
7551 5583 14249
14249 5583 7551
5583 7551 14249
12470 3964 14333
14333 3964 12470
3964 12470 14333
2623 2312 14315
14315 2312 2623
2312 2623 14315
10592 2710 11477
11477 2710 10592
2710 10592 11477
11944 8099 14197
14197 8099 11944
8099 11944 14197
11010 2974 12080
12080 2974 11010
2974 11010 12080
10395 2238 13607
2238 10395 13607
13607 2238 10395
12642 3656 11182
11182 3656 12642
3656 11182 12642
10976 345 941
941 345 10976
345 941 10976
5203 1614 7058
7058 1614 5203
1614 5203 7058
1524 1517 9103
1517 1524 9103
9103 1517 1524
9822 6457 7211
6457 7211 9822
7211 6457 9822
6730 11335 12790
12790 6730 11335
11335 6730 12790
6765 4721 9569
4721 6765 9569
9569 4721 6765
4160 1251 13751
13751 1251 4160
1251 4160 13751
4841 3812 10738
10738 3812 4841
3812 4841 10738
12092 6769 6877
6877 6769 12092
6769 6877 12092
13679 2962 14680
14680 2962 13679
2962 13679 14680
13472 6813 7323
7323 6813 13472
6813 7323 13472
5661 12325 12939
12325 5661 12939
