500 2238 14100
14100 500 2238
2238 500 14100
14217 8366 14427
8366 14217 14427
14427 8366 14217
9984 9580 11548
11548 9580 9984
9580 9984 11548
6569 5022 7584
5022 6569 7584
7584 5022 6569
8203 5606 11137
5606 8203 11137
11137 5606 8203
11086 8567 11906
8567 11086 11906
11906 8567 11086
8330 7604 11655
7604 8330 11655
11655 7604 8330
14373 1963 13171
13171 1963 14373
1963 13171 14373
14021 676 10535
10535 676 14021
676 10535 14021
11164 8920 11552
8920 11164 11552
11552 8920 11164
10968 2245 11629
11629 2245 10968
2245 10968 11629
26 10671 12342
10671 26 12342
12342 26 10671
11336 4006 4689
4006 4689 11336
4689 4006 11336
2915 4297 6112
6112 2915 4297
4297 2915 6112
11410 639 2352
639 2352 11410
2352 639 11410
6434 9178 11685
11685 6434 9178
9178 6434 11685
14993 8234 13685
13685 8234 14993
8234 13685 14993
2106 3957 11736
11736 2106 3957
3957 2106 11736
782 5487 6407
5487 782 6407
6407 782 5487
13291 1691 8286
8286 1691 13291
1691 8286 13291
13496 494 3896
494 3896 13496
3896 494 13496
12027 11214 11966
11214 11966 12027
11966 11214 12027
13441 5301 9960
9960 5301 13441
5301 9960 13441
1326 8412 10069
8412 1326 10069
10069 1326 8412
5183 1066 13551
13551 1066 5183
1066 5183 13551
4372 4577 14882
14882 4372 4577
4577 4372 14882
9996 4852 6347
4852 6347 9996
6347 4852 9996
6041 6792 13729
6792 6041 13729
13729 6041 6792
8236 2355 9806
2355 8236 9806
9806 2355 8236
11053 6197 10239
6197 10239 11053
10239 6197 11053
1477 7339 14547
7339 1477 14547
14547 1477 7339
3698 5991 11838
5991 3698 11838
11838 3698 5991
6211 10210 11800
11800 6211 10210
10210 6211 11800
13348 6629 6748
6629 6748 13348
6748 6629 13348
9769 9353 13703
13703 9353 9769
9353 9769 13703
8130 1044 13152
13152 1044 8130
1044 8130 13152
7076 173 9752
173 7076 9752
9752 173 7076
7156 1520 5164
1520 5164 7156
5164 1520 7156
2271 3087 9845
3087 2271 9845
9845 2271 3087
12588 5966 12540
12540 5966 12588
5966 12540 12588
10769 10262 10967
10967 10262 10769
10262 10769 10967
6068 4030 13647
4030 6068 13647
13647 4030 6068
3837 13 3531
13 3531 3837
3531 13 3837
13693 7483 9164
9164 7483 13693
7483 9164 13693
4215 8250 10080
8250 4215 10080
10080 4215 8250
922 5579 10463
10463 922 5579
5579 922 10463
7711 6177 8729
6177 7711 8729
8729 6177 7711
4687 11930 13537
13537 4687 11930
11930 4687 13537
13042 4812 11970
11970 4812 13042
4812 11970 13042
693 3800 14743
3800 693 14743
14743 693 3800
3213 4374 11227
11227 3213 4374
4374 3213 11227
2316 9759 12945
12945 2316 9759
9759 2316 12945
2553 8850 10354
10354 2553 8850
8850 2553 10354
5595 2000 9084
9084 2000 5595
2000 5595 9084
14154 5432 6600
5432 6600 14154
6600 5432 14154
3563 9865 14646
14646 3563 9865
9865 3563 14646
1331 5874 6701
6701 1331 5874
5874 1331 6701
2984 3458 14909
14909 2984 3458
3458 2984 14909
441 1975 14764
1975 441 14764
14764 441 1975
7697 5440 9259
9259 5440 7697
5440 7697 9259
8756 6236 7899
6236 7899 8756
7899 6236 8756
14755 6420 9466
6420 9466 14755
9466 6420 14755
9293 2983 3242
3242 2983 9293
2983 3242 9293
6876 793 12334
12334 793 6876
793 6876 12334
6696 9316 9609
9316 6696 9609
9609 6696 9316
2416 8352 9024
8352 2416 9024
9024 2416 8352
14441 1810 12484
1810 12484 14441
12484 1810 14441
10653 9223 12461
12461 9223 10653
9223 10653 12461
12318 710 10911
710 10911 12318
10911 710 12318
348 1269 2694
2694 348 1269
1269 348 2694
7788 11054 11669
11054 7788 11669
11669 7788 11054
1596 13396 13973
13973 1596 13396
13396 1596 13973
12109 3099 13965
3099 12109 13965
13965 3099 12109
14201 3694 12142
12142 3694 14201
3694 12142 14201
6804 3277 11185
3277 6804 11185
11185 3277 6804
6759 1769 14672
1769 6759 14672
14672 1769 6759
903 10370 13813
13813 903 10370
10370 903 13813
8167 3747 14916
14916 3747 8167
3747 8167 14916
816 7225 14335
14335 816 7225
7225 816 14335
6865 3797 6058
6058 3797 6865
3797 6058 6865
11295 8221 10484
8221 10484 11295
10484 8221 11295
872 10777 14523
10777 872 14523
14523 872 10777
8844 4986 7227
4986 7227 8844
7227 4986 8844
3833 4525 7738
7738 3833 4525
4525 3833 7738
9211 6266 7419
6266 7419 9211
7419 6266 9211
13652 1978 14594
1978 13652 14594
14594 1978 13652
10866 3359 14058
14058 3359 10866
3359 10866 14058
924 8345 13222
13222 924 8345
8345 924 13222
9957 5534 8867
5534 8867 9957
8867 5534 9957
10893 12994 13672
12994 10893 13672
13672 10893 12994
6409 188 13352
188 6409 13352
13352 188 6409
1121 11720 14302
11720 1121 14302
14302 1121 11720
5420 10121 11431
11431 5420 10121
10121 5420 11431
4117 97 10885
10885 97 4117
97 4117 10885
2411 950 9675
950 2411 9675
9675 950 2411
3354 4604 10396
4604 3354 10396
10396 3354 4604
1908 4833 5006
4833 1908 5006
5006 1908 4833
7567 1755 14552
14552 1755 7567
1755 7567 14552
14756 3361 14358
14358 3361 14756
3361 14358 14756
13405 7084 9395
7084 9395 13405
9395 7084 13405
201 4092 10779
10779 201 4092
4092 201 10779
1532 3816 6305
3816 1532 6305
6305 1532 3816
2580 1721 7739
7739 1721 2580
1721 2580 7739
13528 4250 6352
4250 6352 13528
6352 4250 13528
5856 1765 1784
1765 1784 5856
1784 1765 5856
13471 6335 7365
6335 7365 13471
7365 6335 13471
9710 7399 14525
14525 7399 9710
7399 9710 14525
12963 12195 13147
12195 12963 13147
13147 12195 12963
14027 11172 13274
13274 11172 14027
11172 13274 14027
14899 9019 12885
9019 12885 14899
12885 9019 14899
14131 3559 9188
9188 3559 14131
3559 9188 14131
14412 12033 12817
12033 12817 14412
12817 12033 14412
85 4766 8377
4766 85 8377
8377 85 4766
8849 1433 13648
13648 1433 8849
1433 8849 13648
11264 5899 11078
5899 11078 11264
11078 5899 11264
8615 2372 7513
2372 7513 8615
7513 2372 8615
14133 10388 13826
10388 13826 14133
13826 10388 14133
756 8535 13812
13812 756 8535
8535 756 13812
14416 843 11967
843 11967 14416
11967 843 14416
12914 10538 11772
10538 11772 12914
11772 10538 12914
7547 14081 14849
14849 7547 14081
14081 7547 14849
8149 11154 14295
11154 8149 14295
14295 8149 11154
8558 757 4442
757 4442 8558
4442 757 8558
8398 6823 12341
6823 8398 12341
12341 6823 8398
14677 5029 13077
13077 5029 14677
5029 13077 14677
3426 3769 10909
3769 3426 10909
10909 3426 3769
8232 9406 12977
9406 8232 12977
12977 8232 9406
5940 8931 9517
8931 5940 9517
9517 5940 8931
7810 11134 14045
14045 7810 11134
11134 7810 14045
3295 6498 7391
6498 3295 7391
7391 3295 6498
11806 3732 6808
6808 3732 11806
3732 6808 11806
3370 779 7231
7231 779 3370
779 3370 7231
13513 8562 10320
8562 10320 13513
10320 8562 13513
9335 13278 13675
13278 9335 13675
13675 9335 13278
6473 8123 14048
14048 6473 8123
8123 6473 14048
11910 1741 13649
13649 1741 11910
1741 11910 13649
7951 10781 11234
10781 7951 11234
11234 7951 10781
1635 11200 12338
12338 1635 11200
11200 1635 12338
9734 9548 13440
13440 9548 9734
9548 9734 13440
730 488 13480
488 730 13480
13480 488 730
10763 3077 6202
6202 3077 10763
3077 6202 10763
13465 2104 4858
4858 2104 13465
2104 4858 13465
5784 470 5535
5535 470 5784
470 5535 5784
310 6087 8456
8456 310 6087
6087 310 8456
8391 1873 8909
1873 8391 8909
8909 1873 8391
6089 5756 12061
12061 5756 6089
5756 6089 12061
3911 4174 12072
4174 3911 12072
12072 3911 4174
12012 1671 14183
14183 1671 12012
1671 12012 14183
4653 4978 8961
8961 4653 4978
4978 4653 8961
6733 10021 10627
10021 6733 10627
10627 6733 10021
11995 8989 14631
8989 11995 14631
14631 8989 11995
8593 2188 8750
8750 2188 8593
2188 8593 8750
12407 12326 12593
12326 12407 12593
12593 12326 12407
13836 4416 8096
4416 8096 13836
8096 4416 13836
5927 4916 8627
8627 4916 5927
4916 5927 8627
7226 3782 14961
14961 3782 7226
3782 7226 14961
9635 19 4330
4330 19 9635
19 4330 9635
11162 5027 6471
5027 6471 11162
6471 5027 11162
4309 7118 7574
7118 4309 7574
7574 4309 7118
5789 1386 5733
1386 5733 5789
5733 1386 5789
7872 12502 12672
12502 7872 12672
12672 7872 12502
5509 411 2705
411 2705 5509
2705 411 5509
5544 8721 13084
13084 5544 8721
8721 5544 13084
3003 5960 7422
5960 3003 7422
7422 3003 5960
2344 9777 14522
9777 2344 14522
14522 2344 9777
4566 5471 10721
10721 4566 5471
5471 4566 10721
8339 10701 12860
10701 8339 12860
12860 8339 10701
1363 7037 11240
11240 1363 7037
7037 1363 11240
13564 4524 10072
4524 10072 13564
10072 4524 13564
6654 4209 8641
4209 6654 8641
8641 4209 6654
8157 4590 7217
7217 4590 8157
4590 7217 8157
646 9778 11705
9778 646 11705
11705 646 9778
871 1645 12583
1645 871 12583
12583 871 1645
3026 2323 7938
7938 2323 3026
2323 3026 7938
12059 6363 7701
6363 7701 12059
7701 6363 12059
1601 12770 14186
14186 1601 12770
12770 1601 14186
2223 10877 13141
13141 2223 10877
10877 2223 13141
11278 6403 10551
10551 6403 11278
6403 10551 11278
6779 9915 12926
9915 6779 12926
12926 6779 9915
13132 10928 13509
13509 10928 13132
10928 13132 13509
12015 6517 6662
6517 6662 12015
6662 6517 12015
13114 2690 10442
10442 2690 13114
2690 10442 13114
11646 9364 11299
9364 11299 11646
11299 9364 11646
4240 4243 6283
4243 4240 6283
6283 4240 4243
753 6931 8367
6931 753 8367
8367 753 6931
11755 7212 13714
13714 7212 11755
7212 11755 13714
6607 4667 7980
7980 4667 6607
4667 6607 7980
3831 1805 10932
10932 1805 3831
1805 3831 10932
12347 1022 1486
1486 1022 12347
1022 1486 12347
10407 5793 10180
10180 5793 10407
5793 10180 10407
10828 265 807
807 265 10828
265 807 10828
9109 2439 7565
7565 2439 9109
2439 7565 9109
3846 5217 5773
5773 3846 5217
5217 3846 5773
7325 2448 7908
2448 7325 7908
7908 2448 7325
7192 193 9636
193 7192 9636
9636 193 7192
10179 1189 11735
11735 1189 10179
1189 10179 11735
2585 5691 7635
7635 2585 5691
5691 2585 7635
11784 2494 8269
2494 8269 11784
8269 2494 11784
8778 1855 12959
12959 1855 8778
1855 8778 12959
6884 10588 14336
10588 6884 14336
14336 6884 10588
2602 973 9190
973 2602 9190
9190 973 2602
13164 81 9234
9234 81 13164
81 9234 13164
294 10502 11503
11503 294 10502
10502 294 11503
3210 252 4907
4907 252 3210
252 3210 4907
13737 382 5741
5741 382 13737
382 5741 13737
1086 72 10589
10589 72 1086
72 1086 10589
9396 14621 14793
14621 9396 14793
14793 9396 14621
9470 8320 12602
8320 9470 12602
12602 8320 9470
4310 9409 9415
9409 4310 9415
9415 4310 9409
6735 5150 12045
5150 6735 12045
12045 5150 6735
13343 2144 4102
2144 4102 13343
4102 2144 13343
13455 1785 13800
13800 1785 13455
1785 13455 13800
3680 1803 4363
1803 3680 4363
4363 1803 3680
2406 3835 8833
8833 2406 3835
3835 2406 8833
13709 6491 7612
7612 6491 13709
6491 7612 13709
11469 719 11033
719 11033 11469
11033 719 11469
1713 837 7006
7006 837 1713
837 1713 7006
3544 932 4946
4946 932 3544
932 3544 4946
8309 3534 8189
8189 3534 8309
3534 8189 8309
12459 3634 14666
3634 12459 14666
14666 3634 12459
10189 1790 6720
6720 1790 10189
1790 6720 10189
4962 1526 9989
1526 4962 9989
9989 1526 4962
12670 2977 4526
4526 2977 12670
2977 4526 12670
6121 4513 7855
4513 6121 7855
7855 4513 6121
14566 2041 4807
4807 2041 14566
2041 4807 14566
9571 3089 3975
3975 3089 9571
3089 3975 9571
9669 3455 5806
5806 3455 9669
3455 5806 9669
7521 11132 14091
14091 7521 11132
11132 7521 14091
5680 2586 11233
11233 2586 5680
2586 5680 11233
3858 8031 14945
14945 3858 8031
8031 3858 14945
4086 5948 7146
7146 4086 5948
5948 4086 7146
11352 7690 8883
7690 8883 11352
8883 7690 11352
2388 644 2327
644 2327 2388
2327 644 2388
13332 9344 13080
9344 13080 13332
13080 9344 13332
5473 3172 8418
3172 5473 8418
8418 3172 5473
8658 4777 10935
10935 4777 8658
4777 8658 10935
4786 946 11250
946 4786 11250
11250 946 4786
11626 6126 12546
6126 11626 12546
12546 6126 11626
175 4053 11880
4053 175 11880
11880 175 4053
14654 7460 10115
7460 10115 14654
10115 7460 14654
10124 2547 7403
2547 7403 10124
7403 2547 10124
10581 1610 5479
5479 1610 10581
1610 5479 10581
7100 6251 11819
6251 7100 11819
11819 6251 7100
8397 1467 13505
1467 8397 13505
13505 1467 8397
164 2515 11881
2515 164 11881
11881 164 2515
8172 2126 12236
12236 2126 8172
2126 8172 12236
3656 13708 14198
13708 3656 14198
14198 3656 13708
5274 2545 3294
2545 3294 5274
3294 2545 5274
12976 8319 8505
8319 8505 12976
8505 8319 12976
1464 981 3103
981 1464 3103
3103 981 1464
8988 5664 9512
5664 8988 9512
9512 5664 8988
14984 3303 11140
11140 3303 14984
3303 11140 14984
4923 297 332
297 332 4923
332 297 4923
14605 6509 10233
6509 10233 14605
10233 6509 14605
4753 481 11785
481 4753 11785
11785 481 4753
6189 7480 9533
9533 6189 7480
7480 6189 9533
13717 761 9882
761 9882 13717
9882 761 13717
12517 2748 4875
4875 2748 12517
2748 4875 12517
7871 4596 10214
10214 4596 7871
4596 7871 10214
5124 6426 12627
6426 5124 12627
12627 5124 6426
7863 2096 10459
10459 2096 7863
2096 7863 10459
6732 7753 10145
10145 6732 7753
7753 6732 10145
9270 1519 3663
1519 3663 9270
3663 1519 9270
8010 600 2053
600 2053 8010
2053 600 8010
13166 738 3284
3284 738 13166
738 3284 13166
7533 7571 10934
10934 7533 7571
7571 7533 10934
8697 1221 11540
1221 8697 11540
11540 1221 8697
4862 3532 13776
13776 3532 4862
3532 4862 13776
593 9630 10873
9630 593 10873
10873 593 9630
11987 560 13293
13293 560 11987
560 11987 13293
5614 7173 7256
7256 5614 7173
7173 5614 7256
2520 3376 12433
3376 2520 12433
12433 2520 3376
12556 5342 6148
5342 6148 12556
6148 5342 12556
12101 5335 5922
5335 5922 12101
5922 5335 12101
6273 5214 12467
5214 6273 12467
12467 5214 6273
5788 561 11786
561 5788 11786
11786 561 5788
9573 5461 6415
6415 5461 9573
5461 6415 9573
3386 2890 5411
5411 2890 3386
2890 3386 5411
1999 11609 12355
12355 1999 11609
11609 1999 12355
11168 468 11067
468 11067 11168
11067 468 11168
3571 4717 9581
4717 3571 9581
9581 3571 4717
10355 4346 6811
4346 6811 10355
6811 4346 10355
2312 41 11422
11422 41 2312
41 2312 11422
13521 1122 14597
14597 1122 13521
1122 13521 14597
8260 1192 8253
1192 8253 8260
8253 1192 8260
8066 13195 13258
13258 8066 13195
13195 8066 13258
14481 3802 13353
13353 3802 14481
3802 13353 14481
2287 321 8097
8097 321 2287
321 2287 8097
11359 7944 10700
10700 7944 11359
7944 10700 11359
4290 7666 8604
8604 4290 7666
7666 4290 8604
9416 1288 14640
1288 9416 14640
14640 1288 9416
152 11637 13704
11637 152 13704
13704 152 11637
12708 4217 12722
4217 12708 12722
12722 4217 12708
10577 3466 9751
3466 9751 10577
9751 3466 10577
7396 6422 7302
6422 7302 7396
7302 6422 7396
11040 4097 9489
4097 9489 11040
9489 4097 11040
8834 3072 3891
3891 3072 8834
3072 3891 8834
2733 8048 9982
9982 2733 8048
8048 2733 9982
10428 3584 14969
14969 3584 10428
3584 10428 14969
2700 11050 11845
11845 2700 11050
11050 2700 11845
9080 7932 10014
10014 7932 9080
7932 9080 10014
11703 3344 4902
3344 4902 11703
4902 3344 11703
1687 1681 7501
7501 1681 1687
1681 1687 7501
12083 3556 4831
4831 3556 12083
3556 4831 12083
9484 328 4660
328 4660 9484
4660 328 9484
7973 1543 5643
1543 5643 7973
5643 1543 7973
7921 2802 7420
2802 7420 7921
7420 2802 7921
2429 2136 11316
11316 2136 2429
2136 2429 11316
8997 3291 11204
3291 8997 11204
11204 3291 8997
1399 3655 12663
12663 1399 3655
3655 1399 12663
12655 8346 12404
8346 12404 12655
12404 8346 12655
2562 11261 13510
13510 2562 11261
11261 2562 13510
5448 6387 9404
6387 5448 9404
9404 5448 6387
7109 456 2192
2192 456 7109
456 2192 7109
3414 3692 9298
3692 3414 9298
9298 3414 3692
13971 2123 11529
2123 11529 13971
11529 2123 13971
13579 11455 14917
14917 11455 13579
11455 13579 14917
181 7473 12432
12432 181 7473
7473 181 12432
14461 5517 9541
5517 9541 14461
9541 5517 14461
6136 11776 14162
14162 6136 11776
11776 6136 14162
3336 733 1572
1572 733 3336
733 1572 3336
878 9691 13460
9691 878 13460
13460 878 9691
5250 9797 11043
11043 5250 9797
9797 5250 11043
1442 2939 6397
2939 1442 6397
6397 1442 2939
14233 564 8701
564 8701 14233
8701 564 14233
6343 8362 11301
11301 6343 8362
8362 6343 11301
6206 4881 10324
4881 6206 10324
10324 4881 6206
6564 3497 6342
3497 6342 6564
6342 3497 6564
6549 4832 13210
13210 4832 6549
4832 6549 13210
3262 1607 4634
1607 3262 4634
4634 1607 3262
246 1666 4980
4980 246 1666
1666 246 4980
13151 4791 6936
4791 6936 13151
6936 4791 13151
8008 989 11079
989 8008 11079
11079 989 8008
11175 1257 5128
1257 5128 11175
5128 1257 11175
7805 5127 7504
5127 7504 7805
7504 5127 7805
12425 2464 14280
14280 2464 12425
2464 12425 14280
8978 3137 9842
3137 8978 9842
9842 3137 8978
13853 3590 5067
5067 3590 13853
3590 5067 13853
2384 9122 14049
9122 2384 14049
14049 2384 9122
8712 7432 10704
7432 8712 10704
10704 7432 8712
397 2045 7404
7404 397 2045
2045 397 7404
3146 11712 13557
13557 3146 11712
11712 3146 13557
2513 1466 3299
1466 2513 3299
3299 1466 2513
3528 1949 11062
1949 3528 11062
11062 1949 3528
8681 1193 2221
2221 1193 8681
1193 2221 8681
9471 943 7888
7888 943 9471
943 7888 9471
14871 8095 11076
8095 11076 14871
11076 8095 14871
3813 1522 7694
7694 1522 3813
1522 3813 7694
1890 2370 5800
5800 1890 2370
2370 1890 5800
2857 258 8276
258 2857 8276
8276 258 2857
5577 12112 12607
12112 5577 12607
12607 5577 12112
6822 425 5843
5843 425 6822
425 5843 6822
4822 5798 12798
5798 4822 12798
12798 4822 5798
968 6612 13700
6612 968 13700
13700 968 6612
11900 1883 13866
13866 1883 11900
1883 11900 13866
7371 4003 14393
4003 7371 14393
14393 4003 7371
7905 9015 11375
11375 7905 9015
9015 7905 11375
10850 3659 5280
5280 3659 10850
3659 5280 10850
5832 1038 5468
5468 1038 5832
1038 5468 5832
11981 1069 2950
1069 2950 11981
2950 1069 11981
4593 6809 13391
13391 4593 6809
6809 4593 13391
14329 2228 5996
2228 5996 14329
5996 2228 14329
1597 8940 12535
8940 1597 12535
12535 1597 8940
4118 3851 13283
13283 3851 4118
3851 4118 13283
239 13625 14143
14143 239 13625
13625 239 14143
12545 9378 11538
11538 9378 12545
9378 11538 12545
10814 6032 14792
6032 10814 14792
14792 6032 10814
4727 6329 9863
9863 4727 6329
6329 4727 9863
4540 8011 9379
8011 4540 9379
9379 4540 8011
12379 4781 14281
4781 12379 14281
14281 4781 12379
7252 13374 14119
14119 7252 13374
13374 7252 14119
1837 5082 13106
13106 1837 5082
5082 1837 13106
11949 5586 6842
6842 5586 11949
5586 6842 11949
14363 264 7818
7818 264 14363
264 7818 14363
3775 1437 7471
7471 1437 3775
1437 3775 7471
8105 7576 10132
7576 8105 10132
10132 7576 8105
12946 10616 14898
10616 12946 14898
14898 10616 12946
10374 9903 12046
9903 10374 12046
12046 9903 10374
3908 2020 13616
13616 2020 3908
2020 3908 13616
2205 3588 12409
12409 2205 3588
3588 2205 12409
2272 9987 12025
12025 2272 9987
9987 2272 12025
6481 1172 10234
1172 6481 10234
10234 1172 6481
10348 1248 1735
1735 1248 10348
1248 1735 10348
14702 13002 14337
14337 13002 14702
13002 14337 14702
1698 7563 9591
9591 1698 7563
7563 1698 9591
430 6858 10441
10441 430 6858
6858 430 10441
14550 2330 2558
2330 2558 14550
2558 2330 14550
7018 4335 11834
4335 7018 11834
11834 4335 7018
8155 2176 6063
2176 6063 8155
6063 2176 8155
11533 1813 3555
1813 3555 11533
3555 1813 11533
8533 6872 11360
6872 8533 11360
11360 6872 8533
1302 4244 12758
4244 1302 12758
12758 1302 4244
12642 7218 8667
8667 7218 12642
7218 8667 12642
14443 830 9640
9640 830 14443
830 9640 14443
13779 2331 6541
2331 6541 13779
6541 2331 13779
2531 5939 6075
5939 2531 6075
6075 2531 5939
9879 2338 10040
10040 2338 9879
2338 9879 10040
5470 14185 14883
14883 5470 14185
14185 5470 14883
8449 288 4257
4257 288 8449
288 4257 8449
14557 9428 12139
12139 9428 14557
9428 12139 14557
9384 3768 11472
11472 3768 9384
3768 9384 11472
13805 4720 10506
4720 10506 13805
10506 4720 13805
1556 3050 10276
10276 1556 3050
3050 1556 10276
7662 13888 14478
14478 7662 13888
13888 7662 14478
8323 11371 11883
11371 8323 11883
11883 8323 11371
2064 2097 8731
2097 2064 8731
8731 2064 2097
11707 144 8218
144 8218 11707
8218 144 11707
8563 7083 8209
7083 8209 8563
8209 7083 8563
920 6128 7751
7751 920 6128
6128 920 7751
1574 1346 12761
1346 1574 12761
12761 1346 1574
3480 8068 9522
9522 3480 8068
8068 3480 9522
325 899 9793
9793 325 899
899 325 9793
9866 11449 13743
11449 9866 13743
13743 9866 11449
5337 10958 14294
10958 5337 14294
14294 5337 10958
9496 9079 12661
9079 9496 12661
12661 9079 9496
7197 7424 11697
7424 7197 11697
11697 7197 7424
5453 3630 14881
14881 3630 5453
3630 5453 14881
5900 6560 10595
6560 5900 10595
10595 5900 6560
2349 1323 8334
8334 1323 2349
1323 2349 8334
13819 3880 10067
3880 10067 13819
10067 3880 13819
6803 269 8824
269 6803 8824
8824 269 6803
767 9362 13286
13286 767 9362
9362 767 13286
13145 2170 12934
2170 12934 13145
12934 2170 13145
7935 6340 7614
6340 7614 7935
7614 6340 7935
13762 3679 5732
5732 3679 13762
3679 5732 13762
14282 235 5132
5132 235 14282
235 5132 14282
8669 6216 8672
6216 8669 8672
8672 6216 8669
8443 2421 10199
2421 8443 10199
10199 2421 8443
7691 863 11293
11293 863 7691
863 7691 11293
2751 1428 8143
8143 1428 2751
1428 2751 8143
12069 6322 7530
6322 7530 12069
7530 6322 12069
12100 3181 9195
9195 3181 12100
3181 9195 12100
8237 10829 12179
10829 8237 12179
12179 8237 10829
4550 643 8553
643 4550 8553
8553 643 4550
9332 8876 13848
13848 8876 9332
8876 9332 13848
7736 7592 14817
14817 7592 7736
7592 7736 14817
4588 3741 7948
7948 3741 4588
3741 4588 7948
9905 4478 6566
6566 4478 9905
4478 6566 9905
365 8994 14545
8994 365 14545
14545 365 8994
11488 3407 4932
3407 4932 11488
4932 3407 11488
8301 1509 4592
4592 1509 8301
1509 4592 8301
11206 975 12453
975 11206 12453
12453 975 11206
1815 6284 8926
6284 1815 8926
8926 1815 6284
4901 3500 7108
7108 3500 4901
3500 4901 7108
14992 3156 12367
3156 12367 14992
12367 3156 14992
11908 8355 9172
8355 9172 11908
9172 8355 11908
11894 2788 4167
2788 4167 11894
4167 2788 11894
4220 4318 5167
4318 4220 5167
5167 4220 4318
1057 1446 7608
1446 1057 7608
7608 1057 1446
3170 1230 8684
1230 3170 8684
8684 1230 3170
4094 5815 9910
5815 4094 9910
9910 4094 5815
5484 916 5297
916 5297 5484
5297 916 5484
10914 4721 9945
4721 9945 10914
9945 4721 10914
14028 5640 10294
10294 5640 14028
5640 10294 14028
1369 2640 6425
2640 1369 6425
6425 1369 2640
5746 4796 14679
14679 4796 5746
4796 5746 14679
3718 3424 7865
7865 3424 3718
3424 3718 7865
2957 1970 4368
1970 2957 4368
4368 1970 2957
14876 926 1325
1325 926 14876
926 1325 14876
13431 8732 10195
10195 8732 13431
8732 10195 13431
8000 5105 14811
5105 8000 14811
14811 5105 8000
13608 856 4849
4849 856 13608
856 4849 13608
4254 941 1740
1740 941 4254
941 1740 4254
143 10094 14361
14361 143 10094
10094 143 14361
10493 5958 9565
5958 9565 10493
9565 5958 10493
6514 4584 9254
4584 6514 9254
9254 4584 6514
14639 6178 13271
6178 13271 14639
13271 6178 14639
12185 6053 12110
12110 6053 12185
6053 12110 12185
2905 7168 7210
7168 2905 7210
7210 2905 7168
14269 1938 5831
1938 5831 14269
5831 1938 14269
14224 3877 9008
9008 3877 14224
3877 9008 14224
10238 4409 10282
4409 10238 10282
10282 4409 10238
9313 5699 14052
5699 9313 14052
14052 5699 9313
14809 4191 9454
4191 9454 14809
9454 4191 14809
8196 3864 5236
5236 3864 8196
3864 5236 8196
9952 3231 8815
3231 8815 9952
8815 3231 9952
10013 233 5175
5175 233 10013
233 5175 10013
4675 1110 8512
8512 1110 4675
1110 4675 8512
1998 7163 14943
7163 1998 14943
14943 1998 7163
1444 1502 2194
1502 1444 2194
2194 1444 1502
5844 10919 12512
10919 5844 12512
12512 5844 10919
11244 8180 14965
14965 8180 11244
8180 11244 14965
4940 2124 8257
2124 4940 8257
8257 2124 4940
5829 454 4414
454 4414 5829
4414 454 5829
14690 161 12877
161 12877 14690
12877 161 14690
286 6993 10871
10871 286 6993
6993 286 10871
9846 4883 10496
4883 9846 10496
10496 4883 9846
350 1672 14208
14208 350 1672
1672 350 14208
8683 1106 4968
4968 1106 8683
1106 4968 8683
6095 2139 14445
2139 6095 14445
14445 2139 6095
3907 509 10681
10681 509 3907
509 3907 10681
8179 9266 11827
9266 8179 11827
11827 8179 9266
313 5881 7423
5881 313 7423
7423 313 5881
7512 8256 11381
11381 7512 8256
8256 7512 11381
9206 8111 13631
8111 9206 13631
13631 8111 9206
9265 5032 12161
5032 9265 12161
12161 5032 9265
1677 13406 13768
13768 1677 13406
13406 1677 13768
14287 1379 14537
1379 14287 14537
14537 1379 14287
12420 9621 10328
9621 10328 12420
10328 9621 12420
2663 6761 9093
9093 2663 6761
6761 2663 9093
12244 803 8349
803 8349 12244
8349 803 12244
8154 535 1693
1693 535 8154
535 1693 8154
9139 3702 8835
3702 8835 9139
8835 3702 9139
3021 10049 10245
10245 3021 10049
10049 3021 10245
2183 5344 5938
5938 2183 5344
5344 2183 5938
10221 620 4196
620 4196 10221
4196 620 10221
14196 9048 9941
9048 9941 14196
9941 9048 14196
8716 5709 10073
10073 5709 8716
5709 8716 10073
12979 353 11130
11130 353 12979
353 11130 12979
10346 10890 12424
12424 10346 10890
10890 10346 12424
6815 4918 14044
14044 4918 6815
4918 6815 14044
8248 5477 8675
5477 8248 8675
8675 5477 8248
14331 2799 6310
2799 6310 14331
6310 2799 14331
9159 4926 9091
4926 9091 9159
9091 4926 9159
6490 1833 12813
1833 6490 12813
12813 1833 6490
11934 3476 9296
3476 9296 11934
9296 3476 11934
4342 11308 14232
14232 4342 11308
11308 4342 14232
8200 11590 11783
11783 8200 11590
11590 8200 11783
14760 5762 14995
5762 14760 14995
14995 5762 14760
7771 11435 11686
11686 7771 11435
11435 7771 11686
11107 4509 14929
4509 11107 14929
14929 4509 11107
4381 12563 13745
13745 4381 12563
12563 4381 13745
13670 1778 5765
5765 1778 13670
1778 5765 13670
7843 13173 14751
14751 7843 13173
13173 7843 14751
11192 3027 10226
10226 3027 11192
3027 10226 11192
5993 13097 14989
14989 5993 13097
13097 5993 14989
10684 1996 10785
10785 1996 10684
1996 10684 10785
6861 179 12281
12281 179 6861
179 6861 12281
8216 3974 14507
3974 8216 14507
14507 3974 8216
11563 5688 12790
5688 11563 12790
12790 5688 11563
6293 10572 12511
12511 6293 10572
10572 6293 12511
3612 6976 14360
6976 3612 14360
14360 3612 6976
11630 7150 8027
8027 7150 11630
7150 8027 11630
750 3988 12682
12682 750 3988
3988 750 12682
1295 10314 10752
10314 1295 10752
10752 1295 10314
7502 2965 5795
5795 2965 7502
2965 5795 7502
3739 93 1113
93 1113 3739
1113 93 3739
9526 1039 4256
1039 4256 9526
4256 1039 9526
2366 8576 13027
13027 2366 8576
8576 2366 13027
414 260 8827
8827 260 414
260 414 8827
12521 146 13076
13076 146 12521
146 12521 13076
7597 421 4651
421 4651 7597
4651 421 7597
7862 7170 9358
9358 7170 7862
7170 7862 9358
7199 2426 3340
2426 3340 7199
3340 2426 7199
6529 7328 8837
8837 6529 7328
7328 6529 8837
13633 10666 11652
10666 11652 13633
11652 10666 13633
4169 8202 14276
14276 4169 8202
8202 4169 14276
6556 380 1233
380 1233 6556
1233 380 6556
12485 6181 8415
8415 6181 12485
6181 8415 12485
6179 11737 14616
14616 6179 11737
11737 6179 14616
14834 1726 3966
3966 1726 14834
1726 3966 14834
1814 1957 6131
1957 1814 6131
6131 1814 1957
1495 2887 10196
10196 1495 2887
2887 1495 10196
3978 4690 14740
4690 3978 14740
14740 3978 4690
10082 11499 12239
12239 10082 11499
11499 10082 12239
5590 5028 9074
9074 5028 5590
5028 5590 9074
4507 14430 14681
14681 4507 14430
14430 4507 14681
11801 68 8135
68 8135 11801
8135 68 11801
3575 10405 14880
14880 3575 10405
10405 3575 14880
1391 1830 11126
1830 1391 11126
11126 1391 1830
880 692 5982
692 880 5982
5982 692 880
12598 7725 8557
7725 8557 12598
8557 7725 12598
5866 4341 9649
4341 5866 9649
9649 4341 5866
159 3317 10875
3317 159 10875
10875 159 3317
6011 5742 6862
6862 5742 6011
5742 6011 6862
3278 4749 10163
4749 3278 10163
10163 3278 4749
1984 4931 11600
4931 1984 11600
11600 1984 4931
11628 2587 10300
2587 10300 11628
10300 2587 11628
1722 5008 5565
5008 1722 5565
5565 1722 5008
3022 10319 10632
10319 3022 10632
10632 3022 10319
12993 13827 14585
13827 12993 14585
14585 12993 13827
538 2507 12925
2507 538 12925
12925 538 2507
9678 3398 5574
3398 5574 9678
5574 3398 9678
5209 3374 7527
7527 3374 5209
3374 5209 7527
7582 13588 14277
14277 7582 13588
13588 7582 14277
5291 8530 11829
11829 5291 8530
8530 5291 11829
2177 6047 13399
6047 2177 13399
13399 2177 6047
14037 11898 13525
13525 11898 14037
11898 13525 14037
4321 2968 5042
2968 4321 5042
5042 2968 4321
13329 6034 9341
9341 6034 13329
6034 9341 13329
10912 8734 11095
8734 10912 11095
11095 8734 10912
8344 2502 7103
2502 7103 8344
7103 2502 8344
9932 4156 6260
6260 4156 9932
4156 6260 9932
10415 908 6672
908 6672 10415
6672 908 10415
5659 7733 13046
13046 5659 7733
7733 5659 13046
11985 1068 7470
7470 1068 11985
1068 7470 11985
6157 2891 7186
2891 6157 7186
7186 2891 6157
811 13307 13659
13659 811 13307
13307 811 13659
13390 114 12411
12411 114 13390
114 12411 13390
5156 4921 9789
9789 4921 5156
4921 5156 9789
13835 84 1567
84 1567 13835
1567 84 13835
10622 1398 5870
5870 1398 10622
1398 5870 10622
9738 5050 8761
8761 5050 9738
5050 8761 9738
13841 1700 6824
6824 1700 13841
1700 6824 13841
8742 1147 9919
9919 1147 8742
1147 8742 9919
10722 1889 2403
1889 2403 10722
2403 1889 10722
5728 2999 9161
2999 5728 9161
9161 2999 5728
1251 4413 11487
4413 1251 11487
11487 1251 4413
3275 763 10780
10780 763 3275
763 3275 10780
9007 6344 7024
6344 7024 9007
7024 6344 9007
10247 7858 11181
7858 10247 11181
11181 7858 10247
13502 4739 9791
4739 9791 13502
9791 4739 13502
5041 3301 6286
3301 5041 6286
6286 3301 5041
1711 5969 9107
9107 1711 5969
5969 1711 9107
2273 2689 13282
2689 2273 13282
13282 2273 2689
4857 8112 11635
11635 4857 8112
8112 4857 11635
8285 2667 5354
2667 5354 8285
5354 2667 8285
2288 4339 8763
4339 2288 8763
8763 2288 4339
9747 1513 3561
3561 1513 9747
1513 3561 9747
2768 11339 13238
13238 2768 11339
11339 2768 13238
3781 7830 13187
7830 3781 13187
13187 3781 7830
1177 1907 3611
3611 1177 1907
1907 1177 3611
14450 6067 6417
6067 6417 14450
6417 6067 14450
6966 7804 8744
8744 6966 7804
7804 6966 8744
38 2642 3154
2642 38 3154
3154 38 2642
2662 2925 2955
2925 2662 2955
2955 2662 2925
3771 5142 12916
12916 3771 5142
5142 3771 12916
5073 596 13757
596 5073 13757
13757 596 5073
379 4646 10690
10690 379 4646
4646 379 10690
5858 32 885
32 885 5858
885 32 5858
10022 8865 14189
14189 8865 10022
8865 10022 14189
5497 6656 12921
6656 5497 12921
12921 5497 6656
1580 5237 14948
5237 1580 14948
14948 1580 5237
1085 1107 9964
1107 1085 9964
9964 1085 1107
11988 1794 11197
1794 11197 11988
11197 1794 11988
9926 1449 5061
5061 1449 9926
1449 5061 9926
9831 5341 5621
5621 5341 9831
5341 5621 9831
11125 7344 7384
7384 7344 11125
7344 7384 11125
8707 3719 12915
12915 3719 8707
3719 8707 12915
11634 3418 10509
10509 3418 11634
3418 10509 11634
11579 8150 11102
8150 11102 11579
11102 8150 11579
190 7759 13299
13299 190 7759
7759 190 13299
6715 5114 14025
5114 6715 14025
14025 5114 6715
7861 10823 13367
13367 7861 10823
10823 7861 13367
10197 4924 9608
9608 4924 10197
4924 9608 10197
12507 6231 12491
12491 6231 12507
6231 12491 12507
10621 2363 12940
2363 10621 12940
12940 2363 10621
6208 512 11862
11862 512 6208
512 6208 11862
10230 3586 4010
4010 3586 10230
3586 4010 10230
13964 3824 13199
3824 13199 13964
13199 3824 13964
9286 2631 10358
2631 9286 10358
10358 2631 9286
13662 1562 9938
9938 1562 13662
1562 9938 13662
3034 334 11723
11723 334 3034
334 3034 11723
2753 5227 12187
5227 2753 12187
12187 2753 5227
13896 1304 12209
1304 12209 13896
12209 1304 13896
355 4743 14968
14968 355 4743
4743 355 14968
724 4371 8583
4371 724 8583
8583 724 4371
9546 3469 14056
3469 9546 14056
14056 3469 9546
12774 1093 13033
1093 12774 13033
13033 1093 12774
386 1749 9942
1749 386 9942
9942 386 1749
554 7774 9018
7774 554 9018
9018 554 7774
12694 5771 12789
12789 5771 12694
5771 12694 12789
10545 1494 14645
14645 1494 10545
1494 10545 14645
6855 1178 10716
1178 6855 10716
10716 1178 6855
8730 12908 14955
14955 8730 12908
12908 8730 14955
14641 11326 11347
11326 11347 14641
11347 11326 14641
13546 106 9861
106 9861 13546
9861 106 13546
10404 6624 9488
6624 9488 10404
9488 6624 10404
1311 3488 7791
7791 1311 3488
3488 1311 7791
10667 295 10853
10853 295 10667
295 10667 10853
14596 6596 11927
6596 11927 14596
11927 6596 14596
303 7745 10784
7745 303 10784
10784 303 7745
10816 2052 14575
14575 2052 10816
2052 10816 14575
10139 2459 9551
9551 2459 10139
2459 9551 10139
10156 8478 12562
12562 8478 10156
8478 10156 12562
1136 6758 13313
6758 1136 13313
13313 1136 6758
9273 6337 12235
12235 6337 9273
6337 9273 12235
10576 5091 14031
14031 5091 10576
5091 10576 14031
2393 1825 9612
9612 1825 2393
1825 2393 9612
9061 966 11807
11807 966 9061
966 9061 11807
11484 3834 7132
7132 3834 11484
3834 7132 11484
14731 3363 12206
3363 12206 14731
12206 3363 14731
4101 10668 10860
10668 4101 10860
10860 4101 10668
13609 928 13531
13531 928 13609
928 13531 13609
1995 8342 9893
9893 1995 8342
8342 1995 9893
4460 6056 6466
6056 4460 6466
6466 4460 6056
8897 2332 7599
7599 2332 8897
2332 7599 8897
4694 3183 8333
8333 3183 4694
3183 4694 8333
12614 209 14663
209 12614 14663
14663 209 12614
5395 4223 14999
14999 4223 5395
4223 5395 14999
9811 7837 9205
9205 7837 9811
7837 9205 9811
2279 4733 5919
4733 2279 5919
5919 2279 4733
6229 10922 13880
10922 6229 13880
13880 6229 10922
4289 1301 12262
1301 4289 12262
12262 1301 4289
9069 5225 13956
5225 9069 13956
13956 5225 9069
10387 1615 6593
1615 6593 10387
6593 1615 10387
12159 659 2153
2153 659 12159
659 2153 12159
691 3131 12613
3131 691 12613
12613 691 3131
1851 8215 10155
8215 1851 10155
10155 1851 8215
6196 9855 13423
9855 6196 13423
13423 6196 9855
64 2156 10437
10437 64 2156
2156 64 10437
67 7489 14298
14298 67 7489
7489 67 14298
13903 10477 14920
10477 13903 14920
14920 10477 13903
13979 2928 5404
2928 5404 13979
5404 2928 13979
8560 4091 11589
4091 8560 11589
11589 4091 8560
2628 527 11852
11852 527 2628
527 2628 11852
5303 7307 10950
10950 5303 7307
7307 5303 10950
6319 4241 12549
4241 6319 12549
12549 4241 6319
14205 3126 5252
3126 5252 14205
5252 3126 14205
6693 2702 6934
2702 6693 6934
6934 2702 6693
14712 1487 1893
1893 1487 14712
1487 1893 14712
4951 3120 9492
9492 3120 4951
3120 4951 9492
12270 5933 14696
5933 12270 14696
14696 5933 12270
9602 4736 12693
12693 4736 9602
4736 9602 12693
8688 9662 9920
9662 8688 9920
9920 8688 9662
11099 2216 10858
10858 2216 11099
2216 10858 11099
3367 9369 10253
9369 3367 10253
10253 3367 9369
13891 12528 14531
12528 13891 14531
14531 12528 13891
4960 1218 14936
14936 1218 4960
1218 4960 14936
4538 6057 7811
7811 4538 6057
6057 4538 7811
3078 1241 8101
1241 3078 8101
8101 1241 3078
14163 5495 11394
11394 5495 14163
5495 11394 14163
12327 8895 12053
8895 12053 12327
12053 8895 12327
2875 3998 14827
3998 2875 14827
14827 2875 3998
927 7327 7850
7850 927 7327
7327 927 7850
8649 8351 12604
12604 8351 8649
8351 8649 12604
12337 9413 11961
9413 11961 12337
11961 9413 12337
7135 2561 11569
11569 2561 7135
2561 7135 11569
14219 8577 12082
12082 8577 14219
8577 12082 14219
3970 5972 6608
6608 3970 5972
5972 3970 6608
3489 3670 6441
6441 3489 3670
3670 3489 6441
9504 9875 12280
12280 9504 9875
9875 9504 12280
6198 5723 13224
13224 5723 6198
5723 6198 13224
4713 2431 8170
8170 2431 4713
2431 4713 8170
2171 7043 14078
14078 2171 7043
7043 2171 14078
11614 4937 9487
9487 4937 11614
4937 9487 11614
3923 314 5310
314 3923 5310
5310 314 3923
4461 10243 12307
12307 4461 10243
10243 4461 12307
866 2609 4659
4659 866 2609
2609 866 4659
5623 6539 10349
10349 5623 6539
6539 5623 10349
9967 8490 11594
8490 9967 11594
11594 8490 9967
7036 8013 11479
8013 7036 11479
11479 7036 8013
9946 6584 11892
11892 6584 9946
6584 9946 11892
4476 3425 7869
7869 3425 4476
3425 4476 7869
10626 5392 11549
11549 5392 10626
5392 10626 11549
2291 1003 4427
4427 1003 2291
1003 2291 4427
5868 6217 9715
6217 5868 9715
9715 5868 6217
8402 1827 12647
12647 1827 8402
1827 8402 12647
12178 3515 5776
5776 3515 12178
3515 5776 12178
1644 9521 10086
9521 1644 10086
10086 1644 9521
11551 9230 14761
9230 11551 14761
14761 9230 11551
6753 9604 12783
12783 6753 9604
9604 6753 12783
12714 9450 10524
10524 9450 12714
9450 10524 12714
12601 3335 8370
3335 8370 12601
8370 3335 12601
10231 2535 13811
2535 10231 13811
13811 2535 10231
4060 9400 10285
9400 4060 10285
10285 4060 9400
873 4462 11555
4462 873 11555
11555 873 4462
13772 1614 4497
4497 1614 13772
1614 4497 13772
3758 629 11643
629 3758 11643
11643 629 3758
474 3267 7456
3267 474 7456
7456 474 3267
5750 293 6442
6442 293 5750
293 5750 6442
4819 2941 6044
2941 4819 6044
6044 2941 4819
5213 2037 7440
2037 5213 7440
7440 2037 5213
12834 9366 9729
9729 9366 12834
9366 9729 12834
4479 4870 8890
4870 4479 8890
8890 4479 4870
1764 6385 14655
14655 1764 6385
6385 1764 14655
6750 6616 13666
13666 6616 6750
6616 6750 13666
14332 7026 11432
11432 7026 14332
7026 11432 14332
14455 10107 10745
10107 10745 14455
10745 10107 14455
3198 1473 4983
4983 1473 3198
1473 3198 4983
92 13047 13220
13220 92 13047
13047 92 13220
4264 12735 13529
12735 4264 13529
13529 4264 12735
242 7596 11877
7596 242 11877
11877 242 7596
5642 6938 10864
10864 5642 6938
6938 5642 10864
8933 867 6909
867 6909 8933
6909 867 8933
1095 3014 13597
13597 1095 3014
3014 1095 13597
1199 2988 12660
2988 1199 12660
12660 1199 2988
13345 59 351
59 351 13345
351 59 13345
6582 3518 12867
12867 3518 6582
3518 6582 12867
5290 742 10390
742 5290 10390
10390 742 5290
6119 5712 5803
5803 5712 6119
5712 5803 6119
8015 11879 13048
11879 8015 13048
13048 8015 11879
5528 10788 12418
10788 5528 12418
12418 5528 10788
10957 540 11989
540 10957 11989
11989 540 10957
7603 1040 2225
1040 2225 7603
2225 1040 7603
9583 9699 11585
11585 9583 9699
9699 9583 11585
11668 2720 11791
11791 2720 11668
2720 11668 11791
14207 1863 11251
1863 11251 14207
11251 1863 14207
7731 11532 13273
11532 7731 13273
13273 7731 11532
6725 9299 14700
9299 6725 14700
14700 6725 9299
701 3462 6108
6108 701 3462
3462 701 6108
590 2793 8407
2793 590 8407
8407 590 2793
7889 9770 12091
12091 7889 9770
9770 7889 12091
4313 3288 12688
3288 4313 12688
12688 3288 4313
552 8610 12136
12136 552 8610
8610 552 12136
7549 3784 13863
13863 3784 7549
3784 7549 13863
12648 1676 7394
7394 1676 12648
1676 7394 12648
4896 4581 6762
4581 4896 6762
6762 4581 4896
2313 5734 7314
5734 2313 7314
7314 2313 5734
11467 2422 6922
2422 6922 11467
6922 2422 11467
7081 7783 12849
7783 7081 12849
12849 7081 7783
9909 5502 13837
13837 5502 9909
5502 9909 13837
1228 7428 12438
7428 1228 12438
12438 1228 7428
7820 6657 12884
6657 7820 12884
12884 6657 7820
11000 3879 13541
3879 11000 13541
13541 3879 11000
9764 5488 13260
13260 5488 9764
5488 9764 13260
9670 2981 6265
2981 6265 9670
6265 2981 9670
11182 2550 5779
2550 5779 11182
5779 2550 11182
23 2692 14767
14767 23 2692
2692 23 14767
2001 5706 12844
12844 2001 5706
5706 2001 12844
7425 5426 10765
5426 7425 10765
10765 5426 7425
13679 10867 12371
12371 10867 13679
10867 12371 13679
14620 11223 13640
11223 13640 14620
13640 11223 14620
11500 400 3416
400 3416 11500
3416 400 11500
10125 3825 12909
3825 10125 12909
12909 3825 10125
1545 3444 12056
12056 1545 3444
3444 1545 12056
2634 1930 13131
13131 1930 2634
1930 2634 13131
4673 580 9977
580 4673 9977
9977 580 4673
1305 820 10325
820 1305 10325
10325 820 1305
10748 3847 11373
11373 3847 10748
3847 10748 11373
4769 8904 9874
9874 4769 8904
8904 4769 9874
10011 167 12669
12669 167 10011
167 10011 12669
7264 583 3051
3051 583 7264
583 3051 7264
8789 12383 14781
12383 8789 14781
14781 8789 12383
7241 8169 12431
8169 7241 12431
12431 7241 8169
5715 3056 6854
3056 5715 6854
6854 3056 5715
1277 1909 2710
2710 1277 1909
1909 1277 2710
10457 5797 10504
10504 5797 10457
5797 10457 10504
13473 11452 13798
13798 11452 13473
11452 13473 13798
9383 539 14682
14682 539 9383
539 9383 14682
4066 12486 13885
12486 4066 13885
13885 4066 12486
129 2497 14108
14108 129 2497
2497 129 14108
9953 9813 14096
14096 9813 9953
9813 9953 14096
9579 1642 13817
13817 1642 9579
1642 9579 13817
2307 4308 6620
4308 2307 6620
6620 2307 4308
6998 6924 10095
10095 6924 6998
6924 6998 10095
8639 4057 13600
13600 4057 8639
4057 8639 13600
10508 3685 8136
3685 8136 10508
8136 3685 10508
8857 3357 8341
8341 3357 8857
3357 8341 8857
1555 5437 10280
10280 1555 5437
5437 1555 10280
14576 4847 7506
4847 7506 14576
7506 4847 14576
6188 2861 11327
2861 6188 11327
11327 2861 6188
12063 490 14826
490 12063 14826
14826 490 12063
3724 4635 4943
4635 3724 4943
4943 3724 4635
6328 10344 12097
10344 6328 12097
12097 6328 10344
6933 7064 10335
10335 6933 7064
7064 6933 10335
11790 4194 6630
6630 4194 11790
4194 6630 11790
2210 2215 5275
5275 2210 2215
2215 2210 5275
6621 11521 14726
11521 6621 14726
14726 6621 11521
10111 678 6479
6479 678 10111
678 6479 10111
2579 4546 14456
14456 2579 4546
4546 2579 14456
14346 10117 10169
10169 10117 14346
10117 10169 14346
2884 5013 5957
5957 2884 5013
5013 2884 5957
11440 827 2949
2949 827 11440
827 2949 11440
2651 7195 12599
12599 2651 7195
7195 2651 12599
9267 9363 14376
