123357 56157 123899
123899 56157 123357
56157 123357 123899
60613 35654 106513
106513 35654 60613
35654 60613 106513
132377 72490 104676
104676 72490 132377
72490 104676 132377
100039 74430 126787
74430 100039 126787
126787 74430 100039
142246 35642 46945
46945 35642 142246
35642 46945 142246
142131 34433 68817
68817 34433 142131
34433 68817 142131
38976 4423 85556
85556 4423 38976
4423 38976 85556
44090 1593 33117
33117 1593 44090
1593 33117 44090
63687 41414 97379
41414 63687 97379
97379 41414 63687
44670 33879 123360
123360 33879 44670
33879 44670 123360
25017 15286 94332
15286 25017 94332
94332 15286 25017
137205 91475 149003
149003 91475 137205
91475 137205 149003
96017 7763 98672
98672 7763 96017
7763 96017 98672
58634 42429 141424
42429 58634 141424
141424 42429 58634
47769 31659 58851
31659 47769 58851
58851 31659 47769
88738 114485 139434
139434 88738 114485
114485 88738 139434
31593 16456 139601
139601 16456 31593
16456 31593 139601
52 63330 96480
63330 52 96480
96480 52 63330
103324 28318 47780
47780 28318 103324
28318 47780 103324
98609 9791 109322
109322 9791 98609
9791 98609 109322
98345 32064 142145
142145 32064 98345
32064 98345 142145
4558 73883 114263
114263 4558 73883
73883 4558 114263
82888 50977 136890
136890 50977 82888
50977 82888 136890
2205 15448 89188
15448 2205 89188
89188 2205 15448
149711 97157 143270
97157 143270 149711
143270 97157 149711
109371 75247 144663
75247 109371 144663
144663 75247 109371
120305 97741 100212
97741 100212 120305
100212 97741 120305
21138 4853 70799
70799 4853 21138
4853 21138 70799
107283 9690 80809
80809 9690 107283
9690 80809 107283
22043 6845 38237
6845 22043 38237
38237 6845 22043
10529 82930 133695
82930 10529 133695
133695 10529 82930
42115 69300 75306
69300 42115 75306
75306 42115 69300
51643 107378 140939
140939 51643 107378
107378 51643 140939
3379 141520 147463
141520 3379 147463
147463 3379 141520
29650 30413 36079
36079 29650 30413
30413 29650 36079
92639 89118 119792
89118 92639 119792
119792 89118 92639
14155 48778 66983
66983 14155 48778
48778 14155 66983
18583 141499 143986
143986 18583 141499
141499 18583 143986
11906 6887 95481
6887 11906 95481
95481 6887 11906
76527 21207 144866
21207 76527 144866
144866 21207 76527
103490 74226 117023
74226 103490 117023
117023 74226 103490
131380 41669 107070
107070 41669 131380
41669 107070 131380
15716 14254 111633
14254 15716 111633
111633 14254 15716
59160 20248 49882
49882 20248 59160
20248 49882 59160
96404 9409 149729
9409 96404 149729
149729 9409 96404
139855 105916 122822
122822 105916 139855
105916 122822 139855
39788 16482 24352
24352 16482 39788
16482 24352 39788
76690 1502 43823
43823 1502 76690
1502 43823 76690
2436 109169 123831
123831 2436 109169
109169 2436 123831
26210 16853 58056
58056 16853 26210
16853 26210 58056
47192 46279 99014
99014 46279 47192
46279 47192 99014
123384 114659 148674
114659 123384 148674
148674 114659 123384
110021 59011 104508
104508 59011 110021
59011 104508 110021
60294 96769 141690
141690 60294 96769
96769 60294 141690
53757 115779 142822
115779 53757 142822
142822 53757 115779
59340 16984 128801
16984 59340 128801
128801 16984 59340
51727 44804 63737
44804 51727 63737
63737 44804 51727
125027 899 1474
899 1474 125027
1474 899 125027
142993 45201 137525
137525 45201 142993
45201 137525 142993
109056 1916 68002
68002 1916 109056
1916 68002 109056
134848 4849 146711
146711 4849 134848
4849 134848 146711
83708 54213 61282
54213 61282 83708
61282 54213 83708
130168 17010 98342
98342 17010 130168
17010 98342 130168
80838 105201 148741
105201 80838 148741
148741 80838 105201
129461 7024 91207
7024 91207 129461
91207 7024 129461
107377 16088 77103
77103 16088 107377
16088 77103 107377
94296 9433 83659
83659 9433 94296
9433 83659 94296
120881 21259 105017
105017 21259 120881
21259 105017 120881
65722 53265 137394
53265 65722 137394
137394 53265 65722
142781 99285 149245
99285 142781 149245
149245 99285 142781
134640 76256 92358
76256 92358 134640
92358 76256 134640
1709 19856 141805
141805 1709 19856
19856 1709 141805
124125 80882 115330
115330 80882 124125
80882 115330 124125
109544 14853 24190
24190 14853 109544
14853 24190 109544
65842 6713 48842
48842 6713 65842
6713 48842 65842
22084 102574 116022
102574 22084 116022
116022 22084 102574
31839 4205 51589
51589 4205 31839
4205 31839 51589
63209 7084 30275
7084 30275 63209
30275 7084 63209
108491 89076 109520
89076 108491 109520
109520 89076 108491
11732 118514 126826
126826 11732 118514
118514 11732 126826
7335 44642 49291
49291 7335 44642
44642 7335 49291
33043 86096 145681
145681 33043 86096
86096 33043 145681
149596 67466 137032
67466 137032 149596
137032 67466 149596
74660 98258 119108
119108 74660 98258
98258 74660 119108
33087 105939 133390
133390 33087 105939
105939 33087 133390
36756 23390 24388
23390 24388 36756
24388 23390 36756
24163 54373 71945
71945 24163 54373
54373 24163 71945
62511 29056 133848
29056 62511 133848
133848 29056 62511
9264 74803 136474
74803 9264 136474
136474 9264 74803
118376 110218 148259
110218 118376 148259
148259 110218 118376
27099 35264 37874
37874 27099 35264
35264 27099 37874
62354 26828 142437
26828 62354 142437
142437 26828 62354
134361 74618 136517
136517 74618 134361
74618 134361 136517
61558 68231 136773
136773 61558 68231
68231 61558 136773
128870 20339 58553
20339 58553 128870
58553 20339 128870
125567 19874 30131
19874 30131 125567
30131 19874 125567
145610 37621 126511
126511 37621 145610
37621 126511 145610
42414 34830 115603
115603 34830 42414
34830 42414 115603
74846 35710 100784
100784 35710 74846
35710 74846 100784
23543 41378 87162
87162 23543 41378
41378 23543 87162
112242 62844 129843
62844 112242 129843
129843 62844 112242
103374 14066 133212
14066 103374 133212
133212 14066 103374
25124 43370 114382
43370 25124 114382
114382 25124 43370
69178 4398 122117
122117 4398 69178
4398 69178 122117
111293 24206 147573
147573 24206 111293
24206 111293 147573
105615 32775 44704
44704 32775 105615
32775 44704 105615
35565 28590 92254
92254 28590 35565
28590 35565 92254
95725 43279 118645
43279 95725 118645
118645 43279 95725
69018 86568 128012
128012 69018 86568
86568 69018 128012
58799 102418 143502
102418 58799 143502
143502 58799 102418
143933 26180 144589
26180 143933 144589
144589 26180 143933
47150 24664 121838
24664 47150 121838
121838 24664 47150
49239 35178 102929
35178 49239 102929
102929 35178 49239
100487 55517 78866
78866 55517 100487
55517 78866 100487
80260 84691 135426
84691 80260 135426
135426 80260 84691
99028 25532 130495
25532 99028 130495
130495 25532 99028
96347 10809 125185
10809 96347 125185
125185 10809 96347
20155 1052 124524
1052 20155 124524
124524 1052 20155
85661 112013 144105
144105 85661 112013
112013 85661 144105
124884 24802 65704
24802 65704 124884
65704 24802 124884
103218 10501 135500
135500 10501 103218
10501 103218 135500
91777 26124 137846
137846 26124 91777
26124 91777 137846
46532 9638 35915
9638 35915 46532
35915 9638 46532
20256 21866 76889
76889 20256 21866
21866 20256 76889
28050 88066 132805
88066 28050 132805
132805 28050 88066
80368 143467 146818
146818 80368 143467
143467 80368 146818
59339 69476 94206
94206 59339 69476
69476 59339 94206
104432 40101 114502
40101 104432 114502
114502 40101 104432
114493 3290 11940
11940 3290 114493
3290 11940 114493
20186 20119 66866
66866 20119 20186
20119 20186 66866
90135 58154 60060
60060 58154 90135
58154 60060 90135
57380 17112 79177
79177 17112 57380
17112 57380 79177
119120 3639 127623
3639 119120 127623
127623 3639 119120
148549 24345 105601
105601 24345 148549
24345 105601 148549
5191 62316 84820
84820 5191 62316
62316 5191 84820
8163 28121 144029
144029 8163 28121
28121 8163 144029
69378 3826 8121
3826 8121 69378
8121 3826 69378
82249 71237 125601
71237 82249 125601
125601 71237 82249
99059 73569 148232
73569 99059 148232
148232 73569 99059
19311 92011 131761
131761 19311 92011
92011 19311 131761
103091 99281 123553
99281 103091 123553
123553 99281 103091
51937 7914 34101
7914 34101 51937
34101 7914 51937
105290 31449 53940
53940 31449 105290
31449 53940 105290
82394 1044 47503
1044 47503 82394
47503 1044 82394
110215 29200 62365
29200 62365 110215
62365 29200 110215
24843 53364 92244
53364 24843 92244
92244 24843 53364
108001 17269 117238
17269 108001 117238
117238 17269 108001
9335 84252 137516
137516 9335 84252
84252 9335 137516
104172 57348 110820
57348 104172 110820
110820 57348 104172
72634 90892 113569
90892 72634 113569
113569 72634 90892
63528 6507 47735
47735 6507 63528
6507 47735 63528
36353 28415 100710
28415 36353 100710
100710 28415 36353
48245 73500 128316
128316 48245 73500
73500 48245 128316
24021 82661 100759
100759 24021 82661
82661 24021 100759
136770 88783 88926
88783 88926 136770
88926 88783 136770
95340 118211 136964
118211 95340 136964
136964 95340 118211
13599 42676 80563
80563 13599 42676
42676 13599 80563
135380 120195 128187
120195 128187 135380
128187 120195 135380
130519 60864 138092
60864 130519 138092
138092 60864 130519
22974 27067 93798
27067 22974 93798
93798 22974 27067
43859 87263 119343
119343 43859 87263
87263 43859 119343
102876 78001 84114
84114 78001 102876
78001 84114 102876
14180 57127 104726
57127 14180 104726
104726 14180 57127
13775 83696 85381
85381 13775 83696
83696 13775 85381
147318 94239 115583
94239 115583 147318
115583 94239 147318
37678 74321 130903
74321 37678 130903
130903 37678 74321
68444 66366 131105
131105 66366 68444
66366 68444 131105
44358 141721 146481
146481 44358 141721
141721 44358 146481
69465 93571 146013
93571 69465 146013
146013 69465 93571
33626 54436 121129
121129 33626 54436
54436 33626 121129
126373 4770 110326
4770 110326 126373
110326 4770 126373
28115 10872 70927
10872 28115 70927
70927 10872 28115
57712 12445 139053
12445 57712 139053
139053 12445 57712
113522 82090 119102
82090 113522 119102
119102 82090 113522
29739 45803 131650
131650 29739 45803
45803 29739 131650
94717 67860 74374
67860 74374 94717
74374 67860 94717
135010 48088 86611
48088 86611 135010
86611 48088 135010
21534 27983 115079
27983 21534 115079
115079 21534 27983
63785 56872 69613
69613 56872 63785
56872 63785 69613
6864 3602 61639
61639 3602 6864
3602 6864 61639
137908 17322 24373
24373 17322 137908
17322 24373 137908
48911 18949 123627
123627 18949 48911
18949 48911 123627
114222 3482 72699
72699 3482 114222
3482 72699 114222
99855 63597 66718
66718 63597 99855
63597 66718 99855
64945 1438 26573
26573 1438 64945
1438 26573 64945
112940 18319 123002
18319 112940 123002
123002 18319 112940
22967 9753 64923
64923 9753 22967
9753 22967 64923
99422 56940 74741
56940 74741 99422
74741 56940 99422
119566 44441 50118
50118 44441 119566
44441 50118 119566
1558 26481 78064
26481 1558 78064
78064 1558 26481
97633 24778 123459
123459 24778 97633
24778 97633 123459
70032 26122 96537
96537 26122 70032
26122 70032 96537
136169 5576 80946
80946 5576 136169
5576 80946 136169
21130 2765 93514
2765 21130 93514
93514 2765 21130
133487 41874 88678
88678 41874 133487
41874 88678 133487
73823 24318 32325
32325 24318 73823
24318 32325 73823
32122 9025 39296
39296 9025 32122
9025 32122 39296
3056 18407 142321
18407 3056 142321
142321 3056 18407
62356 4122 76429
4122 62356 76429
76429 4122 62356
104069 118557 122417
118557 104069 122417
122417 104069 118557
100124 47228 115018
115018 47228 100124
47228 100124 115018
49814 54800 147968
147968 49814 54800
54800 49814 147968
9251 108969 125235
125235 9251 108969
108969 9251 125235
41776 43280 146062
43280 41776 146062
146062 41776 43280
44186 18692 37360
18692 37360 44186
37360 18692 44186
70334 521 129074
129074 521 70334
521 70334 129074
102182 58110 141311
58110 102182 141311
141311 58110 102182
13414 11527 86653
86653 11527 13414
11527 13414 86653
7536 17530 76055
17530 7536 76055
76055 7536 17530
112470 72711 131050
72711 112470 131050
131050 72711 112470
104920 22842 112526
112526 22842 104920
22842 104920 112526
115610 45797 96584
45797 96584 115610
96584 45797 115610
17002 109368 130482
130482 17002 109368
109368 17002 130482
121024 144919 145424
144919 121024 145424
145424 121024 144919
93851 93313 121801
93313 93851 121801
121801 93313 93851
35949 22920 114171
22920 35949 114171
114171 22920 35949
34269 85676 106776
106776 34269 85676
85676 34269 106776
14024 102532 137034
102532 14024 137034
137034 14024 102532
94748 41020 132735
41020 94748 132735
132735 41020 94748
2583 66239 116504
66239 2583 116504
116504 2583 66239
6957 94075 149671
149671 6957 94075
94075 6957 149671
79588 68 94369
68 79588 94369
94369 68 79588
90754 3458 58125
3458 58125 90754
58125 3458 90754
36738 19800 118199
19800 36738 118199
118199 19800 36738
65137 70377 104753
70377 65137 104753
104753 65137 70377
50818 28792 57424
57424 28792 50818
28792 50818 57424
53471 51956 123288
51956 53471 123288
123288 51956 53471
136559 10531 51788
51788 10531 136559
10531 51788 136559
28742 73114 121314
73114 28742 121314
121314 28742 73114
135251 56154 93638
93638 56154 135251
56154 93638 135251
130044 104237 118153
118153 104237 130044
104237 118153 130044
114632 104250 139947
139947 104250 114632
104250 114632 139947
16471 93409 109241
93409 16471 109241
109241 16471 93409
49665 4767 99941
4767 49665 99941
99941 4767 49665
28091 80200 94463
80200 28091 94463
94463 28091 80200
28127 31356 38701
38701 28127 31356
31356 28127 38701
100492 19260 120698
120698 19260 100492
19260 100492 120698
49036 21883 141731
21883 49036 141731
141731 21883 49036
4427 79240 129551
129551 4427 79240
79240 4427 129551
99153 122188 133572
122188 99153 133572
133572 99153 122188
88936 30429 68653
68653 30429 88936
30429 68653 88936
111971 121064 138014
138014 111971 121064
121064 111971 138014
18586 15218 71428
15218 18586 71428
71428 15218 18586
121781 109364 133546
133546 109364 121781
109364 121781 133546
71418 3672 140606
140606 3672 71418
3672 71418 140606
22952 82093 148696
148696 22952 82093
82093 22952 148696
86574 22354 55581
55581 22354 86574
22354 55581 86574
86559 33820 99329
99329 33820 86559
33820 86559 99329
12314 23350 98290
98290 12314 23350
23350 12314 98290
95190 24534 57345
57345 24534 95190
24534 57345 95190
48388 75224 105634
75224 48388 105634
105634 48388 75224
110618 8460 23331
23331 8460 110618
8460 23331 110618
33159 7164 42965
7164 33159 42965
42965 7164 33159
142987 82191 117293
82191 117293 142987
117293 82191 142987
128599 14735 146858
14735 128599 146858
146858 14735 128599
73879 59139 110388
110388 59139 73879
59139 73879 110388
112660 70404 84936
70404 84936 112660
84936 70404 112660
78626 131578 140916
140916 78626 131578
131578 78626 140916
39758 35982 147989
35982 39758 147989
147989 35982 39758
74459 65670 84414
84414 65670 74459
65670 74459 84414
16059 106183 137959
137959 16059 106183
106183 16059 137959
141353 3293 65330
65330 3293 141353
3293 65330 141353
75736 53441 126123
53441 75736 126123
126123 53441 75736
41185 15616 67309
67309 15616 41185
15616 41185 67309
129508 111438 140376
140376 111438 129508
111438 129508 140376
48418 13092 78783
78783 13092 48418
13092 48418 78783
56967 94765 113984
94765 56967 113984
113984 56967 94765
16404 34578 96236
34578 16404 96236
96236 16404 34578
63103 51553 119407
119407 51553 63103
51553 63103 119407
58477 30611 106794
30611 58477 106794
106794 30611 58477
112822 2949 16416
16416 2949 112822
2949 16416 112822
134609 69364 124866
124866 69364 134609
69364 124866 134609
88627 90236 98275
98275 88627 90236
90236 88627 98275
40660 23403 149915
23403 40660 149915
149915 23403 40660
53101 83384 86087
83384 53101 86087
86087 53101 83384
8747 34305 89663
34305 8747 89663
89663 8747 34305
37626 112282 136927
136927 37626 112282
112282 37626 136927
15688 94811 136854
94811 15688 136854
136854 15688 94811
145183 112690 144475
112690 144475 145183
144475 112690 145183
109415 62785 100724
100724 62785 109415
62785 100724 109415
142736 121042 121498
121498 121042 142736
121042 121498 142736
88070 94882 129651
94882 88070 129651
129651 88070 94882
49822 14962 118718
118718 14962 49822
14962 49822 118718
112535 82099 142871
82099 112535 142871
142871 82099 112535
90008 35330 89900
89900 35330 90008
35330 89900 90008
130959 85840 94345
85840 94345 130959
94345 85840 130959
74489 21847 64109
21847 64109 74489
64109 21847 74489
127138 2878 4622
4622 2878 127138
2878 4622 127138
937 45459 50004
50004 937 45459
45459 937 50004
128898 8950 35804
35804 8950 128898
8950 35804 128898
42716 89602 147152
89602 42716 147152
147152 42716 89602
83752 4969 43553
4969 43553 83752
43553 4969 83752
90120 64166 76068
76068 64166 90120
64166 76068 90120
95781 40220 95251
95251 40220 95781
40220 95251 95781
128997 11692 108712
11692 108712 128997
108712 11692 128997
119939 46500 81205
46500 81205 119939
81205 46500 119939
142644 4310 87004
87004 4310 142644
4310 87004 142644
4827 81018 136793
136793 4827 81018
81018 4827 136793
68624 95175 100279
100279 68624 95175
95175 68624 100279
8908 94284 128442
128442 8908 94284
94284 8908 128442
6450 60563 72445
60563 6450 72445
72445 6450 60563
33943 38393 131169
131169 33943 38393
38393 33943 131169
2577 56209 99676
56209 2577 99676
99676 2577 56209
134387 81253 146884
81253 134387 146884
146884 81253 134387
96515 110863 134238
110863 96515 134238
134238 96515 110863
109947 36159 85663
85663 36159 109947
36159 85663 109947
81080 74681 142710
142710 74681 81080
74681 81080 142710
17234 133027 146453
133027 17234 146453
146453 17234 133027
56455 12617 61804
61804 12617 56455
12617 56455 61804
112683 18022 55362
55362 18022 112683
18022 55362 112683
13574 11461 65760
65760 11461 13574
11461 13574 65760
126240 17069 20999
17069 20999 126240
20999 17069 126240
36337 16975 116071
116071 16975 36337
16975 36337 116071
60216 80536 122475
122475 60216 80536
80536 60216 122475
92409 103396 146194
146194 92409 103396
103396 92409 146194
123366 13023 117418
13023 117418 123366
117418 13023 123366
98926 17678 48205
48205 17678 98926
17678 48205 98926
145140 81468 86460
81468 86460 145140
86460 81468 145140
136868 11557 107348
107348 11557 136868
11557 107348 136868
86798 8917 82743
8917 82743 86798
82743 8917 86798
21281 767 103566
103566 767 21281
767 21281 103566
109767 49220 133188
133188 49220 109767
49220 109767 133188
98351 36110 50228
50228 36110 98351
36110 50228 98351
33211 79765 115483
79765 33211 115483
115483 33211 79765
15466 11216 27058
27058 11216 15466
11216 15466 27058
125658 26849 117445
117445 26849 125658
26849 117445 125658
121352 23074 72003
72003 23074 121352
23074 72003 121352
7009 13145 33908
13145 7009 33908
33908 7009 13145
128881 90993 111852
111852 90993 128881
90993 111852 128881
140306 4793 136010
136010 4793 140306
4793 136010 140306
116981 125740 146212
146212 116981 125740
125740 116981 146212
121609 1023 5841
5841 1023 121609
1023 5841 121609
142900 18445 105273
105273 18445 142900
18445 105273 142900
17198 45684 67789
45684 17198 67789
67789 17198 45684
96173 30941 63992
63992 30941 96173
30941 63992 96173
84109 33706 145810
145810 33706 84109
33706 84109 145810
16938 6156 58042
58042 6156 16938
6156 16938 58042
114469 24840 73057
24840 73057 114469
73057 24840 114469
148095 15327 107367
107367 15327 148095
15327 107367 148095
24469 1252 148005
148005 1252 24469
1252 24469 148005
12846 5402 131591
5402 12846 131591
131591 5402 12846
3553 18440 47351
47351 3553 18440
18440 3553 47351
7567 71789 146014
71789 7567 146014
146014 7567 71789
37868 120479 124158
120479 37868 124158
124158 37868 120479
32358 68191 121038
68191 32358 121038
121038 32358 68191
72820 80312 117132
117132 72820 80312
80312 72820 117132
118198 63984 126284
63984 118198 126284
126284 63984 118198
31192 55092 128482
55092 31192 128482
128482 31192 55092
89666 50073 87037
87037 50073 89666
50073 87037 89666
73065 110546 112679
110546 73065 112679
112679 73065 110546
78393 79506 135973
79506 78393 135973
135973 78393 79506
116253 62342 108799
62342 108799 116253
108799 62342 116253
11957 157 50988
157 11957 50988
50988 157 11957
54481 33029 110343
110343 33029 54481
33029 54481 110343
45970 31463 38949
38949 31463 45970
31463 38949 45970
87508 54993 147021
54993 87508 147021
147021 54993 87508
7441 3812 30665
30665 3812 7441
3812 7441 30665
64051 69726 130724
69726 64051 130724
130724 64051 69726
55968 5131 35529
35529 5131 55968
5131 35529 55968
112231 25698 64242
25698 64242 112231
64242 25698 112231
51120 70723 71759
70723 51120 71759
71759 51120 70723
116382 30554 36259
36259 30554 116382
30554 36259 116382
9668 4009 148692
148692 4009 9668
4009 9668 148692
42510 62496 91722
91722 42510 62496
62496 42510 91722
84954 44625 74373
44625 74373 84954
74373 44625 84954
73642 1175 80453
1175 73642 80453
80453 1175 73642
16877 26482 85675
26482 16877 85675
85675 16877 26482
148714 9012 12269
12269 9012 148714
9012 12269 148714
61233 220 2306
2306 220 61233
220 2306 61233
4185 139988 142693
142693 4185 139988
139988 4185 142693
109211 34381 124371
124371 34381 109211
34381 109211 124371
117419 46734 80377
46734 80377 117419
80377 46734 117419
59829 119547 126459
126459 59829 119547
119547 59829 126459
111935 46718 89942
89942 46718 111935
46718 89942 111935
85720 39264 119427
39264 85720 119427
119427 39264 85720
76430 13445 44882
13445 44882 76430
44882 13445 76430
53361 7459 144213
7459 53361 144213
144213 7459 53361
102588 80640 136171
80640 102588 136171
136171 80640 102588
27882 107706 112095
112095 27882 107706
107706 27882 112095
93002 42300 107318
107318 42300 93002
42300 93002 107318
96909 5625 80550
80550 5625 96909
5625 80550 96909
17726 72205 72425
72425 17726 72205
72205 17726 72425
131020 3839 17251
17251 3839 131020
3839 17251 131020
103094 57591 90889
57591 90889 103094
90889 57591 103094
145731 74486 110987
74486 110987 145731
110987 74486 145731
59603 26890 114376
114376 26890 59603
26890 59603 114376
85521 42715 68434
42715 68434 85521
68434 42715 85521
6230 27232 39629
39629 6230 27232
27232 6230 39629
46342 120471 136416
120471 46342 136416
136416 46342 120471
102710 90390 90988
90390 90988 102710
90988 90390 102710
86171 91094 107332
91094 86171 107332
107332 86171 91094
44184 101491 137565
137565 44184 101491
101491 44184 137565
84439 206 128691
206 84439 128691
128691 206 84439
113580 30243 129485
129485 30243 113580
30243 113580 129485
22628 5607 91229
91229 5607 22628
5607 22628 91229
19103 24059 47111
24059 19103 47111
47111 19103 24059
133700 87434 106741
106741 87434 133700
87434 106741 133700
10269 53625 140671
140671 10269 53625
53625 10269 140671
121350 127247 127792
127792 121350 127247
127247 121350 127792
45287 97306 100215
100215 45287 97306
97306 45287 100215
5712 53603 83595
53603 5712 83595
83595 5712 53603
21548 130869 147887
130869 21548 147887
147887 21548 130869
70133 70561 142423
142423 70133 70561
70561 70133 142423
119017 76118 84479
84479 76118 119017
76118 84479 119017
131779 44868 130047
44868 130047 131779
130047 44868 131779
47305 29021 93967
29021 47305 93967
93967 29021 47305
149677 20226 44598
20226 44598 149677
44598 20226 149677
120898 96042 138867
96042 120898 138867
138867 96042 120898
84565 12712 130458
130458 12712 84565
12712 84565 130458
19113 109871 112369
109871 19113 112369
112369 19113 109871
22068 99769 142972
99769 22068 142972
142972 22068 99769
146962 49621 126144
49621 126144 146962
126144 49621 146962
120084 27434 134519
134519 27434 120084
27434 120084 134519
56714 1237 55944
55944 1237 56714
1237 55944 56714
115259 591 110903
110903 591 115259
591 110903 115259
64546 23631 67985
23631 64546 67985
67985 23631 64546
16120 17328 78556
78556 16120 17328
17328 16120 78556
39640 22242 142147
142147 22242 39640
22242 39640 142147
116201 6975 23860
6975 23860 116201
23860 6975 116201
71225 69281 79984
79984 69281 71225
69281 71225 79984
77138 17688 108170
108170 17688 77138
17688 77138 108170
65424 108937 115356
115356 65424 108937
108937 65424 115356
100239 64724 115736
64724 100239 115736
115736 64724 100239
44646 23070 32168
32168 23070 44646
23070 32168 44646
81068 36667 139790
36667 81068 139790
139790 36667 81068
19617 4254 143923
143923 4254 19617
4254 19617 143923
124659 42248 116290
116290 42248 124659
42248 116290 124659
50088 16097 42733
16097 42733 50088
42733 16097 50088
27243 79545 93037
79545 27243 93037
93037 27243 79545
6914 107548 138351
138351 6914 107548
107548 6914 138351
19246 7268 143039
143039 7268 19246
7268 19246 143039
93055 93326 103577
103577 93055 93326
93326 93055 103577
89216 87021 140400
140400 87021 89216
87021 89216 140400
52342 104485 117152
104485 52342 117152
117152 52342 104485
8492 14035 70833
70833 8492 14035
14035 8492 70833
9686 25934 35929
25934 9686 35929
35929 9686 25934
59975 90189 122372
122372 59975 90189
90189 59975 122372
38668 40201 147288
40201 38668 147288
147288 38668 40201
146394 43929 68361
43929 68361 146394
68361 43929 146394
29514 1649 45514
1649 29514 45514
45514 1649 29514
121434 7146 55515
55515 7146 121434
7146 55515 121434
142403 9282 92435
92435 9282 142403
9282 92435 142403
13029 27710 95558
95558 13029 27710
27710 13029 95558
95304 23327 82900
23327 82900 95304
82900 23327 95304
68193 10151 147374
147374 10151 68193
10151 68193 147374
54862 76946 92651
76946 54862 92651
92651 54862 76946
124270 7071 114712
7071 114712 124270
114712 7071 124270
2908 14500 98789
98789 2908 14500
14500 2908 98789
3225 26493 134582
26493 3225 134582
134582 3225 26493
102903 58625 131914
131914 58625 102903
58625 102903 131914
57753 126311 130196
126311 57753 130196
130196 57753 126311
120050 62046 92793
62046 92793 120050
92793 62046 120050
29711 17451 90307
17451 29711 90307
90307 17451 29711
70139 65673 95934
65673 70139 95934
95934 65673 70139
135370 45430 89463
89463 45430 135370
45430 89463 135370
3075 20096 84864
84864 3075 20096
20096 3075 84864
30498 4822 56494
56494 4822 30498
4822 30498 56494
114097 94384 116903
116903 94384 114097
94384 114097 116903
65940 2125 75633
75633 2125 65940
2125 65940 75633
2490 95431 148812
148812 2490 95431
95431 2490 148812
141310 47556 101372
101372 47556 141310
47556 101372 141310
48534 10241 65915
65915 10241 48534
10241 48534 65915
87528 10307 72343
10307 72343 87528
72343 10307 87528
49502 16644 142687
16644 49502 142687
142687 16644 49502
82187 8718 16999
8718 16999 82187
16999 8718 82187
93128 43796 84150
43796 84150 93128
84150 43796 93128
50778 12825 37312
12825 37312 50778
37312 12825 50778
59996 39086 117377
117377 39086 59996
39086 59996 117377
90337 19101 84402
19101 84402 90337
84402 19101 90337
143688 9437 79156
79156 9437 143688
9437 79156 143688
44478 6684 138004
138004 6684 44478
6684 44478 138004
39767 71110 108376
108376 39767 71110
71110 39767 108376
47164 15589 139273
15589 47164 139273
139273 15589 47164
80549 95715 148546
95715 80549 148546
148546 80549 95715
107799 74392 83570
83570 74392 107799
74392 83570 107799
74133 9454 78835
78835 9454 74133
9454 74133 78835
60278 96418 136745
136745 60278 96418
96418 60278 136745
120720 26950 131147
131147 26950 120720
26950 120720 131147
18385 33953 97940
33953 18385 97940
97940 18385 33953
25458 95006 110145
95006 25458 110145
110145 25458 95006
8540 74481 93484
74481 8540 93484
93484 8540 74481
33810 4273 68207
4273 33810 68207
68207 4273 33810
109154 80782 144173
80782 109154 144173
144173 80782 109154
101740 5977 41686
41686 5977 101740
5977 41686 101740
17870 23528 48428
48428 17870 23528
23528 17870 48428
11841 57557 105499
105499 11841 57557
57557 11841 105499
113064 37975 104312
104312 37975 113064
37975 104312 113064
142274 26782 86183
86183 26782 142274
26782 86183 142274
138942 5573 127439
5573 127439 138942
127439 5573 138942
131630 101538 112716
101538 112716 131630
112716 101538 131630
59133 27427 66606
66606 27427 59133
27427 59133 66606
59888 120052 123680
123680 59888 120052
120052 59888 123680
102508 68161 118227
118227 68161 102508
68161 102508 118227
4099 15156 59280
15156 4099 59280
59280 4099 15156
8287 75936 85127
75936 8287 85127
85127 8287 75936
111762 35266 52131
52131 35266 111762
35266 52131 111762
45655 31412 106755
31412 45655 106755
106755 31412 45655
66524 52999 127104
127104 52999 66524
52999 66524 127104
125620 18626 60555
18626 60555 125620
60555 18626 125620
132814 11441 16614
11441 16614 132814
16614 11441 132814
73105 58535 145964
145964 58535 73105
58535 73105 145964
39102 73230 136791
136791 39102 73230
73230 39102 136791
125205 14743 19241
14743 19241 125205
19241 14743 125205
64431 25086 86259
86259 25086 64431
25086 64431 86259
145966 51820 107310
107310 51820 145966
51820 107310 145966
12127 72777 106366
72777 12127 106366
106366 12127 72777
131175 54331 80770
80770 54331 131175
54331 80770 131175
139640 40936 130992
130992 40936 139640
40936 130992 139640
113259 69627 97688
69627 97688 113259
97688 69627 113259
134410 9332 56949
9332 56949 134410
56949 9332 134410
149155 51943 68260
51943 68260 149155
68260 51943 149155
116738 26243 39373
39373 26243 116738
26243 39373 116738
120900 26634 141182
26634 120900 141182
141182 26634 120900
62407 63183 94281
94281 62407 63183
63183 62407 94281
82177 55272 63058
63058 55272 82177
55272 63058 82177
73324 13303 33387
13303 33387 73324
33387 13303 73324
130542 30771 101297
30771 101297 130542
101297 30771 130542
108627 54628 94570
54628 94570 108627
94570 54628 108627
75021 1368 7795
7795 1368 75021
1368 7795 75021
30701 15970 115531
115531 15970 30701
15970 30701 115531
130863 49591 75932
75932 49591 130863
49591 75932 130863
23915 80366 111067
80366 23915 111067
111067 23915 80366
98527 19285 61698
19285 61698 98527
61698 19285 98527
46821 119110 124472
119110 46821 124472
124472 46821 119110
100426 81644 82764
82764 81644 100426
81644 82764 100426
64084 114553 135076
135076 64084 114553
114553 64084 135076
130420 7634 144356
144356 7634 130420
7634 130420 144356
2433 5144 21247
21247 2433 5144
5144 2433 21247
39763 64169 75720
75720 39763 64169
64169 39763 75720
114121 39482 62558
39482 62558 114121
62558 39482 114121
128581 2927 97472
2927 97472 128581
97472 2927 128581
64315 11187 51204
51204 11187 64315
11187 51204 64315
76309 34528 131559
131559 34528 76309
34528 76309 131559
80514 4036 11432
11432 4036 80514
4036 11432 80514
43978 89324 98590
89324 43978 98590
98590 43978 89324
41929 17249 144839
144839 17249 41929
17249 41929 144839
47511 118276 146683
118276 47511 146683
146683 47511 118276
120503 4580 28562
4580 28562 120503
28562 4580 120503
104998 21309 47267
47267 21309 104998
21309 47267 104998
28079 28801 81263
28801 28079 81263
81263 28079 28801
92931 92726 103017
103017 92726 92931
92726 92931 103017
109146 21113 78471
78471 21113 109146
21113 78471 109146
26049 62000 147817
62000 26049 147817
147817 26049 62000
119170 30110 83795
30110 83795 119170
83795 30110 119170
88821 7002 54339
54339 7002 88821
7002 54339 88821
63136 26708 77148
77148 26708 63136
26708 63136 77148
53893 103572 133421
133421 53893 103572
103572 53893 133421
143375 42622 73618
73618 42622 143375
42622 73618 143375
89181 33006 103561
103561 33006 89181
33006 89181 103561
42834 108981 149776
149776 42834 108981
108981 42834 149776
22797 17767 97236
97236 17767 22797
17767 22797 97236
728 20438 25889
20438 728 25889
25889 728 20438
65222 27409 121433
121433 27409 65222
27409 65222 121433
41849 23214 71594
71594 23214 41849
23214 41849 71594
146024 14982 124469
14982 124469 146024
124469 14982 146024
77208 66280 90321
90321 66280 77208
66280 77208 90321
7127 123411 145179
123411 7127 145179
145179 7127 123411
114713 29842 125376
125376 29842 114713
29842 114713 125376
137096 51279 132513
132513 51279 137096
51279 132513 137096
52188 25802 87313
25802 52188 87313
87313 25802 52188
93644 54500 143009
143009 54500 93644
54500 93644 143009
52951 103388 127749
103388 52951 127749
127749 52951 103388
38222 56753 77098
77098 38222 56753
56753 38222 77098
76947 4842 142236
142236 4842 76947
4842 76947 142236
125801 10644 32190
10644 32190 125801
32190 10644 125801
147880 47741 56015
56015 47741 147880
47741 56015 147880
14723 12275 79504
12275 14723 79504
79504 12275 14723
133859 84566 128710
128710 84566 133859
84566 128710 133859
100302 58738 111979
111979 58738 100302
58738 100302 111979
87792 24738 99711
24738 87792 99711
99711 24738 87792
131711 5011 25616
25616 5011 131711
5011 25616 131711
42318 2143 142223
2143 42318 142223
142223 2143 42318
33962 65542 85222
85222 33962 65542
65542 33962 85222
131507 1905 124075
124075 1905 131507
1905 124075 131507
130856 17222 68070
68070 17222 130856
17222 68070 130856
13335 143534 145514
145514 13335 143534
143534 13335 145514
15637 85550 126341
85550 15637 126341
126341 15637 85550
82449 39312 62105
62105 39312 82449
39312 62105 82449
148872 64247 79456
64247 79456 148872
79456 64247 148872
109551 135 138222
135 109551 138222
138222 135 109551
17691 585 28452
28452 585 17691
585 17691 28452
129511 129858 134168
129858 129511 134168
134168 129511 129858
98616 8061 23899
8061 23899 98616
23899 8061 98616
47213 94145 100310
100310 47213 94145
94145 47213 100310
135594 68574 78058
68574 78058 135594
78058 68574 135594
107366 41711 110737
41711 107366 110737
110737 41711 107366
40761 15992 62394
62394 15992 40761
15992 40761 62394
8193 50009 124457
50009 8193 124457
124457 8193 50009
57268 32658 68374
68374 32658 57268
32658 57268 68374
18884 2849 142143
142143 2849 18884
2849 18884 142143
47824 1938 90857
90857 1938 47824
1938 47824 90857
94827 105248 107958
107958 94827 105248
105248 94827 107958
115712 67456 73100
73100 67456 115712
67456 73100 115712
2991 41490 100355
100355 2991 41490
41490 2991 100355
68060 11489 96967
11489 68060 96967
96967 11489 68060
88071 54578 95524
54578 88071 95524
95524 54578 88071
28982 32129 132475
32129 28982 132475
132475 28982 32129
92643 40321 98005
98005 40321 92643
40321 92643 98005
19283 112873 139437
139437 19283 112873
112873 19283 139437
73964 41175 56748
56748 41175 73964
41175 56748 73964
149797 65218 92423
92423 65218 149797
65218 92423 149797
142224 47388 89351
47388 89351 142224
89351 47388 142224
68181 99092 123952
123952 68181 99092
99092 68181 123952
74587 45610 51856
45610 51856 74587
51856 45610 74587
86208 24597 122892
24597 86208 122892
122892 24597 86208
88508 22804 121481
22804 88508 121481
121481 22804 88508
3520 12432 148940
12432 3520 148940
148940 3520 12432
143128 106424 120243
106424 120243 143128
120243 106424 143128
148220 38367 135258
38367 135258 148220
135258 38367 148220
128645 36351 145734
36351 128645 145734
145734 36351 128645
92832 113886 144147
144147 92832 113886
113886 92832 144147
131776 1154 98207
98207 1154 131776
1154 98207 131776
135003 6700 149101
149101 6700 135003
6700 135003 149101
136384 8810 104097
104097 8810 136384
8810 104097 136384
131925 14439 65726
65726 14439 131925
14439 65726 131925
107830 41342 45467
45467 41342 107830
41342 45467 107830
65710 95156 139774
95156 65710 139774
139774 65710 95156
59871 55021 123255
123255 55021 59871
55021 59871 123255
48640 44171 145449
145449 44171 48640
44171 48640 145449
130006 123840 145671
123840 130006 145671
145671 123840 130006
133445 37138 43515
37138 43515 133445
43515 37138 133445
11037 11276 133698
11276 11037 133698
133698 11037 11276
67731 89161 105305
89161 67731 105305
105305 67731 89161
851 6839 91587
6839 851 91587
91587 851 6839
64432 4757 76071
76071 4757 64432
4757 64432 76071
97409 31059 143596
143596 31059 97409
31059 97409 143596
130639 11368 108244
108244 11368 130639
11368 108244 130639
64001 68419 135078
68419 64001 135078
135078 64001 68419
50982 15502 146343
15502 50982 146343
146343 15502 50982
129962 2572 85301
85301 2572 129962
2572 85301 129962
66585 82214 113749
82214 66585 113749
113749 66585 82214
114476 66544 68412
66544 68412 114476
68412 66544 114476
83194 1976 115060
115060 1976 83194
1976 83194 115060
147488 128931 133396
133396 128931 147488
128931 133396 147488
69311 29549 57955
57955 29549 69311
29549 57955 69311
83681 83481 117578
117578 83481 83681
83481 83681 117578
60880 28694 82772
82772 28694 60880
28694 60880 82772
84302 51314 108677
51314 84302 108677
108677 51314 84302
35662 13759 143760
143760 13759 35662
13759 35662 143760
106557 34534 78252
34534 78252 106557
78252 34534 106557
101732 2950 110630
2950 101732 110630
110630 2950 101732
72251 9783 65490
9783 65490 72251
65490 9783 72251
41840 47889 100539
47889 41840 100539
100539 41840 47889
44762 93457 118493
118493 44762 93457
93457 44762 118493
91714 136050 139296
139296 91714 136050
136050 91714 139296
145897 29157 134174
29157 134174 145897
134174 29157 145897
106867 31644 91377
91377 31644 106867
31644 91377 106867
88633 71588 134299
134299 71588 88633
71588 88633 134299
97698 58303 128081
58303 97698 128081
128081 58303 97698
123353 40908 58825
40908 58825 123353
58825 40908 123353
76700 8681 125957
8681 76700 125957
125957 8681 76700
102650 44283 48134
48134 44283 102650
44283 48134 102650
30485 44896 79582
79582 30485 44896
44896 30485 79582
128369 107482 140909
140909 107482 128369
107482 128369 140909
145520 72725 73514
73514 72725 145520
72725 73514 145520
135260 18345 21176
21176 18345 135260
18345 21176 135260
113546 21728 82907
82907 21728 113546
21728 82907 113546
133165 25797 27547
25797 27547 133165
27547 25797 133165
41334 113566 140060
113566 41334 140060
140060 41334 113566
62290 8184 130951
8184 62290 130951
130951 8184 62290
60967 29034 62862
62862 29034 60967
29034 60967 62862
141837 118619 141070
118619 141070 141837
141070 118619 141837
94015 107360 114122
107360 94015 114122
114122 94015 107360
42690 19228 65267
65267 19228 42690
19228 42690 65267
130338 14262 24614
14262 24614 130338
24614 14262 130338
52993 109965 139057
139057 52993 109965
109965 52993 139057
10024 74096 118962
118962 10024 74096
74096 10024 118962
41743 115614 120188
115614 41743 120188
120188 41743 115614
80424 53771 149195
53771 80424 149195
149195 53771 80424
97419 128043 141606
141606 97419 128043
128043 97419 141606
143438 25222 118373
118373 25222 143438
25222 118373 143438
136987 109631 115608
115608 109631 136987
109631 115608 136987
59601 83517 124650
124650 59601 83517
83517 59601 124650
71302 91060 132255
91060 71302 132255
132255 71302 91060
82698 9021 111279
111279 9021 82698
9021 82698 111279
65478 24213 108168
108168 24213 65478
24213 65478 108168
72038 93097 103762
103762 72038 93097
93097 72038 103762
114249 102134 109611
109611 102134 114249
102134 109611 114249
14194 108444 115027
108444 14194 115027
115027 14194 108444
66146 118872 136553
118872 66146 136553
136553 66146 118872
39115 547 42372
547 39115 42372
42372 547 39115
130866 35684 98111
98111 35684 130866
35684 98111 130866
51240 101710 130612
130612 51240 101710
101710 51240 130612
29190 70022 95748
70022 29190 95748
95748 29190 70022
36298 90557 108422
90557 36298 108422
108422 36298 90557
10433 45177 126978
126978 10433 45177
45177 10433 126978
90312 4832 51191
4832 51191 90312
51191 4832 90312
142657 6342 77795
6342 77795 142657
77795 6342 142657
147580 103146 145224
145224 103146 147580
103146 145224 147580
20221 67599 110936
67599 20221 110936
110936 20221 67599
76650 21214 113461
21214 76650 113461
113461 21214 76650
66761 36099 107397
36099 66761 107397
107397 36099 66761
70748 24372 107618
24372 70748 107618
107618 24372 70748
125000 23555 34567
34567 23555 125000
23555 34567 125000
23254 27403 57149
57149 23254 27403
27403 23254 57149
140000 38126 70100
70100 38126 140000
38126 70100 140000
130229 71823 91277
91277 71823 130229
71823 91277 130229
62242 27250 145306
145306 27250 62242
27250 62242 145306
114338 52894 92367
52894 92367 114338
92367 52894 114338
134032 75915 124712
75915 124712 134032
124712 75915 134032
13769 6262 7144
6262 7144 13769
7144 6262 13769
112157 66895 135436
135436 66895 112157
66895 112157 135436
126748 24580 136238
24580 126748 136238
136238 24580 126748
98544 29728 86776
29728 86776 98544
86776 29728 98544
72345 34514 96614
96614 34514 72345
34514 72345 96614
11528 30210 104719
104719 11528 30210
30210 11528 104719
120513 25967 132071
25967 120513 132071
132071 25967 120513
93694 60380 79491
60380 79491 93694
79491 60380 93694
102368 40694 121941
40694 102368 121941
121941 40694 102368
112345 76158 140508
76158 112345 140508
140508 76158 112345
62518 532 122633
532 62518 122633
122633 532 62518
42304 38254 124762
